Date,S43,S44,S45,S46,S47,S48,S49,S50,S51,S52,S53,S54,S55,S56,S57,S58,S60,S61,S62,S63,S64,S65,S66,S67,S68,S69,S70,S71,S72,S73,S74,S75,S76,S77,S78,S79,S80,S81,S82,S83,S84,S85,S86,S87,S88,S89,S90,S91,S92,S93,S94,S95,S96,S97,S98,S100,S101,S102,S103,S104,S105,S106,S107,S108,S109,S110,S111,S112,S113,S114,S115,S116,S117,S118,S127,S130,S131,S132,S133,S134,S135,S136,S137,S138,S139,S140,S141,S142,S143,S144,S145,S146,S147,S148,S166,S167,S168,S171,S173,S174,S176,S177,S178,S179,S180,S181,S182,S183,S184,S185,S187,S188,S189,S190,S191,S192,S193,S194,S195,S196,S197,S198,S199,S200,S201,S203,S204,S205,S206,S207,S208,S209,S210,S211,S212,S213,S214,S215,S216,S217,S218,S219,S220,S221,S223,S224,S225,S226,S227,S228,S229,S230,S240,S241,S242,S243,S244,S252,S259,S265,S266,S267,S268,S269,S273,S274,S275,S279,S282,S285,S288,S289,S292,S294,S295,S302,S304,S307,S309,S311,S313,S315,S316,S320,S321,S322,S324,S325,S326,S327,S328,S329,S330,S331,S332,S333,S334,S336,S337,S338,S339,S340,S341,S342,S343,S344,S345,S346,S347,S348,S349,S350,S351,S352,S353,S354,S355,S356,S357,S358,S360,S361,S362,S363,S364,S365,S366,S367,S368,S369,S371,S372,S373,S374,S375,S376,S377,S378,S379,S380,S381,S382,S383,S384,S386,S387,S388,S389,S390,S391,S392,S393,S394,S395,S396,S397,S398,S399,S400,S401,S402,S403,S404,S405,S406,S407,S408,S409,S411,S412,S413,S416,S418,S420,S422,S424,S427,S428,S429,S430,S431,S432,S433,S436,S437,S439,S440,S441,S443,S445,S446,S447,S448,S452,S453,S454,S457,S458,S459,S460,S461,S462,S463,S464,S465,S466,S467,S468,S469,S470,S471,S472,S473,S474,S476,S477,S478,S479,S480,S481,S482,S490,S491,S492,S493,S494,S495,S496,S498,S499,S500,S501,S502,S504,S505,S506,S507,S508,S509,S510,S511,S512,S513,S514,S515,S516,S517,S518,S519,S522,S523,S525,S527,S528,S529,S530,S531,S540,S541,S542,S544,S550,S551,S554,S555,S556,S558,S560,S561,S563,S564
1941-01-01,58,27,36.6,30.5,175,66.7,53.6,135,64,69.2,97.7,31,90,62,43,106,116,56,145,20,118,147,81,146,77,45,58,77,75.5,140.9,56.5,115,120.5,60,47,103,130,128.6,95,86,114,96,95,135,63.7,94,63.8,91.3,98,198,124,224,77,91.3,66.7,159,67,102,102,46,132,78,133,204,59.7,86,76,63,30,49.8,50.1,74,43.4,93,26.1,82.1,58.6,91.3,72.7,68.9,79.1,63.2,72.7,70.5,76.2,80.6,87,68.9,94.2,89.6,69.7,105.8,96.6,84.6,42.8,43,38.2,40.3,42.4,35.5,36.1,43.1,44.9,31,26.7,35,35.8,105.1,114.3,113.5,69.1,119.5,89.2,107.6,91.3,80.6,91.5,91.1,98.8,96.4,100.9,79.6,69.6,89.3,74.2,59.2,50.8,52.7,46.9,51.8,45.6,26.3,28.2,67.4,60.7,53.1,51.4,52,61.4,73.3,89.8,61.6,57.2,44.8,37.3,67.9,57.5,79.9,66,83.4,122.7,39.7,68.7,73,93.5,136,62.1,19.7,7.7,44.2,39.2,65,46.8,24,39,26,43,45.3,36,47,37,33,27.8,64.1,66.4,75,40.7,60,26,31.8,46.8,46,29.3,62.5,29.4,41.5,49.1,40,69.1,47.4,41.7,24.9,52.9,57.6,158,54.8,58.6,60.4,56.6,56.9,17,29,55.2,26,31.1,69.8,51.6,44.2,125,57.9,60,51,41.4,49.7,48,59.1,39,35.4,36.2,67,58.4,35,33.1,35.4,61.5,55.1,37,29.1,30,39,65.9,13,46.4,32.1,55.7,44,37.6,28.3,13,31.4,34,20,30.5,40.4,44.9,82.5,17.7,24.8,34.9,35.9,45.9,22,49.7,112,10,31.1,84.6,47,41.6,52.7,23.6,27.5,55,34,23,46.9,30.5,30.7,42.2,44.8,52.7,55.2,46.9,30,62.5,60.9,56.4,80,82,38,53,35,55,25,59.9,53.6,50.9,38.1,77.7,56.2,48.1,56,59.4,40.4,48.6,65.2,30.1,37.8,66.9,49.7,38.4,44.2,50.2,29.1,40.2,46,52.2,45.7,45.9,67,61.2,46.2,67.6,51.4,46.9,53.5,40.1,49.9,38.2,54.7,52.8,51.3,51.4,54.4,65.4,51.2,64.3,60,50.1,58.6,56.4,50.5,46.2,64.4,64.7,58.2,63.8,65.8,54.1,62.8,55.6,43.2,39.7,35,41.3,54,44.9,28.6,52.6,46,32.7,18,71.8,55.9,47,48,87,67,77,36,45.2,67,63,53,38,54,45,86,61,89,63.8
1941-02-01,51,113,68.1,56.9,248,142.4,114.5,89,71,109,123.6,133,145,114,206,120,179,117,103,147,133,102,95,159,74,139,114,58,101.2,118,77,114.8,118.4,85,154,126,69,121.5,46,135,92,99,98,129,71,172,105.3,104.7,71,72,58,65,81,106,84.6,111,147,90,90,43,60,86,57,63,71.9,229,153,199,77,75,80.4,76,44.1,77,48.6,101,82.9,105.7,97.7,70.7,83.4,80.7,75.5,91.1,98.4,82.4,94.2,97.8,90,106.4,97.3,117.4,82.5,85,54.7,55.8,35.1,63.4,43.9,48.2,50.1,60.1,42.7,38.4,45.7,43.3,45.3,115.7,128.1,120.3,98.5,109.8,94.7,114.5,110.6,99.9,98.7,119.6,109.7,118.5,117.3,91.5,101.5,101.4,74.1,88.5,72.9,73.5,75.2,69.1,79.6,47.4,54.3,104.5,76.3,71.9,69.9,82.4,65.2,79.1,106.8,88.5,92.7,67.1,50.6,99.8,53,112,73.4,99.6,99.7,59.2,77.3,84.1,92.7,91,90.2,23.7,14.1,72.4,61.5,72.9,137.3,120,63,64,101,95.6,182,118,114,109.2,70.5,116.6,106.1,63,107.4,103.7,64,89.2,105.7,115,95.6,127,134,117,119,125,104.2,96.2,104.3,106.6,84,120,82,108.1,122.4,96.6,98,103.4,94.5,43.3,115.3,179,103,118,115.3,100.5,147,122.5,117.7,109.2,97.2,118.1,109.1,106.5,73,74,90.9,85,109.7,68,101.5,94.9,119.3,97.7,102,78.3,144,50,131.8,136,100,99.3,131,92,103.1,70,141,106.4,113,119,104.2,98.8,111.4,85.8,71.4,97.1,97.7,115.6,112.2,90,111.5,113,175,99.7,123.7,111.4,110.3,120.1,70.1,89.4,179,97.8,85,110,77.7,100.9,92.8,114.7,119.9,101.5,101.2,65,103.6,87.1,79.1,45,116,111,136,67,88,84,95.8,100.7,99.4,83,105.8,84.8,104.3,108,126,103,128.3,122.1,101.8,134.8,103.4,113.6,69,92.3,83.4,78.8,92,93.8,117.7,103.4,93.7,95.7,106.4,106.4,102,114.4,83.7,125.3,94.8,97,64.4,160.2,76.2,106.8,102.7,105.6,89.9,85.8,74.6,103.7,90.3,123.9,107.3,109.9,84.7,140.3,149.4,149.4,154,150.4,148.4,123.7,126.6,125.6,107.3,99.8,119.7,121.2,105.4,75.1,92.5,115,96.5,88,66.8,86.2,78,99,67,76,65,49,71.2,103,76,71,54,90,88,127,64,93,88.4
1941-03-01,98,36,61.7,48.7,139,104.7,136.7,111,55,88.7,133.8,180,151,155,106,60,151,78,100,136,104,82,35,113,65,34,69,61,87,132.2,80.8,128.5,142.9,89,193,119,154,141.2,65,213,157,78,109,89,89,125,117,125.2,43,81,108,99,69,114.8,85.2,115,171,68,130,49,105,62,110,124,73.1,154,184,151,110,113.2,66.7,84,37,9,39.9,81.3,70.7,88.4,87.9,64.2,81.9,65.1,66.3,84.1,82.9,81.9,92.8,77.5,92.7,93.7,89.1,96.1,84.2,72.1,45.1,49.7,38.2,41.2,32.3,37.9,35.1,47.9,37.6,37.5,32.7,33.8,43.4,89.4,124.2,112.4,86.2,116.5,86.4,107.3,91.2,81.1,92.6,106,97.7,106.5,110,73.8,100.8,91.2,69.2,64.4,75.5,61.9,56.1,47.2,72.9,40.1,43,94.1,71,65.3,52.9,70.7,65.7,72.6,102.1,69.2,82.2,37.6,42,69.4,46.2,94.1,70,101.4,100.5,41.8,63.6,68,79.2,143,73.2,26.4,11,45.9,43.1,65.3,141.7,94,125.5,110,170,125,221,97,123,138.2,86.9,158.9,153.5,135,119.3,170.6,110,125.3,129.2,109,99.3,139,127.9,133.4,133.4,225,137.7,120.4,100.9,98.8,110.1,157.2,142,132.2,155,134.8,135,130.6,87,56.5,115.9,187,35,97,122.2,98.2,116,114.2,106.9,119.3,97.2,128,112.3,112.2,173,69,93.8,203,117,108,87.2,106.6,145.8,80,98.2,68.2,101,193,145.9,88,101,119.9,150.2,106,105.2,74.1,97,124.5,110,126,115.8,104,125.1,74.6,73.7,89.1,124.6,109.2,123.2,114,118.5,15,165,116.1,136.7,127.4,112.4,106,74.1,108.9,171,100.5,146,136.1,87.7,138.5,130.6,128.6,176.1,172.1,141.6,167,156.4,127.6,139.2,75,129,128,81,83,195,102,128.4,137.4,98.2,132.6,170.8,118.2,137.4,140,153.3,111.9,155.3,144.6,121.8,141.6,149.2,130.6,83.6,125.5,104.8,91.5,93.1,118.5,120.9,126.7,122.2,131.8,116.4,123.8,122.3,139.8,100.1,133.2,125,137.7,87.1,175.2,104.7,138.8,110.7,133.2,121.9,95.8,109,136.5,111.1,133.4,154.3,132.9,110.3,149.8,151.2,149.6,148.6,136.3,151.4,133,123.8,113,103.5,97.8,119.2,117.1,105.4,76.9,115.9,109,109.7,62,129.4,139.3,132,102,139,134,139,140,126.9,146,147,115,81,153,140,175,141,114,133.8
1941-04-01,37,0,13,10.7,56,28.7,37.1,75,13,37.5,54.1,30,34,50,133,22,90,31,95,50,46,41,15,69,16,24,21,16,29.6,71.1,25.4,53,55.2,91,39,58,57,50.9,80,5,74,101,108,65,26.8,5,28.3,36.4,19,44,29,28,30,42.3,26.6,47,23,44,46,9,23,42,45,51,18,15,24,39,107,60.2,43.1,26,16.1,46,14.8,42.7,25.6,54.1,48.8,34.9,39.5,28.3,28.1,44.6,42.8,37,37.2,27.6,50.1,41,36.7,46.8,43.2,29.6,19.7,29.6,18,18.6,18.3,17,17.1,28.6,18,17,15.4,12.1,14.6,45.6,53,53.1,30.6,61.7,47,53.1,53.9,46.6,40.4,46.3,49.2,51.6,46.9,58.5,33.3,47.1,46.1,26.8,30.6,30.2,21.2,36.1,29.9,14.3,23.1,34.5,37,24.7,27.8,27,27.3,32.9,46.8,25.6,29.2,18.8,18.3,34,16.5,33.5,27.5,48.6,79,17.3,34.9,33.6,35,37,32.8,10.7,5.7,18.9,19.7,30.9,34.7,11,62,33,15,41.8,60,35,31,33.3,36.2,59.5,61.1,77,33.9,67,33,31.1,43.4,25,26.8,42.6,17.4,33.9,49.5,79,60.4,43.3,17.6,18.2,51.8,58,50,52.9,66,49.2,55,49.5,32,14.3,26.4,34,31,27,19.6,20.8,54,32.9,27.2,27.8,16.3,25.6,31.5,25.3,25,16.2,19.9,59,30.1,28,16.2,18.1,40.6,22.6,18.9,14.6,68,29,50.9,18,28.4,19.7,41,32,18.1,17.7,20,23.1,31,38,31.3,32.2,34.5,58,18.2,18.4,30.6,21.3,32.9,47,31.3,64,80,23.9,32.6,44.5,26.7,40,20.7,24.3,17,28.4,30,45,28.3,33.3,28,33.2,54.4,61.5,40.6,67,59.5,55.9,58.8,76,88,66,34,38,48,35,43.2,41.5,16.4,35.7,74.1,56.5,36.4,9,55.1,33.4,27.7,57.3,26.8,30.3,39.8,34.6,32.4,39,32.2,29.6,34,29.5,36.6,37.3,39.7,46.3,37.9,28.4,43.2,41,32,29.5,28.4,32.5,32.5,26.9,44.6,38,36.9,39.5,49,40,53.8,48.4,30.4,45.1,42.4,47,43.1,40.6,46.3,42.2,34.3,42.9,42.2,37.8,23.6,24.6,27.9,22.7,30.4,31.6,21,19.8,41.8,25,33.6,22,21,45.7,34,37,41,40,40,42,38,38,33,27,24,34,27,31,29,23,39.1
1941-05-01,26,18,15.1,10.8,62,33.1,41,53,57,33.7,47.4,54,63,57,78,27,96,26,39,40,70,39,31,54,41,24,28,56,32,71.4,28.3,53.4,58.8,36,52,41,71,49.8,5,52,42,72,47,45,38.7,20,29.5,44.4,19,55,33,42,23,37.4,29.7,52,33,50,80,28,20,30,47,51,14.2,45,26,18,34,39.7,45.8,8,14.2,40,16.3,42.9,22.4,50.5,38,29.6,34.2,23.9,24,43,38.3,32.6,33.1,28.9,39.1,35.7,39.8,43.1,37.7,28.9,20.9,29,15.9,19.7,18.1,20.3,14.4,26.8,18.1,16.5,11.1,10.9,13.9,40.2,40,50.2,28.4,55.6,51.8,51.6,41.4,42,38.5,38.9,49.8,50.6,31.5,57.8,28.7,46.2,38.5,25.5,26.5,29.4,22.9,36.8,34.3,13.5,23.1,31,38,22.6,28,25.2,25.5,29.6,44.3,26.1,31.6,16.2,17.2,25.8,13.9,33.6,24.3,47.8,76.3,17.4,33.8,23.9,29.9,36,27.9,9.3,4,16.7,18.8,28,47.9,44,61.5,61,44,38.8,44,34,28,41.3,36.6,51.4,49.3,51,44.9,62.6,61,33.3,51.4,41,34.2,46.7,52.1,43.4,41.8,66,45,40.8,28.1,29.4,47.5,48.7,84,40.7,57.7,52.4,54.3,53.2,51,13.7,33.7,41,18,18,26.7,25.5,52,36.3,32.4,36.2,27.8,40.1,33.5,40.4,49,29.4,26.6,56,34.2,67,29.5,30.1,49.5,22.8,27.7,24.4,73,33,57.1,45,46.3,29.7,52.8,28,25.8,19.7,59,32.5,63,61,39.6,39.2,43.1,52.8,26,26.8,46.4,30.2,50.5,53,46.7,0,17,26.9,47.5,45.4,35.3,46,26.9,36.2,21,32.1,53,43.3,33.8,36.9,31,37.6,55,61.7,38.5,47,47.9,51.2,47.5,61,72,69,46,64,70,82,56.2,49.8,27.9,35.2,60.1,48.8,39,42,51.9,41.4,34.2,48.6,40.2,44.1,46.9,38.1,27.7,38,30.4,25.8,29.3,32.4,43.1,47.3,41.1,51.2,45.2,39.4,51.5,44.5,36.4,34,25.6,29.4,30.1,35,50.7,45,46.2,38.5,55,37.9,51.1,47.3,33.4,42.6,47.8,43.6,37.8,54.1,59.7,50.9,46.7,56.2,51.8,46,37.1,31.7,35.8,34.3,41.8,46.5,40.7,28,46.8,41,36.7,2,2.5,50.1,35,3,36,18,21,67,34.6,10,8,3,0,4,9,21,9,1,33.9
1941-06-01,1,0,0.8,1.8,12,5.9,4.9,8,0,4,16.6,0,15,4,0,1,4,5,17,10,2,10,4,16,0,0,0,0,4.8,14.1,1.9,11,14.2,4,0,13,7,12.1,25,0,21,5,0,4,3,17,1.6,7,5,3,10,24,8,11.9,7.2,7,3,4,21,7,12,0,2,6,3.2,0,2,5,3,3.7,20.6,2,3.5,5,13.9,13.9,17.8,22.5,13.2,13.3,8.9,13,14.6,17.6,22.4,11,11.3,10.5,15,11.7,13.5,11.8,12.3,7,6.5,16.6,11.3,8.1,11.3,9.9,9.4,23.8,11.3,10.4,4.6,8.9,13.8,16.3,19.7,13.8,9.1,20.2,22.5,12.5,11.8,12.3,9.5,11.4,21.9,8.7,15.4,14.8,6.1,28.9,8.6,6.1,8.7,12.5,13.9,20.3,10.8,4.8,6.3,11.6,14.6,9.2,18.8,13.6,10.9,16.3,9.7,7.2,32.8,9.3,7.1,8.6,7.1,11.8,9.6,18,25.3,10.6,10,20.5,9.5,13.3,11.6,18.1,12.8,8,7.8,14.9,3.2,0,9,0,0,2.4,0,0,4,3.3,3.9,7.5,3.1,4,3.5,2.8,0,3.5,2.8,3,6.4,4.6,3.9,2.9,9.6,8,8.3,3.7,5.8,4.1,4.8,12.5,1,2,11,7.7,2.8,5.7,0,7.9,1.9,0,5,0,0.8,4.8,8,2.7,4.5,4,1,2.3,3.8,5.4,0,4.9,2.3,0,1,0,0.8,0.5,3.6,13.3,1.3,1.5,0,0,7.4,0,2.3,8.8,7,4,4.9,7.5,0,2.7,0,1,3.1,1.4,3.9,24.3,3.6,1.4,3.3,2.5,3.3,0,2.7,42,0,2.9,8.1,2.2,4.2,4.1,2.6,2.6,0,5.7,6,1.4,2.8,2.6,3.4,3.1,6.8,4.5,10.5,8,4.6,3.7,3.5,0,2,2,1,0,0,1,10,12.3,5.4,7.6,15.5,8.3,10,1,10.1,10.3,12.3,13.6,2,2.8,6.5,8.6,3.9,10.2,8,11.7,9.7,9.6,8.8,5.4,13.1,11.5,11.2,10.5,13.3,16.3,15.1,7.2,12,7.5,8,7.7,13.6,9.6,8.7,12.1,11.8,12.7,6.3,8.5,10.6,12,12.3,16.7,12.8,14.3,17.1,15.7,10.4,12,14.6,6.1,10.4,11.8,10.2,5.5,6.2,12.6,5.4,5.3,3.7,3,5.3,19,11.7,5.7,0,7,0,3,0,2,4.4,19,12,7,12,6,9,14,15,8,9.7
1941-07-01,5,0,7.1,8,12,6.3,41.8,19,10,9.7,29.6,13,21,7,23,9,18,4,24,17,21,33,16,18,19,13,10,24,9.4,48.1,8.7,43.1,54.2,20,15,9,20,28,35,10,31,15,16,28,29.4,6,27,26.2,21,30,32,36,16,35.1,14.9,20,61,28,28,15,27,15,27,43,3.8,0,10,12,3,30.7,57.4,14,4.5,10,12.1,20.6,17.8,22.7,16.1,18.9,13.4,19.5,16.8,13.5,24.7,13.9,15.2,18.6,20.8,21.6,21.4,19.2,18,17,14.1,21.2,12.7,9.1,13,9,11,17.6,12.2,13.6,6.1,6.6,10.9,18.6,19.8,22,12.5,33,40.5,14.9,17.4,15.8,15.2,17.1,25.6,16.8,16.5,34.9,14.3,38,22.6,15.6,11.3,12.1,19.2,26.4,32.9,11.5,15.9,17.1,19.3,11.1,22.2,23.3,19.1,16.5,20.2,11.6,29.8,9.5,10.3,10.9,9.7,15.2,13.7,27.9,37.7,11.4,18.6,14.6,17.2,14,21.6,15.7,7.1,12.5,11.1,23.7,48.8,42,45,25,55,48,54,7,32,56,43.2,63.2,51.1,6,59.1,49.5,25,40.5,57.4,58,35.5,46.2,33.1,49.2,47.2,10,43.2,35.4,22.4,26.5,45.2,58.5,54,42,85,33.5,39.2,38.5,15,8.2,34.9,43,50,15,30.5,18.2,37,29.8,23,26.9,26.5,30,39.4,0,79,17.9,27.6,109,38.4,35,25.5,26.1,46.2,17.1,32.1,24,37,56,49.4,35,41.2,27.5,49.2,77,24.8,25.3,36,35.4,61,27,53.8,41.6,44.2,28,20.7,29,64,25.3,50,70,44.6,0,140,32,32.1,11,27.6,11,23.6,34.2,81,30.6,36,53.6,34.5,36.4,37.1,32.7,51.6,44.4,43.1,14,66,43,32.5,15,28,43,3,21,28,27,34.1,51.4,29.6,44.4,98.1,53.5,61.6,87,75.8,45,43.6,75.5,48.6,49.8,63.9,46.6,28,39.8,20.5,34.3,33.8,38.6,45.7,53.7,47.9,54.3,59.1,46.3,52.8,64.8,30.6,37.3,29.8,34.3,32.5,37,48.6,43.7,49.1,42.6,65.6,41.1,44.3,51.8,31.1,66.6,58.2,58.9,42.7,48,55.9,55.8,48.9,56.6,54,41.8,39.2,30,38,34.9,40.1,42,35.4,26.7,70.4,58,40.2,9,24.3,33,28,10,28,21,47,24,37.5,30,23,14,9,11,28,60,9,33,43.2
1941-08-01,19,25,2.6,2.5,8,3.8,10.3,12,0,1.9,17.9,0,10,0,0,0,40,2.3,14,0,4,1,0,10,0,0,0,1,3.6,10.5,2.9,14.3,20.5,1,0,0,8,13,5,17,33,5,2,4,4.1,5,4.8,17.6,0,7,4,4,0,18.6,12.4,7,13,6,18,2,1,0,8,3,1.5,5,0,0,11,10.6,25.6,12,4.9,19,12.7,14,14.4,19.1,14.5,19.5,9.9,12.6,9.5,18.5,11.2,8.6,14.2,17.2,13.2,9.2,14.1,13.5,14.9,8,7.1,14.1,14,7.4,10.7,9.1,9.9,20.9,10.9,10.2,6.3,7.7,9.2,17,20.4,18.8,10.5,25.7,23.8,13.3,11.9,13.8,9.7,9,26.1,12.6,15.6,17.7,6,23.5,10.2,5.9,9.4,12.7,10.6,33.5,16.7,6.7,8,8.6,9.1,8.1,18.5,17.8,12.9,7.6,10.7,6,32.8,5.6,9.4,6.9,8.1,10.7,7.8,13.5,25.9,9.4,4.3,16.5,7.6,8.4,9.8,15.9,11.4,10.1,8.7,14.4,9,0,7,25,0,5.6,0,10,1,3.4,10.8,15.9,17.9,7,5.4,14,25,5.2,5.6,0,8.8,6.7,1.4,3.9,13.9,23,7.9,9.3,8.3,2.3,9.2,15.7,38,5.9,16.4,12.9,13.8,19.5,10,6.8,6.9,1,0,0,2.9,3.7,11,2.6,2,4.4,1.1,0,4.5,15,0,1.4,2.1,0,4.3,3,2.1,4.2,5.3,10.9,3.6,1.5,7,0,10.2,0,1.1,7.9,10.7,2,1.6,3.7,1,3.6,0,1,2.7,3.6,8.4,37,2.3,2.5,5,2.2,0,0,3.6,13,0,2.5,7.1,8,2.8,5,3.8,3.8,10,6.9,3,4.5,4.8,7.1,7.1,5.4,13.2,15.2,11.3,15,9.1,10.2,7.8,16,10,16,8,20,3,23,18.1,15.7,11.8,13.3,26.3,11.4,16.1,0,18.9,10.8,14.4,18.3,3.1,2.2,7.8,11.4,12.6,13,11,16.6,13.2,13.9,11.8,9.4,13.9,15.8,13.9,11.3,19.9,16.7,14.3,8.6,15.6,11.4,11.3,8,14.5,12.1,9.5,14,10.1,15.1,13.3,12.8,13.9,17.8,16.3,24.2,16.3,15.8,19.5,8.1,10,15.9,14.5,9.4,11.1,10.3,9.1,6.9,6.9,16.3,10.5,10.4,7.7,0,4.9,16,38.5,21.8,22,12,21,16,15,36,25.4,30,17,26,29,16,32,33,36,27,33.5
1941-09-01,1,2,2.1,1.3,0,2.2,11.1,2,0,4,16.8,0,0,0,12,3,0,7,3,12,0,11,0,0,0,4,8,5,9.8,12.1,5.2,13.8,9.2,1,6,2,0,3.8,26,6,0,0,2,0,3.4,0,2.2,6.5,0,0,4,11,0,7.4,7.7,3,0,3,9,2,0,0,0,0,2.4,0,3,0,0,2.2,18.9,1,2.7,4,14.7,17.5,20.3,22.7,11.1,17.7,10.1,14.3,13.4,17.1,29.3,7.2,11.2,11.9,16.5,13.3,14,11.7,10.4,5.1,7.8,18.4,13.3,10.9,12.6,8.5,8.1,25.2,8.1,13.8,5,8.7,12.6,17.8,17.9,19.7,11.1,23,22.2,18.4,10.6,12.3,12.4,12.2,21.5,11.7,15.1,18.8,6.2,26.6,8.3,9.4,8.4,9.7,15.2,29.8,18.6,6.4,7.5,11.2,11.9,9.7,21.9,12.8,10.6,17.6,14.8,5.8,32.8,4.3,8.6,9.3,11.4,12.1,11.5,17.9,23.7,11.5,9.8,17.1,10.1,18.1,13.6,19,14.2,8,7.2,16.4,8.3,10,7.5,0,8,5.6,9,0,9,2.7,7.6,7,5.7,0,5.8,3.9,0,3.9,4.9,9,7.2,5.7,7.3,4.9,9.4,11,5,3.2,7.2,4.8,6.3,10.6,0,2.4,12.3,10.6,3.2,4.7,8.5,7.7,3.5,3,5,0,2.7,3.6,5,4.2,2,5.1,3.3,1,5.9,20,0,4.2,2.4,2,7.9,4,3.4,5,5.9,13.1,6.2,2,9,0,11.4,10,2.4,8.2,11.8,5,4.2,4,13,3.7,7,13,2.7,4.6,6.6,38,3.3,1.3,10,7.8,10,8,5.9,28,8,4.5,4.2,7,6.3,12,3.7,1.5,3,4.1,21,3.3,3.5,5.6,4.8,8.2,7.7,5.6,11.5,5,5.6,3.7,1.1,0,0,0,0,0,0,2,9.9,14.4,5.8,9.6,18.4,9.6,15.8,6,7.6,13.1,12.4,16.1,2.9,4.5,14.1,9.6,5,12.5,10.6,11.9,9.6,9.7,12.4,7.2,13.3,10.3,12.6,12.3,12.6,18.9,14.4,8.3,10.9,8.1,10.2,8.3,17.3,11.2,8.8,14,8.8,13.2,6.7,11.4,11.8,13.4,14.1,18.9,14.3,14.2,16.4,8.1,9.2,14.1,17.4,7.6,12.9,12.9,9.2,10,9.5,13.9,9.7,7.3,4.6,9,3.3,2,2,8.3,0,0,0,0,0,0,8.2,3,0,0,0,0,0,0,0,2,2.7
1941-10-01,0,0,7.6,8.5,54,28.3,23.6,58,38,24.4,43.3,0,34,0,22,72,26,53,113,8,11,51,48,62,29,34,34,40,28.9,59.5,19.8,47.4,59.8,46,25,9,47,44.2,40,17,102,50,30,64,20.9,82,27.2,40.2,25,49,81,52,25,34.6,31.9,50,55,14,33,61,31,10,48,30,20.1,28,7,12,46,41,42,5,7.3,0,14.5,34.4,21.8,33.9,29.7,30.5,24.6,24,19.4,29.8,32.4,27.5,28.8,25,34.2,32.3,29.9,37.6,34.5,24.8,13.4,21.6,12.8,13.4,18.1,10.4,13,27.6,13.8,10.1,7,9.1,13.8,35.6,27.9,41.7,20.3,49.6,42.2,38.3,34.4,31.6,32.7,33.2,34.9,33.3,31.7,53,23.5,28.6,38.6,19.6,17.5,23.7,18.3,33.9,29.9,11.4,21.9,26.1,25.5,15.3,26.1,26.7,26.1,29.5,25.2,17.6,30.5,15.3,15,26.9,16.2,30.1,20,40.6,50.2,12.5,33.1,19.6,28.8,28.5,23.4,8.4,6.2,15.8,11.7,18,27.3,17,70.5,36,55,34.3,67,42,53,27.6,26,46.8,51.5,38,28.3,54.2,36,24,31.7,28,19,37.6,21.1,26.8,37.8,83,37.6,34.3,15.2,17.9,40.7,45.4,29,44.9,50,34.9,36,37.3,36,18.4,27.2,79,0,0,19,16,28,28.8,11,22.4,13.1,13,28.4,18,33,12.2,13.9,86,16.3,50,12.2,13.4,32.7,18.9,18.3,13.3,33,1,27,9,32.5,17.5,36.5,57,11.2,15.1,10,18.1,13,23,24.9,26.3,30.5,38,16.1,10.4,14,14.1,8,8,24.9,108,6,19.4,23.4,12,18.4,7,18,20.9,13,23.8,5,37.6,24.7,28.9,24.5,26.2,43.4,47.5,41.8,44,45.9,38.3,28.8,40,59,35,30,33,52,29,35.9,35.8,17.4,31.2,57.4,38.5,36.9,20,46.1,34.7,26.6,49.5,28.3,23.5,35,25.1,25.3,35.3,29.7,25.5,24.1,28.5,33,33.8,34.5,41.1,31.8,29.3,38.2,31.4,27.4,25.2,24.3,31.5,25.9,25.9,34,28.2,31.1,36.1,40.5,34.4,39.5,42.5,26.4,35.5,42,35.9,27.2,33,38.5,42,29.2,38.3,36.7,30.8,20.9,20.4,21.7,14.8,20.6,23.5,17.6,13.6,29.6,28,26.3,21,30,27.7,26,38,27,45,25,21,32.2,26,26,27,29,41,22,18,22,36,41.4
1941-11-01,23,1,25.1,22.7,105,24.4,90.9,86,39,27.5,95.1,37,124,40,28,43,72,24,204,25,12,52,51,135,12,53,20,46,32.9,86.3,20.1,94.3,114.3,30,10,26,120,74,108,57,131,48,51,63,57.2,5,47,81.1,35,47,81,89,21,81.4,38.9,98,29,25,129,18,80,25,59,89,20.1,38,17,21,24,53.1,58.8,41,9,1,21.8,43.5,27.7,42.6,30.3,36.4,33.4,28.2,29.2,40,39.2,39.7,30.5,26.7,39.1,37.4,31.4,39.2,39.6,31.7,20.9,32.8,18.7,19.6,16.1,21.8,15.5,27.1,21.1,22.5,12.4,9.7,22.1,37.1,47.7,44,27.3,36.9,53.1,43.2,41.2,34.5,33.6,40.1,39.2,43,39.3,61.5,27.5,52.5,31.7,30.9,28.8,30.2,26.3,43,39.3,21.5,29.1,37.3,30.6,25.1,30.6,31.4,38.1,38.1,41.6,36.5,36.7,19.8,16.9,21.5,14.2,31.6,23.5,36.3,57,18.8,28,34.3,28.2,6,32.4,19.7,4.9,20,17.7,34.1,108.1,172,77,105,98,90.1,68,23,63,104.5,70.4,95.7,98.7,22,102.7,80.4,105,88.3,102.8,97,68.9,88.4,172.1,112.8,99.9,124,86.7,95.5,61,53.4,76.8,110.8,45,93.3,124.3,69.6,64.2,69.5,31,16.5,61.9,56,75,0,66.4,50.5,43,61.5,30,69.9,50.9,50,75.3,63,91,47.6,69.2,161,77.2,65,66.7,70,101,50.2,73.5,57.2,108,52,101.2,62,74.3,64.8,99.9,95,59.5,49.3,122,72,61,138,106.5,92.6,85.8,40,54.2,60.8,97,73.6,98,115,71,28,132,63.5,105.5,92,67,100,52.6,78.3,152,75.2,88,99.6,66.7,86.4,93.3,102.2,105.1,94.8,95.8,99,102.5,82.6,65.2,23,50,95,20,41,83,77,63.4,90.4,57.3,84,108.8,76.9,98,127,116.5,85,96.9,110.4,80.8,82.3,89.8,76.7,65.9,63.4,50,68.1,72.4,71.3,75.4,86.8,91.9,93.7,88.9,91.6,93,121.4,57.7,76.8,47.7,71.5,47.3,90.4,67.7,83.1,81.6,89.8,73.8,61.7,57.5,95.8,61.1,120.5,105.5,106.6,69.2,106.2,104.8,98.8,105.5,125.7,99.1,87.9,73.8,66.7,75.8,68.5,83.2,70.5,78.2,57.8,97.1,97,75.2,39,57.2,40.6,27,27,18,53,21,20,46.9,46,78,55,40,30,27,72,51,57,61.8
1941-12-01,64,24,23.9,28.4,19,33.8,65.1,60,51,38.8,63.2,77,22,20,30,34,111,39,79,61,65,45,53,24,55,106,27,58,47,73.9,42.6,70.3,92.5,21,92,68,44,59.5,140,40,68,64,30,52,47.5,44,40.6,54.7,81,72,56,71,6,62.9,40.2,57,3,55,31,31,94,12,59,107,31,65,20,39,29,41.9,42.4,7,16.8,33,26.2,58.8,36.4,56.7,56.9,49.3,50.7,39,37.4,56.9,48.8,45.9,54.9,44.6,54.8,56.2,51.9,55,59.1,44.6,26.1,33.3,20.2,26,22.7,27.6,21,29.2,32,21.4,15.5,16.7,20,61.9,62.5,78.4,47.8,63.8,69.6,75.1,50.7,62.3,55.6,57.7,68,72,56,70.6,35.6,62,48.5,40.2,35.1,40,31.7,52.7,42.2,23.5,21,52.3,40.8,41.7,35.8,34.4,35.7,44.3,59.6,37.4,33.2,25,23,37.8,21.5,49.1,37.2,61.1,68.2,22.7,41,42.6,47.6,45.1,46.2,13.4,7.6,25.9,24.7,47,64,62,37,35,81,48,61,30,33,62.5,32.7,56.6,54.4,21,64.5,53.8,35,45,61.8,58,37.2,66.6,81.8,64,46,78,45,51.7,47.7,43.8,48.3,52.7,40,42.1,87.7,51.3,47.6,47.6,39,25.9,52.2,34,75,0,56.1,47.5,109,58.8,86,56.5,40.2,63,57.7,74,7,39.5,47.9,39,64.8,116,39,57.8,70.7,44.7,48.9,38.1,61,101,70.9,47,58,45.8,76.6,51,44.9,35.2,32,50,36,71,57.3,48.6,64,222,26.3,27.6,91,46,51,44,59.8,182,164,45.4,90.3,54,41.5,52,34.8,37.4,101,48.2,0,56.9,42.8,43.3,48.6,48.2,69,79,52.5,102,56.7,39.7,34.1,52,13,14,29,28,42,75,53.9,62,51.8,41.8,78,47.5,63.6,102,94.7,50.1,72.8,60.6,52.2,65.2,75.8,60.6,45.5,40,48.8,38.6,42.6,55.7,71.6,64.1,57.9,68.1,70.7,62.4,73.4,68.8,43.3,64.7,35.9,65.9,38.8,76.2,51.8,56.6,51.6,51.9,63.5,51.1,53,64.9,43.3,63.9,77.2,58,42.9,62.9,71.1,76.3,59.3,78,61.9,60.2,58.1,49.1,52.3,46.5,54,57.3,56,42,69.6,58,37.6,79,96.6,75.4,48,44,47,85,98,60,56.6,104,112,93,80,88,119,60,129,61,72.8
1942-01-01,50,69,58.8,65.8,92,47.3,127.6,79,36,59.5,88.4,27,104,39,91,23,48,17,41,8,51,69,54,41,77,36,21,21,60.3,79.2,50,77,123.1,54,18,44,106,77.1,40,130,68,80,70,79,63.6,89,78.8,81.3,53,65,45,127,103,77.7,68,85,69,59,97,101,48,61,63,85,43.7,74,37,63,70,116.6,83.8,82,40.9,21,49.5,63.9,58.9,81.7,71.4,62.2,75,50.8,63,88.8,77.9,62.3,62.2,74.8,99.1,75.5,56.2,86.2,82.4,71.2,40.2,54,49.7,52.5,27.8,35.4,47.7,50.3,40.5,38.7,33.6,37.7,42.9,80.8,76.6,81.7,82.5,71.7,89.2,82.1,75.5,63,77,76.7,81,87.9,77.9,73.8,67.2,73.3,55.2,64.7,64,58.5,65.1,64.7,68.5,46.5,55.7,94.1,54.1,58.6,52.6,50,58.8,69.3,77.5,54.1,58.9,48.5,40.6,67.2,45.8,90.3,58,75.3,94.4,43.9,62.7,62,85.1,36.7,59.8,33.4,9.6,48.2,39.8,56.8,219.1,239,196,124,209,170.9,188,124,207,188.3,132.7,149.7,164.3,105,170.1,186.5,124,186,171.7,176,150.7,124.9,166.3,196,166.8,135,146.4,165.6,152,168.1,178.9,166.5,85,172.6,174.1,103.8,115.5,115,93,2,113.4,147,40,0,114.5,93.2,104,120.3,102,119.5,102.1,35,109.6,105,100,104.5,127.3,148,175.5,89,110.2,146.6,197,81.5,130.4,112,131,244,199.1,147,160.1,159.7,202.5,163,163.3,97.2,238,162.9,209,258,172,140.3,172.1,51,129.1,156,178,154.8,199,181,176.2,107,298,160.1,195.7,272,158.3,307,100.9,149.6,126,127.8,247,168.2,126,160.6,175.8,177.2,186.2,137,189.4,203,157.8,153.4,150.9,50,170,162,104,92,93,36,95.3,168.4,108.8,157.2,187.1,180.4,166.4,175,167.2,155.1,140.1,173.7,161.6,169,154.1,120.8,85.2,131.7,116.9,122.6,114,170,144.6,158.5,154.3,171,141.4,139.4,141.1,162,139.6,122.1,159.1,152.5,104.6,196.3,116.5,159.1,145,144.3,153.9,102.4,115.5,153.2,142.9,144.2,181.2,149.6,144.7,211.7,248.4,251.9,239.1,258.9,250.2,225.9,172.6,180.2,159.6,138.8,167.3,160.8,161.6,121.1,162.7,176,145.9,45,20,56.2,32,65,57,28,36,35,37.4,20,14,60,25,25,50,6,23,42,57.8
1942-02-01,63,18,112.1,138.3,293,159.8,189.9,208,179,128.6,207.2,180,316,189,160,168,237,209,308,143,143,247,102,296,171,245,166,179,138.9,195.4,160,213.1,261.5,189,121,125,285,252.8,84,214,260,169,174,220,152.6,101,171.7,192.9,174,264,248,182,190,236.4,187.4,269,240,189,227,122,204,191,229,255,165.9,202,164,180,34,109.1,166.1,78,98.9,171,141.2,256.9,144.1,218.5,249.7,178,221.4,198.7,162.2,185.6,159.1,212,238.6,235.8,263.2,229.6,202.1,235.9,203.1,196.1,113.9,127.2,117,167,92.2,90.1,126.8,138.7,121.5,105,118.8,134.2,95.7,257.2,255.1,280.8,226.2,295.6,212.4,265.2,257.5,235.1,294.2,283,185.4,231.1,288.6,216.8,181.9,181.8,166.1,172.6,192.6,139.8,164.4,151.7,142.4,112.7,123.7,174.5,177.8,140.6,144.6,152.9,157.7,164.8,188.6,203.7,161.3,136.3,141.3,250,187.1,259.1,227.7,261.2,290.2,132,222.6,189.9,217.7,159,189.2,62.2,73.8,153.1,145,152.4,219,32,85,169,69,126.5,135,169,161,174.9,144.3,154.6,129.6,68,162.3,157.7,169,142.9,159.2,106,154.5,200.7,174.4,168.5,185.4,100,150.2,144.3,130.4,167.5,118.5,146.6,212,150.7,156.2,133.1,123.4,126.7,131,142,147.3,189,138,62,174,128.8,209,187.3,284,179.6,146.8,281,164,262,316,153.7,163.8,306,175.9,153,131.8,179.2,247.9,100.4,155.5,163.4,145,155,223.2,49,164.6,172,223.1,150,205.4,135.2,126,189.8,179,94,149.2,130.6,169,107,133.2,130.2,120,160.4,134,121,174.3,15,165,160.6,190.5,131,168.2,136,128.6,144.9,55,178,137,145.6,133,151.2,123.4,145.8,159,26,142.9,70,132.2,112.6,113.9,51,107,68,73,139,111,101,111.2,141.8,154.4,129.2,176,114.5,154.1,111,195.4,145.5,189.6,159.7,154.3,160,196.5,163.1,122.6,165,128.8,123.7,111.6,166.5,157.4,153.5,166.4,161.3,146.4,142.5,168.1,140.9,166.9,167,250.4,146.1,115,200.2,102.4,154.9,165.3,160.5,137.7,134.1,107.7,147.3,195.4,131.8,164.1,150.7,127.2,273,267.9,258.8,215,288.6,274.8,158.2,173.6,169.6,166.7,139.2,176.2,174.6,166.4,141.7,161.9,106,132.1,101,166.1,93,63,85,19,49,54,77,108.8,62,149,127,120,15,114,132,181,192,114
1942-03-01,44,0,28.6,32.7,101,51,35.8,81,150,59.1,56.2,100,63,69,71,78,71,90,44,91,68,90,78,58,75,45,59,39,66.3,82.9,51,77.1,80.3,82,18,63,76,68,5,12,38,69,147,83,35.2,96,43.4,55.9,72,78,125,155,38,62.6,52.1,83,0,78,101,38,108,62,57,109,38,71,21,20,20,32.4,41.5,3,45.9,80,29.4,70.8,50.4,86.9,74.2,85.3,69.2,62.6,61.8,59.8,65.7,62.4,76,56.5,85.1,85.5,70.4,99.4,98.5,84.8,38.6,39,36.7,40.9,50.8,36.7,35,45.2,47.4,26.2,30.8,30.8,32.4,87.6,85.1,103.9,63,89.6,101.7,88.1,75.9,69.4,84,80.9,76.9,91,88.8,79.2,52.5,70.8,72.2,46.6,43,56.5,36.2,50.8,41.2,26.5,27,60.5,54.1,46.2,44.9,42,50.4,62.3,92.2,50.3,47.7,49.4,34.1,59.1,52.2,75.1,65.6,86.7,109,33.2,64.4,60.7,85,64,56.2,13.2,7.6,37.4,33.4,59.2,34.8,42,56,0,9,29,32,0,45,28.6,29,41.4,34.5,36,32.6,42.6,0,30.1,36.3,30,29.6,38.4,25.2,33.8,34.4,35,32.3,38.9,21.3,18.2,33.8,46.1,28,38.5,76.6,24.7,26.6,25.3,0,15,36.4,6,19,15,29.4,25.6,6,40,20,31.2,26.2,10,39,38,7,30.7,18.8,20,43.9,18,20.1,22.3,41.4,37.3,24.5,21.4,31,56,45.2,10,41,27.9,45,24,24.8,16.8,14,23.6,16,17,34.4,31.9,33.9,157,21.8,20.1,26,27.9,25,10,34.3,29,70,25.5,53.3,38,32.8,60,24.2,21.6,117,22.9,0,43.5,25.1,26.4,30.8,32.7,46.5,33,34.7,16,44,29.6,20.5,26,27,7,10,2,0,26,28.9,41.5,32.2,28.2,66.8,41.5,41.4,30,62.2,31.6,26.5,60.8,28.2,37.5,47.3,40.9,29.1,31.4,36.8,27,23.1,34.7,41.2,37.1,36.6,40.3,44.5,31.3,51.3,52,39.6,35.1,25.6,40,28.9,31.9,37.5,33.4,41.7,35.8,44.8,35,30.8,33.1,42.8,54.1,44.5,46,27.1,34.1,50.2,45.3,39.3,46.8,42.7,46.6,29.7,27.8,27.1,24.6,29.1,34.7,28.6,21.5,38.1,30,25.7,38,29.1,30.3,2,5,0,8,34,2,24.5,19,16,28,12,22,64,52,74,26,44.3
1942-04-01,57,40,29.9,28.9,45,89.5,52.3,45,78,46,56.5,62,47,41,52,76,25,61,46,124,33,36,35,37,23,87,68,54,55.7,68.2,43,63.7,78,40,62,59,110,47.8,20,64,70,16,15,24,47.3,47,53.1,45.1,59,31,16,42,130,63.3,37.1,23,98,23,44,118,21,22,26,85,31.3,45,36,106,9,30.8,58.5,46,29.4,54,27.5,68.7,40.9,61.4,63.1,63.7,57.7,52.7,56,48.1,62.5,48.3,67.1,53.2,69.7,67.4,60.4,64.3,71.4,60,44.6,33.5,32.5,33.2,37.9,29.9,32.9,42.3,46.5,26.7,26,28.1,23,75.2,61.1,91.7,59.3,73.2,72.7,74.9,56.4,65.5,67.8,65.2,67,86.3,59.8,71.2,41.2,65.5,57.9,50.6,39.1,45.3,39.8,51.9,42.5,27.6,32.1,64.4,53.8,41.1,37.3,30.1,41.2,66,77.4,37.7,44,41.3,31.2,47.3,34.5,60.4,47,70.6,80.9,28.7,49.3,43.9,60.6,42.5,52.5,11.4,8.8,34.2,33.8,52.1,47.7,57,28.5,20,65,30.6,41,20,66,50.4,28.4,37.4,22.6,31,46.3,35.1,20,30.5,50.1,39,33.7,73.4,35.3,41.7,33.4,33,26.9,33.7,52.1,43.8,34.4,40.8,3,32.2,69.1,20.8,17.1,22.1,25,16,60.9,71,69,40,64.5,48.6,83,67.9,74,59.5,41.8,101,54.9,96,58,42.6,35.9,64,60.9,94,40.7,52.3,67.9,44.3,47.3,41.9,57,75,54.5,41,58.5,37.5,64.5,49,29.4,23.1,58,38.2,39,48,48.4,41.1,63,39,26.6,38,40,45.4,38,20,48.3,12,55,41.3,89,50,43,56,40.7,33.7,32,33.8,58,43,39.9,33.8,35.3,40.4,51.3,20,34.6,4,28.2,23.4,18.9,30,29,37,26,17,31,15,24.3,42.9,63.3,24.9,64.6,40,46.4,61,79.1,39.6,45,44.8,41.9,56,67,56.2,31.6,34.2,49.4,28.5,35.6,46.8,67.3,45.5,43.8,51.9,56.8,53.5,66.8,59,47.7,42.7,30.1,59.2,34.1,55.7,38.2,45.1,47.5,33.1,52.7,38.5,23.9,35.8,40.5,42.4,62.9,37.1,30.3,59.5,69.4,69.6,64.4,75.2,58,58.1,52.8,46.6,52.9,44.9,46.5,52.7,55.5,37.6,42.6,39,27.9,12,6.3,12.4,8,22,7,2,7,10,14.9,8,2,34,25,7,7,9,24,11,14.6
1942-05-01,6,0,7.3,5.2,66,13.8,21.5,33,58,13,38,9,54,12,72,12,53,18,48,28,14,47,17,71,22,12,11,14,19.7,44.2,27,45.2,43,41,18,20,97,35.1,4,50,38,32,31,20,15.6,8,25.2,32.8,19,56,21,44,19,33.7,23.2,37,29,25,55,22,11,19,44,59,12,43,11,7,33,24.2,16.3,3,8,11,14.5,27.8,18.9,24.6,21.5,21.3,19.1,20.5,22.3,17.6,23.5,18.3,22,16.6,29.4,24.3,22.9,29.4,26.8,21.7,12.2,17.2,14.3,11.4,14,10.4,11.3,22,16.1,8.9,8.7,9.2,12.9,28.6,19.1,28.2,17.3,49.7,46.9,30,22.6,23.4,28.3,22,26.4,25.4,20.8,39.5,16,24.9,21.4,14.7,15,18.6,16.9,26.5,21,8.9,20.5,17.7,29.8,10,19.5,19.9,14.5,19.1,24,14,33.4,11.3,14.2,17.4,12,28.6,13.2,29.8,48.4,11.2,21,18.1,19.5,26.5,13,8.9,5.4,13.9,11.7,17.1,17.5,22,15,0,24,13.6,35,0,20,20.9,29.4,20.3,18.6,22,21.5,23.1,0,12.9,20.5,22,13.7,22.5,19.4,17.6,18.4,57,17.3,15.2,11,10.3,16.4,17.2,7,13.4,28.6,18.6,22.1,21.6,43,16,20.2,22,5,0,14.3,16.1,20,20.8,34,19.4,10,24,22.8,31,48,10.5,15,29,19,28,10.8,10.7,25.9,19.7,15.3,12.5,41,23,24.5,4,20.6,14,25.2,20,14.4,11,19,15.2,24,20,17.5,17.3,20.9,23,12.2,10.8,23,11.8,18,0,16.3,44,0,15.1,20.9,19,15.1,9,10.8,16,12,17.8,16,12.2,8.2,13.6,16.2,14.9,26.5,22.2,22.6,23,24.3,17.9,17.2,37,31,6,40,47,3,26,27.4,18.6,16.8,14.3,29.4,13.7,15.5,25,36.8,12,22.6,24.2,16.3,15.8,20.5,23.6,15.9,20.1,18.1,20.9,16.4,17.1,17.6,17.3,18.2,19.1,19.3,13.3,24.3,24.4,22,18.5,19.5,22.5,16.1,16.5,20.1,14.1,11.9,16.9,12.9,16.7,16.2,17.2,20.2,18.8,27.1,25.7,18.6,26.7,18.2,21.6,16.3,24.7,20.1,16.1,18.3,15,18.6,13.4,17.2,18.2,18.2,13.4,23,22,16.7,7,21.1,35,52,24,47,17,18,60,23.1,19,18,7,10,8,19,15,16,19,20.3
1942-06-01,12,20,15.6,13.4,29,14.7,45.4,21,11,13.1,39.3,30,31,22,65,16,30,17,86,13,27,30,3,61,21,8,15,26,15.7,58.6,11,55.1,53.9,17,14,8,11,32.6,80,50,94,29,19,15,36.3,2,36.5,38.6,7,24,13,22,4,38,15.3,22,53,25,42,10,28,25,17,43,5.7,52,21,5,22.5,24.4,48.1,29,11.4,32,16.3,31.2,21.4,25.6,19.7,17.5,19.6,27.2,24.2,24,25.2,17,19,20,29.5,24.1,26.3,31.8,24.9,20.3,19.3,25.5,18.8,16.9,18.8,16.8,14.1,26,16.3,15.9,14,12.4,13.2,29.1,17.8,28.5,26.9,47.8,47.1,30.3,24.6,23.6,26.3,23.8,27.7,31.5,21.2,36.6,15.7,38.7,22.7,23.6,17.5,20.2,18.1,33.2,33.6,16,24,25.7,33.2,13.8,20,18.3,14.9,25.5,32.1,15.8,32.9,17.4,18.5,16.1,13.1,27.6,22.1,27.5,44.5,16.6,23.3,22,18,25.3,18.4,9.6,5.8,19.2,18.2,20,39.7,60,34,35,10,21.5,3,35,66,39.4,37,25.9,20.1,37,34.8,43.6,35,26.2,31.9,36,27.6,63.4,45.8,39.4,30.6,30,19.1,25.6,38,24.6,20.2,30,7,29.5,47.7,17.5,15.6,13.5,18,5,46.5,62,52,25,52.8,31.8,83,51.2,49,50.8,33.4,56,52.8,82,117,31.5,22.5,107,40,89,37.6,35.3,64.5,22.7,25.7,28.6,55,61,50.6,49,43.7,37,53.9,53,23.9,14.8,66,30.1,40,45,40.4,33,43,11,25,22.2,48,23.5,3.3,12,40.4,0,30,28.3,39.3,13,33.3,23,28.1,26.9,24,29.4,24,26.9,30.2,28.1,23.1,28.7,39.1,35.4,28.1,25,24,21.5,20.9,37,50,12,11,4,3,9,15.8,35.8,43.4,20.5,40,24.2,34.1,38,57.5,30.1,34.5,37.6,37.1,43.7,53.2,49,24.3,33.7,29.4,24.6,26.9,32.6,40.9,35,33.2,28.9,39,41.4,41.1,40.4,25.5,39.1,23.9,35,24.6,42.7,25.5,27.9,31.5,22.6,34.2,27.3,17.4,24.7,24.7,27.8,40.1,33.4,22.7,42.8,49.6,47.8,32.9,46.8,51,42,38.6,33.8,37.6,36.9,35.5,46.1,46.1,27.5,34.3,36,26.6,8,1.5,6.8,2,0,0,2,0,3,15.6,0,1,2,0,2,2,0,0,1,8.5
1942-07-01,3,0,0.6,3.4,0,1.2,7.4,0,0,1.2,14.4,0,0,0,11,1,0,1.7,0,5,0,0,0,0,0,0,0,0,4.5,7.1,0,5.4,11.5,0,0,7,0,4.1,0,0,0,0,0,0,1.8,0,0.8,6.7,0,0,0,0,0,7,8.3,0,0,0,0,0,0,0,0,0,6.7,0,0,0,10,4,21.9,6,0.9,0,14.9,15.3,16.6,21.6,15,17.2,8.1,15,9.7,16.7,23.1,8.6,12.8,11.7,17.5,12,15.4,11.2,12.8,6.6,7.2,16.3,10,9,11.7,8.4,10.5,22.1,9,11.8,5.3,6.5,12.2,16.8,19.9,17.2,8.9,28.1,19.1,16.6,10.5,14.8,8.6,10.5,22.3,9.1,15.5,16.8,7.8,27,8.6,6.9,6.2,13.8,14.6,33.5,18,5.8,6.5,12.1,10.9,10.4,21.3,16.9,11.2,11.4,11.7,6.6,32.8,3.3,10.6,6.8,11.9,11.8,12.4,19.2,27.6,10.9,7,16,8.7,17.8,12.6,19.1,13.7,9.2,8.1,17.6,4.3,0,6,3,4,1.6,6,3,0,1.9,8.1,6,6.2,0,2.6,4.8,3,5.1,6.1,1,5.1,4.8,0,1.4,9.3,12,11.2,4.8,5.7,4.6,11.7,9.4,5,5.2,15.1,6.9,4.1,8.1,0,23,1.5,0,0,5.4,3.3,1.5,0,2.5,0,2.2,2.9,0,3.9,0,0,5.5,2.1,0,5.8,0,0.4,0,4.6,11.1,0,1.4,1,0,9.1,0,1.1,5.4,8.2,3,1.9,7.5,0,3.7,1,0,0.8,2.2,6.6,61,0.5,0.5,0,0.3,0,0,2.7,40,0,0,6.8,3,4.3,1,1.4,2.2,0,6.9,3,1.2,2.7,6.8,4.5,9.1,4,12,10.4,25,5.2,4.9,2.1,3,3,5,0,2,14,4,11.5,12.7,6.1,9.6,18.6,12.2,13.7,0,7.7,12.1,11.3,13.7,3.7,4.4,10,10.4,5.7,10.2,9.3,11.6,10.6,12.6,12.4,6.7,13,10.4,11.3,11.5,14.3,13.2,14.2,8.4,10.9,7.1,10.1,8.1,15.1,10.5,9,13.4,9.1,12.3,7,9.7,13.5,12.1,15,17.3,16,14.4,21.2,7.9,9.2,13.6,10.7,5.6,9.9,14.8,9.1,4.9,8.1,13.6,8.8,5.4,5,1,7.1,3,34,9.1,1,0,1,2,0,2,8.9,8,9,0,0,6,12,2,9,21,12.2
1942-08-01,0,0,6.4,5.6,0,0,28.3,3,0,7.3,16.6,0,0,0,0,0,0,1.9,2,0,0,1,0,0,0,0,0,0,7.9,12.7,0,19.4,21.8,0,0,0,0,8.7,2,13,0,0,0,0,16.1,0,9.8,12.5,0,0,0,0,0,11.9,5.3,0,0,3,0,0,0,0,0,0,2.4,0,0,0,16,20.3,44.4,19,2.3,0,12.9,17,15.4,19.2,11.4,12.5,11.9,17.1,13.3,20.9,13.3,10.2,12.8,19.1,15.3,12.5,16,15.1,12.5,9,12.9,18.8,14.8,5.5,12.8,10.7,8.8,18.5,9.5,9,6.4,6.1,8.9,14.1,16.8,17.9,12,24.4,25.1,16.3,12.3,12.7,11.3,10,23,13.8,15,22.7,8.1,23.9,17.9,13.3,11.9,10.7,15.3,40.6,27.1,6.6,10.9,15.3,9,9.1,24.8,19.3,12.6,9.4,11.7,7.8,32.2,6.4,9,8.6,11.7,14.8,11.8,18.9,32,8.6,9.8,11.8,9.8,17.5,9.5,13.2,8.2,9.8,8.7,17.1,32.4,0,11.5,7,36,25.1,14,7,49,34.2,32.4,32.7,26.3,14,37.3,26.4,7,25.1,35.6,77,23,28.7,69.3,37.4,25.9,7,18.2,21,24.6,22.4,25.2,29,21,27.5,42.2,20.4,19.3,16.5,10.5,2,19,0,3,26.7,12.3,12.8,17,19.6,5,21.1,13.6,20,21.9,35,0,14.4,18.4,2,24.3,18,22.5,46,33.8,12.2,46,19.5,54,16,29.5,63,18.5,20.1,40.3,22,22.9,14.2,57,25.6,65,44,39.1,27.1,32.7,5,18.1,13.1,48,18.6,44,0,25.1,11,0,0,23.5,10,21.1,9,26.4,26.6,51,25.8,20,34,25.6,24.2,21.3,24.1,35.2,0,29.5,10,30,25.9,18,23,11,12,8,13,2,12,21.7,33.5,11.3,25.1,51,26,27.8,74,34.1,41.4,21.1,47.2,34.1,33.2,34,27.4,23.6,25.9,16.9,23.7,18.4,29.9,29.4,29.8,32.9,33.5,31.4,29.5,31.4,38.7,25.8,20.6,21.4,23.2,17.3,22,23.7,24.2,32.5,22.3,34.4,22.5,19.3,28.4,22,27.9,38.3,40.6,28.5,41.5,44.2,44,33.6,43,45.4,34.1,27.7,23.7,28.7,23.4,33,28.2,27.9,23.9,38.6,77,17.8,16,8.9,17.8,11,15,10,25,12,13,19.3,15,14,10,0,17,32,4,6,16,18.4
1942-09-01,0,12,4.9,3.1,4,10.4,12.2,0,14,5.6,16.3,0,0,0,0,6,0,10,5,0,0,0,12,3,5,10,10,12,9,8.6,0,13,15.8,0,0,2,0,9.8,0,0,14,0,0,0,6.1,0,4.6,13,6,0,0,0,0,11.9,7,3,0,6,1,0,0,0,0,0,6.2,0,0,2,36,23,28.8,4,2.1,1,13.3,16.6,15.5,20.9,10.4,12.9,10.2,12.8,12.2,19.3,8.9,9.8,11.2,19.6,12.5,11.8,14.8,14.7,11.1,7.3,11.7,15.8,10.7,8,9.4,7.4,8.3,19.1,8.9,8.7,5.5,7.1,8.9,13.2,16.5,14.6,10.7,26.7,30.3,12.8,10.8,12.5,9,8.5,24.3,17.4,12.6,18,7.4,18.1,9.4,10.1,10.3,7.1,12.2,30.5,21.6,5.9,6.9,9.7,15.5,10.7,21.3,18,9.9,9.1,10.2,6.7,33.5,5.9,8.6,8.9,7.2,12.4,13.2,16.1,18.9,8.4,8.8,13.2,6.9,14,8.6,16.2,8.2,7.5,7.1,17.4,28.8,12,32,45,4,16.7,7,45,14,18.8,26.2,22.5,23.1,26,16.1,32.5,45,13.5,14.5,8,16.2,13.4,17.2,15.8,21.7,17,22.3,18,11.8,14,16.4,19.7,22,16.5,21.4,29.4,28.5,28.9,54.5,2,14.9,1,2,10.5,9.2,5.1,2,10.8,10,10.6,7.8,13,12.5,12,5,7,6.7,13,15.1,24,13.4,20,21.3,13.1,20,10.7,47,11,19.1,33,12.6,13.3,27.3,6,14.1,11.2,33,15.2,19,18,20.1,14.4,17.7,5,12.5,14.4,24,15.9,24,0,17.6,26,0,56,13.6,34,13.9,25,19.1,21.4,5,20.5,19,9.7,10.7,12.5,15.8,16.1,27.6,0,25.3,13,24.4,19.5,20.7,21,44,23,39,48,36,36,29.7,27.2,11.2,19.1,26.8,17.6,25.6,7,20.7,18.9,19.5,25.8,15.1,13.5,17.5,18.3,17.8,24.4,11.3,16.8,15,19.9,16.3,14.4,26.3,19.4,21,17.1,28.2,22.6,19.8,14.4,19.5,14.3,14.8,16.2,24.3,16.6,14.9,25.2,16.1,21.3,26.4,20.2,15.7,19.4,30.7,28.7,18,26.8,28.4,24.1,18.3,28.4,24.9,21.5,19.6,20.2,16.3,13.4,19.9,22.2,21,14.1,21.8,8,16.1,6,7.8,25.8,21,16,30,12,15,32,21.3,19,13,5,0,2,8,12,16,10,18.1
1942-10-01,13,0,6.2,5.1,51,6.6,23.3,63,69,8.3,34.6,0,50,19,0,4,37,4,80,5,15,26,20,74,10,13,4,22,12.9,28.4,0,43.8,48.5,21,3,5,83,35.4,26,10,44,16,27,47,15.4,5,17.8,30.8,2,6,6,17,0,28.6,19.1,59,30,16,36,4,11,15,41,7,7.6,0,9,8,25,33.5,39.3,18,2.8,1,11.6,16.9,15.2,23.2,15.4,14.9,11.4,16.2,12.3,19.4,13.6,11.2,15.8,19.4,16.2,15.8,17.5,18.8,15.9,13,10.2,18.9,12.9,6.7,10.4,7.2,9.3,13.6,11,10.9,4.8,6.5,9.7,16.8,20,15.3,10.3,31.1,31.1,16.9,16.6,16.1,14.7,15.2,30,15.9,16.6,27.1,11.8,20.6,19.8,10.3,11,18.8,14.8,25.8,27.1,8.8,11.3,10.6,11.9,8.5,25.1,22.1,14.8,10,10.3,8.3,33.2,7.3,7.5,11.4,9.1,15.6,9.5,21.4,36.9,8.6,12.5,13.4,14.7,15.9,11.2,13.2,9.3,10.5,8.5,16.1,27,1,65,15,28,39.5,112,14,4,27.2,19.3,52.8,54.1,23,32.6,47.7,15,24.6,34.2,42,19.9,24.1,25.8,27.8,41.1,37,39.5,36.1,13.6,15,39.7,46.8,62,43.5,52.2,36.6,37.7,38.2,29,0,18.1,9,0,16.4,12.7,11.2,40,16,25,13.7,8.2,14,20,14,13,7.4,11.6,14,10.4,2,10,0,22.6,12.1,0,8.5,7,51,21.8,1,11.8,13.6,27.6,4,10.9,13,15,16.4,19,16,23.2,25.8,26.6,19,11.9,9.9,14,13.7,12,0,19.1,150,0,14,22,29,18.1,11,18.2,16.8,38,22.2,11,36,19.9,27.9,26,26.8,39,39,40.3,47,57.2,43.6,33.9,22,54,50,9,15,44,30,41.1,36.8,11.2,33.3,63.2,49.1,42.6,43,51.2,28.9,26.2,55,18.4,19.1,28.5,26.5,24.1,35.4,19.6,26.6,22.9,28.6,27.6,29.8,33.6,42.7,36.6,29.6,32.7,37.8,27.9,21.8,23.3,26.8,30.5,21.1,38.8,29.3,29.2,35,42.7,33.8,35.6,42.5,25.8,36.6,44.3,45.3,29.2,32.7,37.8,35.8,19.9,33.1,33.4,27.9,20.5,18.3,16.3,15.5,18.7,19.8,15.3,10.8,45,42,31.4,20,65.5,38.8,29,33,15,69,29,10,48.6,33,57,33,11,45,71,49,17,38,54.4
1942-11-01,35,24,52.2,42,17,41.7,86.6,126,82,59.8,84.6,99,49,50,112,92,115,97,21,88,68,134,76,33,88,33,47,62,59.9,80.9,139,81.8,98.3,91,74,56,39,85.2,113,41,36,81,135,80,60,72,57.6,66.8,70,108,124,108,58,73,62.2,95,40,84,63,14,85,92,107,84,53.1,134,20,24,109,74.3,62.2,144,31.8,29,26.3,80.3,67.6,90.1,80.8,60.8,62.5,55.5,63.8,70.8,77,75.8,74.4,74.3,76.7,77.2,66.8,91,87.3,67.5,41.6,41.1,33.8,34.6,34.9,32.2,33.6,44.3,44.3,27.2,26.8,29.5,36.4,86.7,105.1,101.6,67.4,98.9,88,95.8,93.1,84.8,80.8,84.7,85.3,106.4,98.2,81.9,70.4,78.8,63.4,56,55.5,52.3,45.4,49.6,54.4,37.2,44.4,72,60.1,52.7,48.2,58,56.2,66.9,87.4,58.8,56.3,35.4,35.2,65.9,40.6,89.5,63.8,79.9,80.9,37.4,61.1,58.3,77.9,60,55,14.6,7.3,38.3,42.3,58.2,110.5,89,43,47,80,61.8,59,47,60,73.9,48.1,73,89.1,54,75.7,90.3,47,69.5,81.5,110,61.9,109.2,76,94,87.7,101,77.3,78.1,52.8,73.7,67.8,75,38,63.9,85.9,73.6,78.7,74,75,70,88.6,77,95,112,92.7,84.4,94,107.6,91,92.3,76.2,96,94,107,136,54.4,81.3,94,92.4,89,69.3,63,109.3,73.5,38,61.2,90,61,107.5,95,72.2,64.8,110.1,47,78.5,51.5,97,76,88,99,90,57.2,88.8,83,50.9,68.4,76,82.6,112,62,69.8,57,28,65,109.6,148,74.3,147,56.8,51.2,69,69.4,86,69.9,60.3,67.9,67.4,77.6,86.6,104,77.4,124,72.7,68.1,67.5,66,110,57,123,73,64,68,76.9,80.8,85.5,54.9,74.8,71.1,79.6,67,98.3,78.9,97.4,71.4,74,75.1,84.9,92.8,60,57.2,77.2,39,66.4,71.3,94.7,71.7,68.5,82.1,79.1,86.9,97.3,78.9,63.7,91.4,42.4,77.8,51.8,105.4,62.4,74,68.6,79.4,72.7,71.4,64.8,76.7,64.4,68.4,83.8,69.6,65.3,118.5,125.9,112.4,113.7,126.4,116.5,108.3,90.4,80,89.1,69.3,84.4,86.4,82.7,62.4,75.8,110,64.3,45,75.8,112.4,142,143,115,182,120,98,100.6,183,250,141,129,174,211,166,108,70,98
1942-12-01,70,50,20.9,15.2,18,42,40.3,33,38,29.2,49.8,41,27,48,34,25,33,35,45,17,71,41,57,37,46,39,42,32,32.7,59,40,44.8,56.8,21,77,15,14,46.8,133,55,55,51,36,13,45.7,96,40.4,37.2,67,62,22,47,15,40.6,30.7,21,72,38,44,40,42,45,43,43,16.5,50,42,36,64,76.8,51.6,66,13.1,19,15.2,41.8,24.5,45.4,32.5,30.6,38.4,26,26,31.6,39.9,33.4,37.9,26.5,34.1,41.1,31.8,39.8,40.5,34.6,24.6,34,17.7,22.8,13.9,20.2,21,30.8,22.6,20,11.7,11.8,13,41.8,36.3,45.7,29.6,46.5,56.4,48.9,41.5,40,33.3,38.9,42.2,49.1,29.9,62.9,25,50.4,32.5,33.4,27.3,27.9,24.3,40.3,42.6,17,28.3,39.6,36.6,27,27.8,36.2,31.4,33.1,36.4,26.6,33.8,19.1,17.2,29.9,16.8,30.2,25.3,43.5,56.6,19.8,31,32.8,35.5,42,26.7,15.1,4.8,17.9,21.3,36.8,84.4,33,94.5,66,139,70.4,102,66,44,63.1,57.6,83.3,107.4,59,73.2,87.1,66,71.6,67.5,50,66.1,64,70.9,65.2,72.2,97,75.4,92.9,49.6,57.5,70.6,71.8,100,71,70.5,71.9,67.3,70.2,21,50,51.8,40,58,50.2,45.8,38.6,67,47.4,79,45.9,35.6,59,44.9,59,36,33.4,53.7,38,53.8,42,41.8,56,72.1,42.3,57,39,73,54,78.5,48,65.6,46.9,74.5,16,51.8,41.3,98,51.1,60,67,58,53.5,64.7,88,38.8,45.4,62,53.7,62,81,61,81,75,74,82.4,76,49.6,141,49.2,52.4,63,63.3,40,65.9,53.8,52.7,61.1,64.2,91.9,98,66.5,121,92,75,70.4,94,131,64,79,74,57,89,77.4,72.7,42.5,61.4,70,74.3,60.5,66,61.5,61,50.3,80.2,51.7,54.2,48.7,44.6,38.9,42.8,37.1,40.5,56.8,59.2,68,61.6,65.7,69.9,77.8,63.8,64.2,64,39,48,30.8,43.7,31.1,53.7,69.4,64.5,56.2,65.9,70.8,48.9,68.4,86.3,45.6,64.3,80.3,60.2,74.3,79.6,87.6,81.5,66.2,84.5,82,60.8,58.7,60.5,55.3,47.7,60.7,58.7,59,43.4,87.4,50,74.7,36,97.8,68.8,90,55,7,65,64,84,61.8,71,58,113,85,72,48,68,45,144,77.3
1943-01-01,30,71,49.1,39.7,26,24.4,59.2,73,36,44.5,47.4,98,49,42,109,20,93,28,47,70,88,24,5,54,30,7,14,28,35.2,66.5,50,54.3,70.2,66,45,64,42,42.1,64,39,42,63,39,18,43.8,55,48.4,43.7,37,30,41,25,54,58.3,39.2,28,59,59,43,5,27,48,53,42,28.2,38,11,27,72.5,51,59.8,40,35.2,78,38.2,69.2,46.5,62.9,59.8,68.9,58.2,57,51.5,53,67.4,47.8,59.6,54.9,67.9,65.8,55.4,64.7,78.3,65,42.2,35.7,35.7,40.2,36.1,32.8,34.3,42,50.1,27.5,31.3,27.7,28.5,67.9,59,82.5,61.2,72.9,87.5,76.1,61.2,61.5,61.5,59.5,65.5,81.8,59.5,77.3,38.6,69,51.5,58.4,44.4,48.8,45.9,53,46.1,34.9,40.7,56.9,59.4,37.3,38.7,34.2,36,62.4,69.2,36.7,39,36.2,32.5,40,32.9,59.4,46.5,60.5,73.9,30.2,50.5,37.5,57.7,55,47.8,14.6,6.7,33.2,35.3,54.5,93,125,98,13,100,59.7,144,13,77,76.3,61.6,52.4,44.8,63,65.8,0,13,55.1,62.8,78,50.3,69.6,97.9,87.9,63.2,79,45.2,70.5,68.4,73.2,49.1,45.2,27,44.1,55.7,28.7,27.9,25.9,25,56,68.8,30,30,67.2,67.9,60.1,72,81.9,59,68.2,49.7,122,55.5,60,45,52.1,61.6,79,73.1,72,54.4,62,89.1,78.4,60,55.1,48,105,86.4,56,90.9,53.8,79.2,63,60.5,55.9,77,56.5,107,128,78.5,49.1,77.5,155,52.9,65.7,89,71.8,64,80,67.9,54,54,90,125.7,74,57.5,72,60.4,47.9,17,51.7,69,48.5,57.2,45.5,53.3,61.9,85.5,73,63.7,57,41.7,35.9,32.4,60,73,24,32,7,19,20,26.7,56.1,59.9,35.9,55.8,59.7,55.7,41,71.9,69.3,57.3,53.4,60.3,61.9,64.8,62.1,39.2,44.3,51.1,38.5,46.8,65.8,83.8,57.9,61.2,73.1,79,71.4,80,63.8,47.4,52.7,24.2,48.1,30.2,67.3,46.4,59.2,62.9,58.2,68.8,54.2,40,63.2,57,45,71.8,46.9,51.6,97.5,126.6,103.1,103.8,114,96.4,91.3,72.7,73.6,84,69.9,67.2,72.5,77,54.2,61.5,78,48.2,10,55.9,18.7,29,30,20,18,17,14,19,15,12,5,9,17,0,0,11,7,26.3
1943-02-01,75,87,55.3,35.4,87,38.8,47,16,62,57,38.8,54,49,64,76,55,21,92,41,88,39,52,87,14,46,71,70,36,56.6,65.4,71,52.7,53.2,40,95,49,40,51.7,22,27,24,74,77,60,46.8,230,44.3,41.5,95,40,38,60,20,53.2,51,41,27,64,44,111,76,87,33,35,40.4,52,25,102,40,41.4,45.5,88,51.3,102,43.6,77.3,67.9,80,72.9,84.5,65.8,60,72.4,62.8,76.5,62.7,74.8,60.4,79,82.5,62.2,92.4,99.5,84.9,58.4,37.7,47.5,46.4,51.4,47.8,44.4,54.2,58,34,37.4,32.4,35.3,83.2,76.4,104.8,65,96.7,92.7,83.1,67.9,74.2,74.7,70.6,82,84.8,65.4,79.9,51,78,72.3,57.3,48.3,56.2,47,58.9,47.5,34.7,39.2,66.8,61.5,47,44.1,46.7,46,82.4,78.7,46.9,52,48.7,36.6,61.7,46.3,60.8,55.5,67.5,101.4,42,66.7,62.2,80.4,54,55.6,13.8,10.6,50.4,37.4,56.9,58.6,76,37.5,32,86,30.9,19,32,22,51.4,36.4,40.3,31.2,21,45.1,0,32,34.3,49.9,61,42,61.7,38.1,48.1,39,49,32.2,41.9,63.7,58.8,38.8,35.2,25,32.8,45.5,29.6,28.9,27.9,26.5,110,52.5,55,42,59.1,53.7,44.3,23,63,93,49.3,38.9,37,39.1,40,51,54.9,45.5,37,62,77,44,67,66.2,70.5,59,39.1,129,49,61.2,15,58.9,38.8,61.5,49,49,40.4,70,42.4,16,44,37.8,41.1,65.9,146,35.8,47,36,59.8,58,51,50.5,107,29,106,100.2,56,47.5,41,46.3,36.8,49,40.1,71,37.5,48,30,31.6,44.9,56.2,50,51.1,32,34.5,27.8,29.1,25,71,23,28,13,9,59,28.6,40.9,45.5,25.8,49.8,39.2,42.8,101,48.2,43.7,38.9,46.1,43.5,49.8,53.3,42.1,26.9,33.8,50.7,27.4,28,54.1,65.9,45,43.5,51.9,55.4,54.2,64.5,48.8,47.1,42.7,31.2,43.5,27.2,56.8,37.7,48.3,51.5,45.3,59.4,38.2,34.8,44.2,51.1,37.2,63.2,39.3,29.4,70.6,92.8,87.7,82.9,86.7,69.9,63.1,57,53.9,53.3,49,52.5,59,63,35.6,48.6,61,32.9,34,53.2,39.4,48,53,39,56,50,44,30.6,34,12,42,31,51,30,15,33,38.5,32.2
1943-03-01,86,30,99.6,83.6,108,168,143.3,75,216,106.8,143.7,116,138,128,243,100,68,97,126,152,108,144,199,137,125,58,134,108,112.9,137.3,175,137.3,179.9,63,144,244,174,129.2,113,114,129,86,67,69,94.4,193,100.9,113.9,189,84,99,89,158,118.3,107.8,81,75,69,106,198,160,91,117,140,108.9,105,87,84,83,118.1,111.5,75,58,74,82.7,135.5,81.1,118.9,125.2,110.7,117.2,119.5,131.1,127.8,143.1,109.3,127.9,113.8,126.8,143.4,128.6,141.8,114.4,122.5,79.2,87.5,51.7,97.6,66.6,71.1,86.4,60.8,80.8,70.2,55.1,62.7,79.7,154.5,180.8,153,128.6,149.7,139.4,147.7,136.3,131.2,149.3,141.9,128.9,155.3,161.2,138.3,128.7,133.4,89,117.7,97.8,97.7,117.2,114.8,93.8,65.1,80.8,121.8,88,114.1,97.8,66.7,104.1,128.7,140.8,118.7,142.4,93,58.1,132.8,82.4,148.9,110.6,171.2,192.5,74.5,119.1,101.2,145.3,237,147.9,37.2,14,89.3,77.3,111.9,205.9,189,248,92,177,138.4,136,94,178,165.2,124.1,164.2,159.4,203,150.7,107,92,160,157.4,143,133.2,171,149.3,174.2,159.2,183,151.5,136.4,128.4,139.6,134.9,158.3,136,144.8,174.1,131.8,130.7,115.4,93,19,139.5,132,14,167.1,154.3,104.6,140,175.9,188,158.1,130.6,193,131.3,119,95,121.7,154.5,144,173.6,182,133.8,196,205.4,76.1,190,115.6,241,168,213,122,153.7,155.2,210.5,124,180.3,113.7,257,173.6,177,179,154.7,134.4,181.3,32,110.2,137.9,140,137.5,138,126,160.2,4,210,167,177.6,170,152.1,146,107.7,150,160,122.8,104,165,126.3,164.7,149.1,145.3,181.7,146,155.6,85,161.3,133.2,137.3,130,197,160,59,128,136,143,111.5,141.7,137.6,135.9,186.1,137.7,138.8,120,168.1,150.1,165.4,162.7,167.8,158,169.4,138.1,97.8,139.2,108.9,126.7,114,169.2,146.3,159.7,150.4,159.1,149.5,145.5,159.2,161.4,146.7,183.1,194.1,150.5,108.2,205,108.4,152.3,150.5,140.2,149.7,99,109.8,149.4,173.5,147.4,189.9,141.1,139.3,207.6,240.2,207.3,209.8,253,215.9,177.7,174,168,152.1,129.6,165.1,162.8,150.8,134.3,151.8,143,139.9,64,59.2,90.4,111,137,82,82,83,80,87.1,102,89,73,47,72,99,92,53,110,95.7
1943-04-01,2,0,9.6,7.5,34,42,18.4,138,80,31.9,43.2,35,167,50,10,30,97,31,12,26,49,48,32,27,48,33,40,67,39.7,68.5,16,68.4,63.5,48,36,19,91,59.5,49,20,38,30,48,64,19.2,65,29.8,47.6,44,28,39,73,10,48.3,31,109,34,53,116,12,31,43,60,96,26.4,52,53,18,65,51,39.1,76,8,10,15.4,37.7,23.8,45.6,33.6,32.1,31.5,26,25.5,38,34.8,34.4,27.9,23.1,45.9,38.3,38.3,39.9,31.8,24.2,17.2,23,16.6,14.2,16,12.8,12.1,27.7,18.1,11.4,9.5,8.3,12.8,43.9,40.6,48,25.3,57.7,46.3,45.7,36,39,38.1,38.6,48.5,44.3,41.1,55.6,28.8,31.7,38,23,21.4,32.8,21.2,36.1,27.5,14.3,22.5,26.2,28.2,21.4,27.7,25.1,25.6,30.6,38,23.7,35.3,15.5,16.7,29.6,19.2,37.4,23.3,55.9,69.7,12.3,35.7,30.2,37.6,30.5,24.9,10.9,6.1,15.7,13.6,23.1,26.1,9,71,29,30,30.2,28,29,15,21,26.6,42.2,50.4,53,24.5,103,29,24.4,25,10,19.3,26.4,15.4,22,37.5,50,42,36.4,13.1,18.9,35.2,42.3,39,38.4,48.3,41.5,47.8,45,40,108,22.2,2,16,17.2,17.9,11.3,32,24.4,9,20.2,13.1,22,19.1,14,13,11.4,12.4,0,14.8,7,12.1,25,22.1,27.5,30,13.6,13,12,28,5,25.6,15,28.6,5,17.6,13,4,16.3,12,7,18.9,22.6,25,130,16.8,12.3,12,17.8,14,4,21.9,98,62,57,30.7,8,21.8,13,19.1,20.2,19,24,2,32.7,25.7,23.5,23.1,26.1,39.2,51,42,75,43.6,42.5,34.5,35,65,71,33,43,28,37,47.2,35.9,15.9,28.9,51.8,34.4,30.7,21,40.6,27.9,19.4,46.9,14.5,15.4,24.6,25.4,25.8,32.8,30.7,23.5,21.2,23.7,27.2,29.4,35.1,36.2,24,24.6,35.6,32.2,24.6,20.3,29.7,27.4,25.1,20.9,41.7,29.3,28.2,37.4,31.9,33.1,55,34.3,26.4,30.7,33.3,35,31.2,35.7,39.3,40.6,28.6,35.1,38,30.1,21.1,18.5,20.1,14.6,20.3,23.9,16.2,11,35.3,10,23,102,33.1,38.2,48,30,47,36,28,37,40.1,46,38,41,28,25,32,30,32,32,39.2
1943-05-01,32,24,27.2,22,10,36.7,75.8,21,34,24.1,65.1,44,6,25,72,30,32,26,83,33,30,38,40,38,15,23,25,16,25.1,65.2,29,54.9,90.7,23,31,24,59,41.3,27,43,78,29,42,15,42.3,17,42.4,48.7,21,28,14,33,37,59.8,25.2,22,34,41,30,55,16,27,22,61,11,87,27,15,23,35.8,48.5,42,12.2,24,23.4,48.9,26.8,40.2,27.9,28.1,33.8,29.6,30.9,32.2,39,26.6,30.3,24,34.9,30.8,33.7,37.3,36.7,31.6,21.6,33.2,17.7,24.1,17.5,20.3,18.7,33.4,24.3,20.7,14.5,9.9,17.3,38.1,31.6,46.3,29.7,43.6,53.7,46.8,40.7,36.4,32.7,34.1,42.6,45.3,30.8,58.8,22.7,49.7,30.9,32.5,26.7,27.7,29.3,42.1,42.3,22.8,28.2,38,40.1,20.6,26.3,27.9,28.1,31,42.1,31.1,32.2,20.8,19.2,26.1,14.6,31.9,27,38.8,50.2,23,30.6,23.5,26.6,38,29.4,14.7,5.2,21.3,19.6,34.1,105.8,74,35,10,104,60.9,80,10,97,95.1,80.2,65.2,60.4,11,100.6,29,10,68.6,90.8,88,57.7,72.9,106.5,110.8,75.1,56,46.5,76.9,57,60.9,54.4,70.5,0,52,93.7,26.4,28.4,35.1,10,15,64.3,40,42,46.5,59.4,50.6,45,64.2,38,53.6,41,47,67.8,47,63,51.7,68.3,56,84.5,85,66.2,101,93.4,55.2,69,53.2,73,83,95.6,80,80.9,73.2,92.1,121,59.8,60.6,109,74,104,92,110.9,66.3,77.8,20,53.5,58.2,60,68.8,86,68,69.4,14,132,81,131.6,100,58,48,55.2,64.2,126,65.3,120,75.8,68.7,63.9,65.4,74.4,86.3,57,79.5,35,60.3,47.4,32.5,16,15,6,13,5,1,12,25.4,73.5,60.5,52,89.1,63.6,92.7,118,99.6,88.9,73.9,77.9,76.2,75.8,86.7,63.2,46.9,41.4,38.6,34.8,47.3,66.1,82.6,74.8,75.9,78.2,88.1,76.5,81,103.8,38.5,58.5,33.7,52.7,31.3,73,50,63.5,68.9,59.2,69.7,49.3,42.4,69.9,53.9,86.2,90,73.4,50.2,110.3,108.1,101.9,102.2,122,102.2,88.6,79.4,74.2,86.4,69.8,77,74.7,80.6,54.6,84.7,88,51.5,16,8.2,17.8,7,7,10,7,15,14,29.4,19,4,28,31,26,21,3,53,57,28.3
1943-06-01,15,7,4.2,6.1,6,18.3,15.9,3,9,9.4,14.7,0,0,4,12,15,40,16,13,9,6,6,35,9,0,17,11,0,11.9,14.5,27,24.3,22.1,3,11,10,5,13.8,14,8,3,0,0,0,11.5,6,12.5,14.5,12,0,0,0,5,14.9,12,2,9,4,9,0,4,2,7,5,3.7,0,9,10,65,58.2,46.1,42,3.8,4,11.3,15.6,15.5,23.6,16.1,20.7,12.1,17.6,14.9,19.6,16.5,12.2,15,21.4,16.7,17.3,17.7,18.2,15.7,14.3,10.2,19.7,11.3,7.2,11,7.4,8.2,16.9,9.7,12,4.8,7.1,9.9,18.2,17.8,18.1,11.7,33.3,26.7,19.9,16.8,17.1,18.3,16.6,29.9,12.5,19,29.4,11.4,21.2,20.9,13.7,8.8,11.4,13.5,33.2,26,8.6,9.7,12.7,14.4,12.6,29.8,31,19.1,10.7,15.8,7.8,29.8,8.4,9.8,9.1,14.9,16,13.3,26.8,35.1,8.7,13.6,13.3,13,15.9,13.7,13.5,7.2,9.4,8.4,19.1,29.7,15,61,66,21,41.9,40,66,15,24.5,31.8,56,64.2,60,34.1,84,66,26.6,32.3,14,20.6,23.4,23.3,28.4,44.5,32,50.9,36.8,14.8,17.9,38.8,59.9,73,46.1,55,72.3,68.6,58.4,78,59,16.8,23,18,24.1,12.9,10.9,45,15.9,18,16,7.8,21,18.5,31,30,8.4,13,35,14.1,20,13.7,12,24.7,15.6,16,12.8,22,35,23,8,13.7,14.7,29,34,12.2,13.5,16,19.3,9,12,21.2,25.1,26,55,12.1,13.6,15,19.2,17,0,21.2,81,0,31,24.7,29,19.5,14,17.3,19.6,95,24,15,40,22.7,30.6,24.6,29.5,37.5,32,40.6,73,57.9,55.2,54.8,67,73,59,75,69,80,64,56.7,43.8,11.7,39.7,72,50.2,41.3,18,37.1,29.9,28.6,57.2,16.7,15.7,26.5,24.5,32,35.2,18.8,21.5,27.9,26.4,25.1,28,37.2,42.8,35.8,27.6,29.8,32.6,27.9,17.6,25.1,28.9,28.9,19.1,47.4,32.3,31.3,44.9,44.7,39.7,66.2,50.7,27.1,45.1,44.8,46.8,36.1,27.7,37.9,35.6,25.5,37.2,39.7,32.3,24.5,22.9,19.6,16.5,18.2,23.9,18.8,13.6,40,14,32.4,34,86.7,63.2,50,60,58,50,40,59,61.3,50,50,60,39,61,63,59,53,66,65.8
1943-07-01,32,0,14.3,10.8,10,7.3,44.5,4,10,13.3,34.9,0,6,7,15,6,3,10,38,17,4,5,4,27,3,9,11,10,10.8,41,8,32.6,50.7,4,0,6,8,29.9,35,4,12,5,0,3,35.4,2,18.1,27.6,11,0,1,13,9,36.1,12.4,5,8,8,4,0,3,6,2,0,4.4,5,7,7,15.3,88.8,51.8,65.4,12.9,28,16.3,28.6,20.1,23,17.2,35.1,27.5,21.6,24.1,14.2,20.9,17.2,14.1,23.6,26.6,27.1,21.5,25.9,26.7,22,23.1,31.9,16.2,21.4,13.8,16.3,17.5,30.4,17.6,24.6,10.1,11.8,13.1,20,21.2,23.2,19.9,33.1,51.8,23.1,22.6,19.3,18.7,20.8,23.5,29.9,19.1,49.7,14.2,37.5,23,26.5,10.6,13.1,22.8,34.2,40.1,13.6,25.3,21.1,24.4,17.4,31.3,32.4,25.3,24.4,30,20.7,34.9,13.6,17.8,16.3,18.8,26.7,21.6,26.5,36.4,18.1,16,20.6,17.7,20.9,20.5,17.4,6,15.9,18.7,34.6,92.2,0,130,112,72,101.6,112,112,57,67.4,69.5,109.3,130.7,127,91.6,160,112,92.2,84,76,83.1,56.1,75.7,78.5,95.7,153,89.7,111,34.8,63.9,85.4,177,55,114.8,86.9,108.7,110.2,105.1,112,0,52.8,15,29,40.2,38.3,32.2,20,38.5,33,34.5,27.2,29,36.7,36,33,22.9,57.1,32,58.1,69,35,37,59,35.4,31,38.5,59,53,88.5,38,60.5,41.4,65.5,53,47.4,54.9,69,50.6,64,63,65.2,70.5,57.8,6,36.9,47.9,85,53.1,77,30,58.8,0,60,52,97.9,111,49.9,120,62,69.8,90,61.6,118,92.2,58.1,69.5,90.5,88.5,129.6,148,95.6,141,112.2,107.1,118.3,106,151,99,96,97,95,95,95.4,87.3,25.1,90.5,94,110.3,65.2,56,68.9,68.1,43.1,99.6,59.7,53.7,65.8,47.7,37.6,43.5,27.5,54.5,55.6,53,60.8,71.1,65.7,89.2,69,68,58.3,88.9,38.4,49.8,36.9,28.6,33,50.7,78.3,81.3,73.3,88.4,79.2,56.2,86.2,97.4,47.6,86.6,85.8,84.3,76,83.5,80.5,92.5,70.5,79.8,89.1,61.3,50.3,47.6,40.8,39.9,54.5,48.9,49.3,39.4,104.3,76,97,91,92.1,82.1,78,94,84,87,83,86,78.1,83,73,103,83,100,96,75,115,79,81.5
1943-08-01,10,4,1.2,4.8,4,0.7,12.9,3,0,0.8,11.2,0,4,0,12,0,0,1.1,10,6,0,0,0,5,0,0,0,0,5.2,10.2,0,8.9,7.1,0,0,7,6,5.3,0,0,0,0,2,5,2,0,2.6,4.3,0,0,0,0,0,10.6,11.2,3,0,0,4,0,0,0,0,0,2.8,0,0,0,30,6.3,21.1,0,2.5,6,13.5,15.2,18.3,22.3,16.4,16.2,7,12.3,8.7,17.4,28.3,8.3,11.8,11.9,16.6,12.7,14.7,17.2,13.1,5.2,7.5,17.8,11.8,7.6,11,11.7,8,24.7,9.4,14.9,4.5,7.8,12.8,16.1,19.7,15.2,13.2,23.5,23.2,12.4,13.4,13.2,8.1,11.2,23.9,10.4,17.5,15.2,7.3,29.1,8.1,7.5,9.9,11.8,14.1,37.9,15.4,7.1,6.6,11.5,10.6,9.8,21.9,10.6,11.3,12.1,10.7,6.2,32.7,6.2,6.6,8.2,13.6,11.6,12.2,16.5,24.7,11.6,11.6,17.4,8.8,15,12.4,21.2,13.9,9.3,7.8,12.2,3.8,0,8,2,0,1.3,0,2,0,1.4,3.8,6.6,2.3,1,4.2,7,2,3.6,2.5,0,7.6,5.3,0,1.9,12.6,15,13.2,4.6,6.2,3.6,11.8,12.2,0,5.7,11.3,9.9,2.7,6.4,0,0,1.8,0,0,3.3,2.2,4.1,0,3,0,3.8,5.6,0,6.8,0,0,2.1,1,0,3.6,0,0,2,0,9.6,0,1.2,4,0,3.4,0,2.9,4.9,7.8,0,3.2,3.8,0,0.9,0,0,0.9,1.1,3.4,26,1.3,1.8,0,2.2,0,0,1.4,6,0,0,2.6,8,4.5,7,0,1.5,2,6.1,0,1.2,2,5.2,2.5,10.9,6.8,9,11.3,4,3.4,5.1,0.3,1,0,0,1,1,0,1,11.9,12.2,8,8.4,15.1,12.2,15.3,0,12,12.2,12.6,15.5,2.1,2.8,6,10.2,6.9,10.9,10.9,12.3,10.3,11,13.4,6.5,13.4,9.6,13.8,12.3,11.6,13.4,11,6,14.2,7.6,7.9,11.3,13.6,9.4,8.9,15.6,10,12.5,7,9.8,11.1,12,13,16.2,16,14.6,19.4,11.3,7.7,13.3,13.2,7,11.2,15.7,7.2,4.6,9.5,14.2,6,6.8,4.6,0,2.9,0,5.4,4.5,0,0,0,0,0,0,4.3,0,0,0,0,0,0,3,0,2,4.7
1943-09-01,1,2,2.6,2.1,0,10.5,14.1,26,20,5.2,12.5,0,0,3,0,9,5,10,12,0,4,15,6,2,5,21,10,4,6,13.8,0,8,13.3,2,2,0,18,8.9,45,8,0,0,2,3,4.4,16,6,12.1,0,0,9,28,0,9.6,7,3,2,4,7,0,7,2,6,18,2.7,10,0,21,20,11.7,23.2,6,2.9,6,13.6,13.6,16.5,19.6,13.6,14.4,13.6,16.1,13.7,14.7,12.1,12,12.4,13.3,11.7,9.7,11,12.9,9.8,9.3,7.5,12.9,12.8,7,8.5,8.9,11.9,17.1,10.2,8.4,5.3,6.9,9.8,15.9,19.3,15.1,9.3,29.6,26,13.8,11.3,13,12.1,10.8,23.2,9.4,15,20.6,6.1,24.6,7.7,7.2,10.1,8,13.5,25,14.9,4.5,5.6,9,11.5,11.1,20.8,14,10.4,8.9,10.5,7.6,32.8,7.7,7.3,12.1,9.8,12.4,10.1,16.2,25.5,9.5,6,12.8,7.4,15.5,10.4,16.6,12.8,8.3,7.8,15.8,11.6,0,0,3,6,5.4,21,3,10,6.9,10,14.8,14.2,5,7.7,0,3,8.2,6.4,15,8.1,12.3,1.9,7,14.1,9,10.9,8.7,7.3,2.5,9,13.4,5,5.4,16.9,15.5,20.9,10,117,2,7,8,10,10,5,4.2,22,5.5,13,7.2,1.9,21,8.4,15,6,1.9,2,10,5.4,2,0,0,0,12.5,8,3.9,2,0,11.9,0,3.8,7.7,11,10,4.3,3.5,2,2.9,6,12,5.8,5.3,9.8,6,3.7,2.5,11,1.9,6,0,6.7,144,0,0,7.1,10,4.1,10,0,2.6,14,5.7,14,4.6,3.7,5.9,7,11,14,12,11.9,8,9.8,11.7,4.7,4,1,22,2,0,0,5,18.9,17.9,8.8,12,23.5,12.8,22.1,17,17.2,13.1,13.2,17,4.7,9.3,12.1,10.9,9.3,10.8,8.4,14.1,15.4,16.5,13.4,9.1,15.6,14.3,14.7,14.5,16.7,21.5,15.3,10.7,13.3,12.6,10.8,9.6,17.8,12.1,9.9,15,12.5,13.9,12.6,12.2,14.4,16.2,19.2,26.9,17.9,16.2,16.6,8.2,8.9,21.9,17.4,10.4,12,12.1,10,7.4,9.8,15.4,8.3,8.6,8.3,15,8.1,11,25.5,8,15,5,5,11,0,6,10.8,14,11,10,7,7,9,9,20,11,16.6
1943-10-01,25,90,35,35.2,42,62.3,84.4,49,58,30.5,58,46,48,69,24,31,74,51,38,30,77,21,27,41,42,20,17,25,36.1,61.7,0,78.6,66.7,24,10,9,67,66.2,6,28,57,70,58,93,47.2,9,47,59.5,43,37,22,11,10,71.2,52.6,57,35,27,105,2,50,95,28,23,26.5,72,19,16,153,131.3,65.8,117,17.5,29,22.4,52.2,32.5,41.5,45.9,44.1,48.8,40.4,37.1,59.4,47.2,41.2,42.2,42.6,49.6,39.5,32.3,50.1,53.5,40.9,29.7,33.2,22.5,31.9,19.2,21.2,26.5,33.1,29.4,26.5,17.3,20.1,25.6,49.9,55.4,66,38.4,48.2,56,49.4,51.8,46.7,45.3,48.4,55.2,45.2,55.9,70.3,33.1,58.7,32.5,42.1,31.2,30.8,37,47.5,45.7,30.7,35.8,52.6,40.3,38.4,35.6,40.7,32.8,39.2,41.9,34.5,41.2,25.7,26.7,35.5,18.6,44.8,34.5,51.2,61,29.8,36.7,36.9,41,26,41.9,21.6,7.8,27.2,28.2,44.4,152.5,142,182,119,185,132.7,199,119,32,128.1,83.6,143.8,156.1,98,108.9,164,119,139.8,100.2,100,108.3,80.1,162.2,150.4,124.3,245,140.7,140.5,116.1,96.2,132.9,167.1,109,136.4,105.4,153,142.3,137.3,117,0,62.8,47,57,62,67.6,64.3,50,82.6,71,87,73.3,57,72.8,60,70,55.6,96.7,58,88.7,87,93,72,120,55.4,65,68.7,96,40,121.3,90,88.7,93.7,117.1,59,86.1,77.9,129,96.9,79,129,118.2,89.6,108.6,9,86.7,93,224,124.5,144,121,120.1,115,47,147,199.7,207,99.4,101,154,103.7,60,108.3,132,122.3,82.9,130.8,154.2,145.5,194.2,137,134.6,232,132.8,138.1,148.9,102,180,166,139,125,105,112,139.8,127.1,64.6,127,101.8,134.9,81.4,76,73.4,108.3,96.2,124.7,83.5,77.1,89.2,69.6,67.3,77.2,63.9,84.9,78.6,71.6,90,96.2,92,136.4,101.2,93.3,92.7,100.7,79.2,82.2,68.5,71.8,44.5,95.2,91.7,146.8,123.3,144.2,127.9,78.8,118,120.6,97.5,96.2,124,110.1,93.8,164.8,161.8,143,184.6,160.7,147.5,153.5,107.2,102.5,107.1,80.9,122.5,124.2,111.4,73.8,113.5,100,125.3,141,173,147.7,134,212,147,14,139,104,105.1,179,158,171,124,186,216,290,150,169,144.5
1943-11-01,8,28,61.3,52.7,119,172.8,114.2,90,97,93.7,109.2,125,94,126,136,117,63,136,51,45,84,54,43,51,161,140,230,210,110.6,93.7,125,93.7,104.2,70,156,127,81,107.5,30,64,41,106,67,66,79.8,64,77.7,85.7,41,131,50,39,53,69.4,91.3,87,41,103,83,75,81,137,76,110,82,53,205,139,169,140.7,89.1,195,36.3,18,59.4,105.1,76.7,101.8,105.1,83.4,97.9,93.5,93.9,101.9,111.2,91,102.4,88.5,98.5,114.1,83.6,119.4,88,85.5,54.4,57.7,46.9,63.5,41.5,45.6,57.3,57.4,43.2,45.4,50.4,52.8,54.8,112.3,123.3,112.1,107,137.4,97.7,110.1,108.5,118,111.6,113.3,102.7,118.5,125.5,114.7,113.8,97.9,72.6,89.2,73,72.1,67.6,63.8,82.2,56.7,49.7,102,86,76.6,60.6,69.4,64.5,85.5,102.2,88,94.8,68.5,53,108.2,61.5,130.1,78.8,129.5,118,58.5,81.2,74.1,106.8,26,84.6,32.8,12.4,60.2,51.5,90.7,163.7,72,196,199,147,148.3,263,199,138,143.6,88.4,174.2,180.5,215,143.5,180,199,137.2,146.5,168,112.2,95.7,133.1,143,139.2,146,179.2,157.9,105.5,101.4,129.1,181.3,131,167.8,154.5,191.1,184.2,183.5,181,147,71.5,52,34,83.1,73,79.8,63,100.5,46,108.4,85.9,80,97.2,81,93,73,94.4,80,109.9,100,46,72,138,86.8,109,81,161,112,131.5,100,108.8,116.7,159.5,196,116,85.2,183,128.1,136,115,138.3,107.2,130.4,55,77,97,126,109.5,163,101,135,54,201,145,168,121,140.3,118,101,105.1,159,117,134,144.7,92.7,155.2,146.5,127.1,216,163,152.9,144,168.8,157.6,156.3,339,223,148,184,153,207,255,168,147.3,77.8,144.3,195,151.7,129.5,161,141.9,123.6,122.3,154.3,122.5,119.8,133.5,94.5,79.9,102.4,96.2,100.3,91.3,119.3,121.6,137.1,126,136.9,131,120.2,124.2,144.4,84.3,132.3,113.8,116.8,75,159.1,112.2,145,122.9,164.3,137.4,88.3,125.8,150.4,126.8,141.1,171.8,130.1,126.5,183,186.9,154.7,159.5,163.2,159.9,140,124.6,128.3,102.2,99.7,109.9,125.5,120.1,78.9,134,168,140.3,71,74.5,164.1,186,164,204,19,190,234,132.1,123,101,110,72,101,114,144,61,111,123.3
1943-12-01,28,11,44,37.6,73,39.1,53,115,109,56.2,52.4,76,54,31,109,48,78,63,54,178,26,59,69,72,47,57,49,29,54.9,68.8,81,64.2,78.4,40,75,143,33,59.4,68,42,51,75,49,70,48.9,123,50.9,52.4,120,78,40,16,138,75.3,50.8,88,16,37,87,107,54,114,44,43,49.3,38,40,73,91,57.7,53.3,127,54.8,134,39.3,73.9,59.2,87.1,68.1,69.5,73,54.6,72.2,61.1,78.6,72.6,74.5,60.2,82.8,81.2,68.1,90.4,94.4,76.1,50.9,45,43.1,39.9,42.2,48.3,40.3,44.5,57.3,37,33.8,31.7,31.4,95,94.7,99.4,68.7,92.8,86.7,92.7,78.7,75.3,80.8,85.2,83.9,92.8,74.7,86.8,50.5,85.1,66.9,64.1,58.3,56.6,51.7,57,47.4,31.6,44.1,62.8,62.4,45.1,44.1,51.6,56,74.7,95.4,57.8,54,44.8,38,66,44.8,78.7,63,79.6,82.4,38.1,73.4,59.6,87.4,85,67.5,14.3,10.7,51,43.4,62.2,96.4,163,58,37,105,58.4,37,37,68,61.2,51,64.3,56.2,57,62.9,21,37,59,63.8,76,55,61.5,61.8,78.6,67.4,120,51.2,74.5,61.4,67.1,56.5,53.5,12,49.9,67.8,43.3,49.7,53,50,20,59.6,15,28,67.5,63.2,53.1,52,74.6,45,57.8,42.4,39,51.7,36,21,49.9,66,46,67.4,54,50,74,58,88.2,78,54.4,134,133,82.9,90,71.5,49.5,82,81,63.8,54.9,126,57.5,21,98,69.7,48.8,75.8,78,51.6,64.9,85,71.3,82,15,72.2,256,38,73,115.8,137,51.4,49,35,46,75,58.1,77,58.7,54.2,47.7,53.8,62.2,81.8,123,63.2,104,60.2,49.9,47.5,68,49,36,68,54,75,54,45.9,64.9,47.5,47.1,70.4,64.9,62.9,83,75.9,72.9,54.3,58.8,57.3,56.6,68.9,56.2,40.5,40.7,55.2,39.8,45.7,64.6,72.2,61.3,62.9,75.2,73.4,68.6,79.2,61.5,46,51.9,28.7,45.9,32.4,66.8,50,64.6,68.5,65.5,75.7,55.1,49.4,72.1,56.3,59,75.1,49.1,55.9,98.8,113.8,107.6,116.6,115.3,106.3,88.6,69.1,74.2,76.2,64.1,67,69.1,76.2,54.4,66.1,76,50.8,26,26.6,38.5,51,60,41,13,44,37,25.6,5,13,36,19,22,3,16,20,38,28.8
1944-01-01,139,88,88.2,73.4,153,50.3,134,134,131,96.5,144.8,70,230,100,144,74,211,66,151,67,117,148,161,231,105,48,69,108,100.6,139.5,49,132.9,145.7,179,72,91,101,147.4,45,102,167,183,136,181,100.6,166,112,139.8,149,80,81,121,217,140.2,109.5,109,69,192,163,55,162,151,125,109,85.1,200,55,81,152,119.7,97.1,39,64.1,110,74.8,133.2,88,135.3,130.2,104.6,119.9,108.1,112,124,124.7,121.3,139.9,107.7,127.9,146.5,131.2,142.3,113.9,127.2,72.4,85.5,52.1,94.4,53.3,69,80.2,71.7,78.2,61.3,58.5,69.7,66,158.7,174.1,151.2,113.1,159.4,128.6,150.4,133.8,140.2,148.5,147.1,132.1,153,159.8,123.8,128.9,128.9,94.7,115.3,82.3,94.7,97.9,101,94.2,52.6,77.9,113.8,90.4,116.3,97.8,81,98.5,95.4,122.1,100.7,131.4,85.2,59.9,131.1,77,153.9,107,147.8,157.2,72.1,111.7,97.1,114.1,143,113.5,31.8,12.6,88.7,73.1,109.8,169.5,96,79.5,179,130,117.8,127,179,102,121.3,87.3,149.8,144.7,118,114.9,104,179,118.1,120.9,129,97.3,158.2,190.6,138.8,137.9,176,136.6,117.1,118.3,112.1,105.5,147.5,59,125.3,143,153.1,153.2,146.7,181,10,125.5,123,83,149.2,138.5,104.6,156,128,215,145.7,111.3,114,119.5,160,130,84.6,111.9,92,130,102,119,163,208,90.5,87,93.1,261,75,152.3,109,123.4,124.8,165.9,70,123.5,92.2,149,133.2,135,138,130.6,113,134.8,72,78,95.7,112,117,91,77,134.2,52,87,82,171.2,253,130.3,177,105,97.4,131,112.3,112,127,85.5,124.4,117,120,164.3,182,131,159,143.2,118.1,134.8,215,150,122,261,209,180,72,129.6,127.7,123.2,119.8,153.7,112.8,123.7,167,130.7,115.9,126.2,137.7,124.3,123.1,142.4,129.6,81.1,117.8,97.6,102.5,100,130.3,127.3,125.3,117,125.3,130.2,124.4,120.2,138.4,105.5,157,136.4,133.6,80.7,175.1,88,124.9,116.4,130.7,127.2,91.6,100.4,129.3,137.9,137.8,146.4,122.5,104.8,170.2,192.4,161.9,174.8,183.8,184.4,160.2,136.4,142.3,135.3,109.3,122.3,135.5,123.4,97,111.6,129,115.3,69,146.4,105.6,113,84,123,141,107,110,83,106,81,81,32,62,71,150,46,118,107.5
1944-02-01,36,130,54.6,38.6,13,95.3,66.4,41,161,72.9,54.5,54,38,70,112,125,63,98,7,110,94,33,224,31,58,109,104,67,81.6,64,106,63.8,74.4,86,109,116,30,66.6,15,31,17,53,58,56,48.4,113,50.7,42.9,108,38,31,41,57,64.7,56.6,47,55,80,64,139,50,97,15,26,68.8,27,72,100,109,75.5,62.5,234,54.2,80,41.2,80.6,68.2,95.7,72.5,77.1,87.1,69.5,80.9,74.7,88.6,79.6,78.3,77,78.5,76.8,64.5,102.5,92.8,77.6,50.9,46.7,47.1,55,38.4,46.9,52.9,50.4,49.7,35.8,38.8,40.3,35.4,94,99.5,111,72.6,113.5,91.2,88.5,88.9,89.3,86.8,90,85.4,105.6,93.5,92,68.9,89.9,56.9,66.6,55.6,56.2,57.8,59.4,54.1,42,41.5,73.7,66.3,51.6,49.6,66.6,55.9,72.4,92.6,68.2,64.6,55.2,44.5,82.4,61.9,93.1,68.1,93.9,92.6,49.1,81.4,66.2,98.1,92,77.3,19.1,8.2,56.5,49.1,67.6,118.8,125,38,37,85,67.8,91,37,23,58.7,59.5,87.6,89.8,78,74.9,102,37,64,67.7,25,66.2,68,71.7,84.9,83,118,87.1,87,59.2,70,70.9,67.4,86,68.2,72.7,77.7,74.5,83.2,112,56,65.6,48,22,85.8,64.2,57.3,55,83.6,100,69.8,61.1,47,55.5,28,28,66.1,78.9,126,83.3,102,131,106,75,90.6,80,59.7,95,29,92.5,103,73.5,53,91.7,35,73.8,61.6,102,75.8,46,110,77.5,51.8,73.2,33,49.4,70.9,108,71.8,150,40,70.1,83,64,53,113.6,112,67.8,82,13,50,24,64.3,65,67.4,60,63.7,61.8,83.9,93.4,108,80.2,76,85.4,72.9,59.6,74,53,108,45,47,56,52,79.2,74.1,48.4,59.5,74.6,74.2,63.1,47,54.1,71.8,59.9,75.2,56.2,53.8,62.6,59.9,52.6,54.2,53.4,48.1,60.9,71.4,77,66.8,60,84.2,78,73.3,83.4,66.5,56,63.1,52.8,60,45.9,74.8,63.7,68.8,65.3,75.3,76.6,58.5,64.4,79.9,69.3,69.3,84.8,68.1,67.3,109.6,114.9,104.4,132.7,124,124.5,92.2,87.8,88.4,85.2,73,95.8,82.4,90.7,59.2,83.7,25,66,42,140.2,92.7,66,104,61,132,64,66,81.3,100,94,86,55,99,59,64,64,110,93.1
1944-03-01,71,18,63.9,49.5,141,128.6,103.4,121,50,112.4,137.2,146,110,184,103,89,111,121,230,97,106,165,57,235,126,49,130,150,104.7,150.4,119,126.3,142.8,189,239,111,97,141.5,18,158,213,175,121,119,88.2,25,112.1,144.8,71,145,162,160,103,140.8,109.2,109,171,188,109,144,118,153,134,147,91.4,109,180,196,80,82.7,95.9,96,54.4,28,60.9,134.2,98.4,115,139.2,107.2,112.7,104.9,92.6,133.1,119.7,121.5,142.2,105,121.2,142.3,131.4,155.7,106.3,106.2,72.6,80.6,45.9,86.6,60.9,64.1,72.9,69.7,83.5,50.9,57.7,51.6,58.3,149.8,182.4,156.6,117.8,150.6,130.8,144.6,137,147.9,158.8,149.6,137,136.3,169.9,108.1,118.7,146.8,94.4,114.3,79.1,81.1,86.7,105.8,81.6,54.9,64.5,108.1,88.7,89.6,81.7,87.2,89.9,110.6,120.4,102,120.2,92.4,59.6,116.8,58.7,140.9,103.1,127.9,128.1,66.2,96.7,106.9,104.7,55,124.4,28,16.8,81,73.9,97.8,113.3,136,120,114,109,98.8,128,113,93,74.5,55.1,108.4,106.8,108,82.9,93,114,78.7,86.1,65,75.1,131.3,40.7,93.2,100.9,109,108.1,101.3,60.4,70.3,77.4,123.5,125,103.4,111.4,98.1,96.4,121.6,31,20,106.7,172,53,130.7,94,72.7,184,99,86,83.5,80.2,65,96.9,74,91,64.7,86.2,125,93.4,101,80,82,59,93,62,62.2,78,68,93.7,79,70.8,63,103.7,88,68.2,71.8,86,74.8,53,82,81.3,92.5,83.5,180,42.6,54.4,48,62.8,60,44,69.5,69,140,83,113.6,24,68.3,47,27,54.2,85,62.2,60,85.5,59.8,82,77.7,91.1,109.1,117,108.7,169,91.9,99.7,87.5,152,129,82,169,134,119,105,106.7,88.9,85.7,84.9,106.8,91.8,96,83,129.8,79.2,116.1,105.2,71.9,79.6,103.7,93.5,56.3,63.8,61.8,56.9,74.5,84.7,94.5,85.5,83.1,82.4,95,89.3,108.9,101.9,65.3,103.6,89.4,71.3,53.4,122.1,67.6,86.1,72.8,94.5,78.7,78.5,76.3,94.2,84.6,116.7,93.7,98,77.4,106.9,110.4,107.6,110,122.1,116.3,90.5,80.1,86.6,81.2,66.7,85.5,78.6,81,55.8,86.5,65,80.7,89,96.6,71.3,42,61,35,63,42,51,76.8,81,83,11,107,77,69,67,94,105,84
1944-04-01,2,21,8.6,7.9,4,5.7,30.3,17,0,8.3,18.8,26,7,23,0,3,23,5,3,22,15,10,3,17,5,2,3,10,5.4,27.6,0,28.2,33.8,36,0,51,0,21.2,82,25,5,27,28,22,23,8,14.9,19.5,0,21,12,19,2,22.1,15.3,17,20,20,10,0,27,10,21,26,3.8,25,3,0,62,46.2,44.8,35,4,1,11.9,22.6,15.6,20.6,15.2,15.6,15.4,15.6,16.9,14.8,13.7,11.6,13.2,22.4,20.7,18.4,20,19.7,17.3,14.3,15.8,23.5,12.3,7.1,11.6,10.4,9.8,17.8,9.7,12,6.1,5.8,9.2,16.8,18.5,15.3,11.9,28.4,32.6,15.7,16.2,15,14.7,15.2,25.7,16.5,17,33.6,11.3,29.6,24.6,12.8,10.9,10.4,17.8,23,32.9,9,12.5,14.9,17.5,12.3,27.8,28.4,19.4,14.6,14.2,11.3,34.8,6,8,11.4,12.8,19.3,11.9,22.6,38,8.5,13.4,15.9,13.4,16.2,19.9,11.6,6,10.3,8.9,18.1,48.5,37,59,50,85,41.5,89,50,67,49.1,34,44.7,44.8,36,52.5,52,50,35.4,50.7,55,38.2,29.9,32.8,43.7,45.9,82,39.1,42.2,25.1,35.4,48.5,49,31,35.9,53.5,39.4,40.2,39.1,36,0,20.4,4,0,19.3,20.3,12.7,16,22.3,12,17.1,17.6,0,23.8,11,20,12.8,20.7,25,33,7,25,8,10,14.1,12,16.7,27,55,46.8,37,33.7,27,43.4,43,29.9,22.6,57,36,29,71,44,35.2,38,19,35.1,31.7,57,29.4,60,36,37.6,0,64,97,35.3,54,30.8,37,32,33,61,33.1,54,41.2,37.2,34.8,33.1,36.2,56.3,89,45.3,44,47.5,40.4,33.8,32,60,27,23,42,32,47,43.3,50.5,13.2,34.4,61.1,53.3,43.8,76,45,40.6,29.3,54.7,45.1,31.2,39.7,30.9,23.8,37.8,23.4,25,24.1,31.3,41.2,39.3,43.9,49.6,49.1,45.2,41.4,38.8,26.6,24.4,23.3,20.8,26.4,29.2,46,41.6,44.2,39.7,56.8,35.2,40.4,42.3,30.1,35.8,56.1,47.1,33.7,42.4,59.3,50.6,36.7,55.7,58.6,44.9,33.6,33.3,30.2,24.7,35.4,33.3,31.3,26.7,58,55,38.7,97,109.4,53.7,50,49,42,45,41,48,50.9,42,40,85,60,72,65,75,84,114,62.8
1944-05-01,0,3,7,6.4,18,2,33.9,26,0,4.3,36.8,6,66,2,5,1,39,1,37,0,0,33,0,24,0,0,1,0,8.2,37.3,0,47.9,56.1,16,0,5,30,35.8,0,34,15,13,13,15,17.6,0,25.5,33.9,0,17,35,55,0,27.1,15.1,30,21,12,63,0,11,6,14,13,4.8,26,0,0,2,18.7,41.3,7,4.7,4,13.2,19.5,16.8,22.2,16.5,15.9,14.2,24.3,14.5,20.1,15.1,11.9,15.5,19,17.9,14.3,18.7,19.3,15.7,12.7,10.2,19.2,14.2,6.5,13.3,8.7,9.1,17.5,10.2,8,5.9,7,11.6,19.7,20.5,18.7,14.9,31.8,25.1,17.2,14.7,16.9,15.1,13.4,27.9,16.8,17.6,27.4,10.5,27.4,17.8,10.8,12.4,12.7,15.7,34.3,25.8,12.1,9.9,11.4,9.7,9.5,21.1,19.8,15.9,9.8,9.2,8.4,30.9,8.5,9.9,10.4,10.1,15.3,12.5,18,26.1,11,14.6,15.4,13.1,18.7,11.3,12,7,11,8.2,15.5,20.4,7,5,0,46,25,40,0,51,24,15.3,37.6,29.5,14,31.7,12,0,18.9,33.1,38,16.7,42.2,4.1,26.3,23.6,0,18.4,15.6,15.6,14.7,24.4,28.5,44,24,59.4,23.8,22.2,21,18,33,28.2,36,31,31.4,21.5,19.1,30,25.2,52,28.4,15,65,33.5,61,54,8.7,11.5,45,17.6,20,10,8,29,14.2,8,10.1,19,73,25.2,0,13.3,14.6,29.4,0,8.5,12.5,1,16.9,44,0,25.6,21.1,19.4,93,11.4,7.2,0,12.9,5,1,19.6,23,35,18,15.5,10,14.6,28,15,15.7,48,20.7,0,36.2,14.5,23.1,20.8,18.4,23.3,7,23.2,8,33.2,23.9,19.6,11,17,9,15,11,17,1,28.1,31.3,31.1,26.4,59.4,21.2,36.7,68,64.6,29.9,28.8,48.5,26.1,28.6,42.8,35.5,29,30.2,20.9,24.5,20.9,27.7,28.1,27.2,29.4,30.7,37.3,29.6,34.8,43.4,28.5,20.4,24,33.8,25.2,22.2,27.7,19.5,25.2,19.4,27.7,24.1,24.3,26.7,23.4,37,38.6,41.2,25.2,32.3,30.9,29.6,21.8,28.7,27.8,23.6,20.9,20,20.8,16.7,20.1,24.9,19.9,15.6,33.5,38,19.7,14,22,14.4,16,23,1,8,4,0,25.4,8,12,10,11,26,20,30,16,27,29.5
1944-06-01,4,8,3.2,2.7,12,4.8,16.1,2,0,2,15.7,0,0,0,0,6,10,1.8,6,29,0,3,0,5,0,2,0,0,3.1,6.8,0,12.1,10.8,0,0,12,5,7.4,0,0,0,0,0,0,2.2,0,1.2,9.6,0,1,2,0,8,12.4,8.9,0,0,0,7,0,4,0,2,5,8.7,0,0,3,30,6.1,22,1,3.2,7,12.3,16.1,17,20.2,17.5,15.8,10.6,20.7,13.1,16.4,20.4,11.4,12.3,12.2,17.2,12.6,20.3,14.2,14.8,6.9,8.4,15.3,13,9,11.2,10.7,7.8,20.6,10.8,12.3,6.1,8.6,13.4,18.6,19.6,15.9,12.6,22.1,21,16.4,11.2,14.4,12.2,11.9,25.1,9.7,14.9,18.3,6.3,28.8,8.9,6.1,9.3,9.4,15.6,37.4,17.7,6.2,8,10.1,12.6,10.1,21.5,13.2,10.8,12,11.8,8,32.9,4.6,8.3,7.8,13,10.1,10.7,20.1,25.4,10.2,10.1,15.9,9.6,16.2,11.8,18.8,12.7,8.5,7.7,13.2,6.4,0,5,0,17,5.1,12,0,1,2.2,6.4,6.8,3.1,0,6.7,7,0,4.3,4.8,1,5.8,5.9,0.6,3,10.4,11,10.5,4.8,5.9,3.3,7.1,12.3,0,4.2,11.1,9,3.5,4.4,0,0,1.8,0,0,6.7,1,3.8,0,1.5,0,3.2,0.8,0,3.8,0,0,2.1,2.3,3,6.5,0,0,0,0,10.8,0,0.2,2,0,4.6,0,0.9,9,7.3,0,0.3,3.1,0,3,0,0,3.6,4.8,5,35,1.2,1.1,4,2.7,11,0,3.4,0,0,0,3.4,0,4.8,0,0,1.6,0,5.6,8,3.3,2.7,4,3.9,6.8,5.9,22,8.4,15,2.6,3.6,0.3,2,0,0,0,0,0,0,9.9,14.4,8.2,9.2,17.6,10,15.6,3,11,13.9,13.8,16.3,2.6,2.2,7.8,10,5.7,11.9,8.8,11.9,10.9,13.3,15.2,6.7,15.1,10.3,12.4,11.9,14.1,15.4,15.1,7.2,12.3,10.8,9.3,11.1,13.7,9.1,8.7,14.6,9.5,13.9,7.5,10.1,13,14,18.3,19,16.4,15,24,12.3,13.3,15.1,18.3,8.3,10.8,11.9,7.1,5.3,10.8,15.4,5.9,8.6,4.8,1,4.4,0,2.5,3.6,0,0,0,0,0,0,6.7,1,0,15,4,2,0,2,0,5,5
1944-07-01,0,0,0.2,7.7,0,0,9.2,0,0,0.7,20.3,0,0,0,0,0,0,1.9,0,0,0,0,0,0,0,0,0,0,11.1,6.3,0,12.6,9,0,0,0,0,3.6,0,0,0,0,0,0,2.8,0,3.1,5.5,0,0,0,8,0,7.4,13.6,0,0,0,0,0,0,0,0,0,4,0,0,0,0,2.5,24.4,0,1,2,15.1,15.3,18.1,22.8,14.2,19.9,7.7,15.2,9.5,18.4,32.6,8.6,14.2,12.8,17.9,12.4,16.3,15.8,14.2,5.4,8.1,18.9,11.1,7.8,12.3,8.9,9.6,26.9,8.8,15,5.4,7.6,13.1,26.2,21.2,20,12,27.6,16.9,18.3,14.1,15.4,8.2,11.6,25,11,19.2,16.4,9.2,28.9,10.8,7.2,7.6,11.4,17.1,41.4,17.2,6.5,7.4,14.9,12.8,10.5,21.8,12.9,11.5,17.4,11,6,32.5,4.3,9.6,6.6,12.2,10,13,15.2,29.1,11.7,8.8,19.7,9.6,17.7,11,19.3,14.7,9.8,8.1,14.5,3.7,0,0,0,0,3.6,0,0,0,1.3,16.9,5.5,3.4,0,1.7,34,0,4.3,3.9,0,6.8,8.8,0,0.6,15.4,0,12.5,2.4,6,3.3,14.7,10.9,2,5,11.8,7,2.5,8,0,20,2.6,0,0,4.1,1.4,3,0,1.8,0,1.4,0.7,0,3.6,0,0,4.3,4.5,0,4.7,0,0,0,0,11.2,0,1.5,0,0,6.2,0,1.2,6.8,8.3,0,0,6.7,0,3.7,0,0,0.5,6.5,3.7,61,1.5,1.3,0,2.1,0,0,2.3,0,0,0,4.5,0,4.3,0,0,3.9,0,6,0,1.6,3.3,10.1,7.5,10,3.5,0,9.9,0,5,4,0.5,0,0,0,0,0,0,0,11.2,12.3,7,9.6,18.9,10.9,14.9,0,11,12.6,10.9,15.3,6.5,3.5,12.2,10,7,11.9,9.2,11.8,10.6,16.4,13.9,7.5,13.1,9.7,10.8,11.3,16.2,14.5,18.2,7.7,14.5,6.8,10,9,16.9,10.1,10,14.3,9.4,13.1,6.9,10.4,13.2,13.2,15.7,17.5,15.2,17.2,22.8,14.4,9,13.2,15.4,7.7,12.9,14.8,10.1,6.3,10.9,13.1,6.5,5.5,4.4,0,8.4,0,0.4,7.5,0,0,0,0,0,0,4.6,0,0,0,0,0,0,0,7,0,5.2
1944-08-01,0,0,1.5,4.7,1,7.4,16.4,15,0,1.1,21.3,15,5,2,0,0,6,1,3,0,0,0,0,0,8,0,1,0,4.5,12.2,0,8.8,9.4,2,0,0,23,5.5,0,0,1,12,7,7,2.7,0,0.9,8,0,0,0,0,0,13.7,10.3,9,0,14,12,0,0,10,0,0,4.3,0,0,0,0,1.8,22.8,0,3.3,0,12,14.2,17.4,22.7,17.1,17.4,10.2,13.1,9,19.1,26.6,10.5,12.3,11.7,14.4,12.4,15,10.8,10.9,4.6,6.4,15.2,10.9,7.3,11.3,10.1,6.7,24.1,9.7,13.2,5.4,7.8,12.4,19.6,18.5,13.8,9.8,24.9,21.7,14.9,12,13.3,9.2,10.1,27.4,8.5,16.9,17.2,4.6,28.6,8,6.7,8.5,13.9,14.8,35.2,15.1,6.6,6.4,12,10.2,9.1,20.6,10.7,11.4,15.2,7.5,7.4,34,4,9.8,7.3,12,9.8,10.8,20.5,27.2,11.9,8.4,22.6,7.8,13,10.7,19,13.7,8.3,7.3,15.8,3.8,0,0,0,0,5.5,0,0,0,1.4,13.5,6.2,4,0,3.5,0,0,3.4,1.5,0,6.3,5.7,0,2.7,12.6,0,10.6,3.1,7.4,4.1,11.4,11.3,0,5,11.7,7.5,4.5,4.2,0,0,3.2,0,0,2.9,1.1,2.4,0,2.2,0,2.8,0.6,0,1.6,0,0,3,2.4,0,2.1,0,0,0,0,8.2,0,3.4,0,0,7.8,0,1.2,7.1,7.3,0,55,2.1,0,4.7,0,0,1.1,6.3,5.4,0,2.6,1.1,0,1.7,0,0,2.7,19,0,0,2.8,0,4.1,0,0,2.1,5,3.5,0,1.7,1.8,7.4,2.3,6.7,4,0,7.7,0,1.2,2.3,0.6,0,0,0,0,0,0,1,9.9,12.4,6.4,9.5,15.7,11.9,12.2,0,11.8,12.3,12.9,13,3.2,1.5,4.3,11.3,5.6,10.4,9.8,11.3,9.4,18,11.7,6.6,15.2,10.5,13.2,12.3,14.8,15.1,13.7,6.5,10.8,8,8.9,14,18.7,11.7,7.9,13.7,10.4,13.3,7.2,9.3,11.2,16.9,13.4,16.8,13.2,16.2,17.4,15,7.3,14.3,13.7,8.5,11.2,16,9.8,7.4,14.2,14.1,6.5,8.8,4.9,0,2.1,0,1.2,5.5,0,0,0,0,0,0,6.1,0,0,0,4,0,2,10,7,0,5.6
1944-09-01,1,4,4.4,5.5,3,0.3,12.2,16,5,3.2,14.5,0,3,0,3,0,10,4,15,11,1,26,8,7,3,0,0,1,5.2,11.9,8,16.2,20.6,0,0,20,43,11.8,0,9,15,0,0,0,6.4,0,6.5,15.7,11,14,26,9,13,10.4,11.7,0,0,0,0,15,20,0,0,0,2.9,0,0,0,0,12.9,26.4,3,2.9,4,15.4,19.4,15.8,21.4,17.3,18.7,11.5,17,16,13.2,10,8.1,14.3,17,15.3,13.3,12.6,15.4,13.6,8.8,9.1,15.6,13.4,7.8,9.8,6.8,8.6,16.4,10.6,8,5.5,7.6,9.1,18.2,17.4,17.9,11.3,19.3,34.9,16.6,12.9,15,14.7,14.1,21.4,16.4,15.3,23.9,7.7,21.6,11.3,13.5,12.6,14.9,13.5,29.9,18.3,5.2,8.5,8.6,11.2,9.9,20.5,14.5,12,13.1,11.6,5.6,32.7,5.3,8.2,10.5,10.9,14.3,11.1,16.9,36.8,8.6,17.2,12.2,10.2,62.5,9.6,14.6,10.8,7.1,7.1,16.8,15.8,9,10.5,11,26,11.5,22,10,34,15,14.9,18.2,21.3,2,14.1,11,11,9.1,15.9,34,13,18,15,14.6,14.1,0,13.8,11.9,9.1,9.1,12.5,15.4,29,9,27.4,13.5,11.2,13.7,0,15,10.9,26,10,8.8,8.6,5.5,20,11,22,11.8,6,0,15.5,0,20,5.9,4.8,2,12.5,12,0,12,41,9.2,6,9.3,28,25,17.2,6,8.2,9.7,24.7,0,50,6.6,9,15.2,10,7,14.9,13.1,15.3,8,4.9,11.2,2,10.4,31,7,11.4,120,7,6,7.2,32,7.4,12,1,12.8,4,12.8,19,11.4,7.1,6.9,14,15.3,16.8,0,16,7,20.9,14.1,10.8,1,22,22,2,8,6,5,19,23.1,11.6,13.4,28.9,14.5,26.6,8,27.9,16.5,17.4,22,12.5,14.9,18.7,17.4,15.3,14.7,11,18.7,16.5,23.9,16.2,12.2,18.5,19.9,20,18.2,24,24.6,13.9,14.1,15.1,13.3,11.5,16.7,16.2,14.4,13.7,14.9,15.3,17.7,12.7,17.5,17.9,18.5,28.2,30.5,20.7,23.3,18.5,18.2,18.6,24.7,21.8,14.8,17.4,16.9,14.9,13.3,14,19.1,15.6,13.8,14,34,7.7,20,27.8,16,8,19,1,16,76,4,15.6,13,19,15,19,15,26,15,16,16,21.8
1944-10-01,57,6,58.6,39.1,212,60,125.7,97,62,77,115.6,60,98,77,107,36,94,98,178,67,65,241,70,141,49,50,52,47,75.9,123.2,151,127.7,139.5,96,112,116,117,127.9,18,185,143,145,85,89,76.5,5,98.5,109.8,56,111,146,128,87,116.8,70.6,85,92,103,86,34,165,98,103,221,64,89,87,47,14.1,76.9,60.5,102,29.6,15,34.5,85.4,73.8,96.1,83.7,69.5,78.9,60.4,62.3,74.1,90.9,85,101.2,81,98.7,87.7,77,109.9,91.7,70.8,42.8,46.9,41.3,38.9,31.7,31.2,31.2,42.5,37.2,34.8,25.8,28.2,38.4,93.4,124,116.7,77.1,106.9,94.6,102.3,102.8,95.5,90.9,97.4,72.9,111.3,97.6,76.5,87,92.3,71,64.4,65.1,55.8,55,47.4,64.4,37.4,48,76.1,69.5,59,55.8,74.5,67.5,70.6,90,70,67.4,34.9,36.9,71.7,42.2,92.2,61.5,92.2,108.5,44.4,58.3,64.6,74.5,53.5,61.9,24.8,9.2,42.9,38.8,70.7,95.7,63,101,62,52,105.3,103,62,137,94.1,62.1,127.3,118.8,80,93.5,125,62,92.4,103.3,94,76.8,127.6,81.3,104.3,109.8,212,114.9,104.9,58.5,56.7,88.1,142.2,63,128.3,134.1,92.7,102,108.2,79,0,104.2,132,72,111.4,107.9,80.7,131,104.6,99,99,79.3,98,110,89,157,53,70.5,165,97.9,150,34,40,141,93.2,47,46.7,81,110,96.7,56,62.9,72,105.8,84,75,50.5,71,82.1,121,129,90.2,98.7,98.7,67,35.4,52.6,98,68.5,96,15,82.7,107,134,65,108.9,48,76.5,53,11,67.3,33,75.7,86,103.4,63.9,102,96.3,102.6,146,213,110.4,112,128,117,97.9,131,77,117,126,47,65,76,91.3,90.9,101.8,100.4,142.3,104.2,99.6,111,141.8,88.9,121.2,125.5,89.2,112.2,102.5,110.6,72.6,81.8,84.7,77.8,80.2,90,87.9,95.4,88.8,89.4,102.9,102.3,108.1,125.3,76.6,105.5,78.8,93.5,74.3,137.1,84.4,90,80.8,99.9,92,82.4,89.9,122.5,78.5,122,114,117.8,84.2,109,105.4,108.5,105.2,112.4,114.4,89.9,77.5,67.8,72.3,62.7,72.7,76.8,71.2,62.8,105.6,94,73.9,164,142,86.7,35,44,45,59,55,46,73.9,102,115,171,129,154,178,107,180,173,116.7
1944-11-01,44,41,64.4,50.5,39,54.7,80.9,41,108,46.6,52.1,74,68,71,69,74,39,51,33,81,44,42,80,46,88,35,51,90,68,70.4,47,66.7,73.3,40,55,42,25,56,16,49,65,67,41,48,50.6,25,58.3,46,117,61,86,47,14,67.4,46.5,43,47,74,48,51,54,69,52,60,36.2,52,46,100,31,49.9,105.6,44,53.2,52,55.7,78.2,68.3,73.1,59.8,58.1,65.7,57.9,68.9,58.4,81.2,67.3,64.3,65.4,78.5,76.6,59.7,82.2,81.8,76.4,51.2,42,43.5,49.8,42.7,40.2,44.6,51.1,52.3,35.2,40.8,36.9,38.9,85.1,76.1,98.3,78.9,69.3,93,79.7,63.8,67,71.2,73.9,86.8,83.7,70.1,71.1,54.8,79.7,61.4,63,57.6,63.1,60.4,65.3,57.5,43.9,52.4,79.1,72.9,51.1,45.2,41.5,49,79.2,84.6,58.3,50.7,53.5,38.5,60.5,43.8,76.3,65.6,62.7,79.9,45.1,64.7,55.4,74.2,53,57,16.1,8.2,55.3,50.5,55.2,137.9,106,67.5,0,53,67.7,95,0,82,90.1,95.1,59.9,57.4,9,85,70,0,80.5,80.5,98,77.1,97.7,107.6,109.3,86.2,30,55.1,86.8,110.5,89.3,61,70.1,16,64,80.9,26.8,28.9,33.8,10,12,81.9,64,88,95.8,85.6,80.1,84,101.9,106,101.5,80.8,85,82,119,96,72.4,95,128,114.4,110,90,94,109,100.6,93,83.5,107,37,123,66,93,94.2,97.7,74,51,70,99,99.4,72,85,101.7,58.5,91,104,75.5,98.2,98,106.3,111,127,94,106,87,59,128.8,172,90.8,159,20,65.9,93,80.5,97,68.1,73.3,62.2,68.2,82.2,97.5,32,79.1,74,62.5,42.9,37.2,12,9,21,14,8,4,12,27.8,78.8,85.7,52,68.6,60.7,81.8,59,77.6,91,94.8,72,71.3,76.6,84.5,70.4,48.5,52.9,63.9,55.7,62.7,75,101,70.4,71.5,87.5,83.5,81.6,79.2,75.3,69.1,72.2,46.2,83.5,57.7,90.8,50.9,66.7,83.5,75.5,83,67.1,42.3,70.8,65.2,79.1,86.4,61.6,56.5,135.8,152.5,136.2,131.5,157.1,161.8,112.1,108.1,109.1,109.8,93.5,102.6,130.6,111.5,73.1,71.7,98,53.5,8,17.5,18.3,14,14,10,13,6,6,17,9,4,0,5,14,2,37,15,17,22.1
1944-12-01,11,34,20.7,15.9,30,46.4,43.3,32,41,35.8,41,41,32,54,45,38,45,47,62,57,19,52,40,30,37,8,51,34,44.2,65.2,8,46.6,48.9,56,34,90,25,41.2,37,48,26,47,94,73,40.2,29,37.5,35.5,53,40,40,45,17,43.7,33.6,33,16,45,37,50,4,26,73,61,22.5,38,31,30,53,41.4,48.3,90,14.5,33,16.2,47.9,25.5,49.4,38.1,27.8,40.7,32.6,33.3,46.6,43.7,34.2,42.8,33.9,42.1,40,40.5,46.6,41.2,34.4,25.5,31,15.8,23.8,19,24.8,19.6,28.5,25.2,17.6,13.9,14.6,14.7,48.3,48.5,57.1,36.4,52.9,55.2,63.7,47.9,45.4,46.8,47.5,50.2,53.4,44.6,66.7,30.1,49,41.7,31.3,29.9,39.8,30.5,38.9,41.8,18.7,24.4,42.1,39.6,27.6,29.4,27.4,31.8,36.9,45.4,30.7,31.2,19.4,19.8,32.2,22,33.1,26.7,57.3,76.7,19.1,37.4,30.5,37.1,36.2,40,10.6,4.3,19.7,22,37.1,65.2,73,55.5,57,40,43.6,87,57,63,66.2,38.2,47.9,39.5,64,61.9,54,57,39.9,64.2,101,38.4,56.3,71.4,63.7,51.7,75,38,51.4,48.1,58.1,46.6,52.2,83,38.6,59.7,43.8,45.9,44.3,41,25,42.9,20,37,35.6,42.2,38.7,37,52.8,68,40.5,30.8,32,38.6,32,50,36.5,37.7,114,49.3,52,50,51,36,44.4,67,37.4,94,27,58.8,66,65.4,39.7,67.8,38,128,42.4,57,54.3,13,51,55.6,46.4,66.5,117,31.8,44.8,91,55.1,81,65,56.4,69,75,80,92.6,68,45.6,90,25,42.6,28,47.3,73,54.4,51.6,43.2,43.9,49.3,69.5,88,45.3,59,46.4,38.8,33.8,49,45,41,40,52,43,83,41.9,53.4,31.8,40.9,60.8,48.4,52.4,43,58.4,54.6,44.3,55.4,48.1,52.5,46.8,47.2,29.9,42,37,34,39.9,55.1,56.9,53.5,59.6,62.1,66.2,58.3,58.1,52.7,37.5,43.7,26.4,39.4,33.9,43.5,49.6,53.5,56.5,47.1,60.6,43,47,58.4,43.8,50.4,66.1,43.3,50.1,70.1,79.2,86.9,66,88.1,62.8,65,62.4,49.4,51.4,47.6,54.7,62.7,56.8,43.9,61,101,44.3,22,36,45.2,38,31,43,75,26,37,30.1,35,29,11,3,40,34,41,18,60,40.3
1945-01-01,31,36,38.4,33.9,93,72.1,56.4,60,54,55.9,60.5,30,124,30,107,56,103,45,70,84,37,145,73,82,33,65,45,37,58.6,81.1,44,81.3,72.8,103,74,70,99,76.7,182,27,62,94,70,63,51.5,103,57.6,69.3,46,86,153,116,142,79.6,56.5,48,71,50,114,63,143,83,74,63,55.7,77,27,46,84,53,51.5,150,34.3,46,24.7,80.4,59.1,85.2,65.9,68.8,69.7,52.3,64.7,68.1,70.4,69.1,71.1,61.6,74.5,76.2,69,90.8,95.7,71.2,46.8,32.9,35.5,35.9,38,38.8,32.2,41.6,48.7,27.1,24.3,28.4,27.4,93.5,96.5,110.7,65.4,99.7,86.3,83.6,83.6,66.3,83.8,82.8,74.5,97,86.8,83.9,55.6,82.5,69,55.7,51.3,50.2,43.4,56.1,49.5,26.2,34.3,59.9,58.8,42.5,53.3,44.9,50.8,66.9,91.7,51.2,48.1,38.8,30.7,63.9,40.8,77.1,58.5,69.9,86.8,37.7,64.3,61.1,82.8,114,51.8,13.2,6.6,37.2,36.2,59.8,60.1,59,48.5,47,32,46.7,54,47,60,52.1,39.1,52.9,46.6,48,59,64,47,43.3,56.5,53,40.1,72.4,45.7,53.1,51.3,101,50.2,55.6,53,61,52.8,48.9,95,41.7,57.9,53.1,61.3,58.9,63.5,38,61.8,56,55,68.9,64.4,54.5,83,69.6,75,57.8,43.8,109,52,154,24,42.3,54.6,58,67.4,91,39,59,39,52.5,38,39.6,61,28,66.6,33,62.7,41.1,72.3,31,90,36,63,49.6,38,65,50.6,46.3,62.7,95,29.8,47.5,72,56.8,60,59,56.3,51,84,71,104.6,63,43.9,95,30,39.9,25,45.9,105,48.2,43.3,43.2,45.2,52.7,68.1,102,54.3,95,40.4,45.1,34.2,46,33,32,73,70,41,104,60.7,54.2,59.1,45.2,60.1,49.1,50.6,48,52.9,53.5,60.8,47.5,45.8,54.1,51.7,58.3,37.5,43.8,53.6,29.6,49.7,55.8,69.5,54.1,51.5,68.5,65.5,62.2,75.2,55.5,47.6,56.6,33.4,52.5,33,67.5,55.9,60.2,50.6,54.4,59.8,49.7,59.9,62.9,49.5,51.6,68.8,47.1,46.7,72.7,82.2,77.9,81.2,89.6,71.6,65.8,60.8,51.1,55.1,48.4,60.9,65.9,58.2,43.4,55.9,53,40.8,28,113.7,81.5,88,128,106,118,126,73,82.1,89,110,137,178,120,136,51,159,72,78.1
1945-02-01,156,55,63.1,51.4,152,170.6,124.4,181,47,91.7,153.1,229,168,170,95,54,29,94,131,126,123,78,78,249,108,47,41,107,80.3,159.5,68,136.2,169.1,85,75,93,321,142.8,26,254,311,119,106,126,87,232,123.5,133.1,71,50,182,120,59,128.4,85.1,151,182,137,153,65,80,105,68,49,59.9,208,101,90,54,69.8,75.2,46,43.3,130,41.9,94.1,80.2,97.8,108.2,72.2,87.1,78.2,77.3,87,89.7,83.7,91.6,98.3,107.7,101.5,85.7,121.7,88.2,86.2,44.7,59.4,53.2,56.2,40.5,44.7,45.9,56.4,41.8,44.3,36.3,37,43.6,114.5,129.1,123.4,95.5,129.9,100.4,120.7,106.1,99.8,93.5,111.1,89.7,119.3,123.9,81.8,101.5,94.4,74.1,86.8,71.5,58.5,57.6,55.2,74,41.6,47,90.5,72.4,65.8,56.9,77.8,69.6,83.8,94.7,75.4,86.9,57.6,46.8,89.2,48.7,101.7,69.7,104.1,110.5,53.1,73,70.5,86.1,111,67.2,27.1,13.5,58.8,51.3,81.1,116.8,109,105.5,85,166,105.5,109,85,57,109.8,76,118.1,109.7,63,95.6,109,85,90.9,118.5,90,84.2,140,83.9,102.9,113.1,130,102.4,100.8,70.4,82.5,93.5,123.6,146,122.3,156.4,96.3,90.8,93.7,74.5,56,117.9,106,120,133.3,121.3,91.2,147,122.6,114,113.9,100.6,86,116.5,98,146,64.1,83.9,112,106.3,190,100,92,137,98.8,72,66.2,127,76,121.7,73,81.6,88.3,113.2,99,33,68.2,96,95.9,125,81,91,102.2,101.6,52,57.6,75.9,67,90.5,65,51,92.9,135,194,87,104.5,145,102.9,56,24,74.7,133,80.1,57,114.7,74.8,97.5,97.5,107.2,140.6,130,110.3,102,118.2,94.6,86.3,108,87,85,71,76,70,74,105.8,101.2,107.9,99,129.3,97.2,113.3,128,146.8,87.8,135.1,130.9,97.3,118.2,123.6,121.3,74,96.2,92,74.5,81.8,101.5,110.6,101.7,102,96.5,102.8,102.7,113.2,125.7,85.4,106.2,121.8,105.6,72.3,156.2,82.3,97.9,86,102.8,92.6,90,79.5,117.4,86.5,132.8,117.2,127.9,97,110.8,124.5,126.6,119,137,131.2,99.4,96.8,98.6,89.8,78.3,96.3,94,90.6,67.6,94.1,90,83.1,96,185.9,76.9,65,72,61,96,56,64,80.9,102,79,118,68,111,123,163,101,171,121.8
1945-03-01,54,53,59,42.1,217,43.8,91.8,104,95,88.9,129.9,75,168,70,101,50,135,25,191,31,89,334,138,142,134,79,105,54,93.3,183.4,57,162.1,135.1,137,162,86,105,168.4,194,92,110,197,167,238,96.1,99,96.2,135.3,67,291,192,135,64,148.5,99.9,155,104,149,164,103,70,232,292,394,78.1,99,144,44,79,82.8,72.4,97,37.3,13,39.4,96.2,85.2,114.3,130.1,70.5,92.4,82.2,85.4,94.3,94.5,117.9,110.6,97.1,112.6,116.6,91.2,136,96.2,88.1,55.5,54.3,46.3,51.8,37.1,41.6,48.2,59.4,44.6,38.8,32.4,39.1,47.9,126,143.8,125.3,87.2,142.8,96.5,127.9,120.6,135.1,119.7,120,90.5,119.2,134.7,97.1,100.2,105.4,88.4,88.2,69.9,56.8,62.1,60.1,69.9,39.1,45.2,83.1,69.1,60.8,63.3,88.7,80.2,83.7,90,82.4,82,52.8,44.3,89.5,55.8,108.8,81.8,108.8,114.7,53.2,80.6,83,97.5,110,88,23.5,12.7,61.9,52.8,84.1,106.4,77,122,107,70,104,158,107,53,91,49.8,121.8,121.9,97,100.9,115,107,86.7,92.3,80,78.3,106.4,91.2,100.3,112.3,153,110.5,102,48.9,56.4,80.9,136.9,103,121.5,126.8,116.6,110.8,115.4,103,28,87.3,63,31,103.9,83.5,79.8,67,88.2,97,95.1,73.3,107,81.7,136,106,60.8,71.8,86,86.6,151,46,33,38,85.3,33,56.7,105,124,90.5,52,67.8,63.5,96.9,54,0,52.3,68,70.5,90,96,85.7,98.3,93.3,118,26.6,47.9,104,72,103,103,81.3,13,88,40,121.9,130,78.8,65,28,58,65,66.1,115,96.5,62.1,89.5,91.8,100.2,150.1,153,101.6,120,119.8,107.9,98.7,97,110,157,133,121,133,58,116.7,97.8,85,86.4,127.3,97,92.2,98,117,82.2,108.2,117.1,72.5,77.4,92.9,84.4,63.3,73.6,67.8,74.5,79.5,80,92.2,91,79.6,93.2,94.6,96.6,98.9,100.1,65.2,92,80.7,79.7,47.2,110.2,77.3,88.7,80.5,99.3,91.4,77,91.2,118,84.3,122.5,106.2,101.3,81.5,117.8,111.4,121.8,117.2,115,114.4,86.5,76.4,68.8,74,67.2,82.9,77.9,70.9,57.3,103.4,80,78.5,70,96.2,85.9,55,59,62,64,72,65,92.3,104,145,77,101,110,160,96,114,80,100.8
1945-04-01,34,20,16.4,10.2,6,15.7,29.1,2,31,26,24.5,0,2,4,72,16,7,19,0,65,0,16,9,0,16,11,20,9,22.2,42,36,33.3,40.7,12,6,119,3,35.1,71,0,0,25,0,0,26.6,77,15.8,24.2,25,8,24,35,109,23.7,18.8,6,0,16,10,70,26,14,17,5,14.3,0,14,13,66,68.3,48.4,15,18.4,87,17.7,37,22,44.4,33.1,43.4,46.3,34,43.7,33.1,41.7,27.3,37.3,31.9,35.2,38.6,29.9,34.7,35.6,37.6,22.9,36,19.5,25.4,20.8,21.9,20.1,33.7,21.3,25.5,13.5,13,12,44.5,36.5,42.8,36.5,50.5,51.7,49.2,39.2,36.4,40.2,34.9,40.8,47.9,32,58.2,24.6,39,34.4,31,21.9,26.5,23.4,39.4,32.6,13.6,21,34.4,28.3,26,33.6,38.5,27.7,31.3,43.1,25.4,32.7,21.1,19.5,38,21.6,39,38.3,47.1,71.3,20.9,24.9,26,35.6,31.8,39.1,15.2,8.4,21.1,24.6,38.9,52.3,19,52,91,90,66.6,105,91,15,36.8,37.9,84.8,98.4,124,45,126,91,52.7,44.1,10,43.6,38.1,14.6,39.2,62.6,120,72.8,67.6,20.2,26.4,63.8,98,114,79.8,69.7,90.4,93.2,83.9,74,0,24.2,0,0,21.7,21.3,12.5,4,25.9,0,23.4,17.6,16,24.5,33,0,18,28.9,0,41.5,10,24,18,25,27.8,29,17.5,19,6,56,17,34.8,27.2,38.2,0,0,25.3,32,27,13,20,29.4,42.6,37.8,61,29,25.3,22,25.5,14,3,36.7,5,24,14,55.5,56,30.1,85,11,29.6,58,38,23,56.8,35,43.1,43.8,45.6,80.8,121,66,98,76.7,81.9,72.5,111,112,76,63,78,110,97,99.6,59.6,15.8,54.1,79.6,72,49.8,50,44.5,37,31.4,82.7,29.5,31.3,45.3,36.1,34.5,45.2,30.7,36.6,48.2,32.6,46.2,45,49.7,67.3,52,41.1,42.8,51.9,33.6,35.4,31.8,31.9,33.2,31.6,63.9,56,49.2,60.9,63,53.2,75.9,71.8,36.2,55.4,59.6,62.9,59,53,56.5,52.5,43.9,51.9,59,43.6,28.4,27.4,25.8,23,31.9,30.3,24.2,23.5,63.6,10,46,102,108,95.4,103,127,85,128,135,90,75.1,65,125,90,116,91,89,64,73,95,95.7
1945-05-01,1,0,0.6,2.3,0,0,8.8,25,0,2,19,0,4,0,0,0,0,1.3,0,0,0,0,0,0,0,0,0,0,9.6,7.9,0,13.6,14.6,0,0,0,10,3.3,24,0,0,0,5,2,3.6,0,1,5.8,0,0,0,0,0,12.6,9.1,0,0,0,0,0,0,0,2,0,2.6,0,0,0,0,2.6,20.7,0,2.7,11,12.3,15.4,19.6,21.7,13.5,18.6,9.9,15.8,13.1,17.2,30.9,7.7,13,13.7,16.3,12.4,16.9,16.7,13.1,5.1,8.8,21.2,11.9,8.5,12.7,9.8,9.7,23.7,9.4,16.2,6.6,10.1,13.9,22.1,19.1,17,14,26.3,21.8,16.7,12.7,16.1,11.7,12.9,25,10.5,18.9,14.8,7.3,27.2,8.7,10.5,9.2,9.3,17.6,35,16.5,5.6,6.6,12.1,13.3,10.1,20.7,11.4,11.1,17.8,10.6,7.7,32.7,5.8,10.4,9.2,13.7,12.6,13.8,19,26.6,13.2,9.9,19.8,10,17.7,14.6,21.9,12.7,8.2,8.9,11.9,5.2,0,0,0,0,5.8,0,0,4,2.9,14,5.7,5.8,0,4.1,0,0,3.8,2.8,12,7.3,6.1,6.3,5.4,13.1,0,6.9,2.2,6.1,4.4,15.7,13.8,0,4.2,11.1,11.6,2.7,6.9,0,5.6,3.1,0,0,1.5,2.1,3.9,0,2.3,9,6.3,2.3,0,5.4,0,5,3.6,3,0,3,0,1,0,0,11.3,0,1,0,0,7.3,3,2.4,6.8,8.3,0,0,2.4,1,1.7,3,2,2.9,3.2,3.8,65,1.4,0.8,5,0.4,6,4,4.8,0,15,0,2.4,13,5.6,9,0,1.7,0,5.6,9,2.5,2.5,4.6,2.8,4,8.4,0,11.1,0,6.8,4,0.8,0,0,0,0,0,0,0,10.6,12.3,6.2,9.8,16.9,12,12.3,7,14.2,12.2,11,14.1,2.4,2.8,15,9.8,6.4,12.4,12.3,12.5,9.7,12.2,13.1,6.9,12.6,9.3,11.3,13.1,11.3,13.6,15.3,7.8,13.6,6.9,7.6,9.6,15.3,10.8,9.1,14.5,9.7,13.2,7.1,8.6,11.5,14.6,17.4,18.3,15.2,15,23.7,11.6,8,13.8,21.6,6.5,12.7,13.5,9.3,5.6,7.5,14.2,8.1,6.7,4,12,3.9,0,3,6.6,0,0,0,0,0,0,3.7,0,0,0,0,0,0,0,0,0,3.6
1945-06-01,0,0,0.9,2.2,0,0.5,13,0,0,1.1,15,0,0,0,0,0,0,3.2,0,0,0,0,0,0,0,0,0,0,10.8,10.7,0,10.5,15.2,0,0,0,0,3.9,0,0,0,0,0,0,2.4,0,2.7,5.1,0,0,0,0,0,8,12.1,0,0,0,0,2,0,0,0,0,6.6,0,0,0,0,4.9,18.4,0,1.6,0,13,15.8,17.8,21.7,14.2,19.6,8.5,13.4,11.9,16.9,34.5,7.9,12.7,12.8,14.7,12.9,14,15.2,12.6,4.3,7.1,17.1,12.1,7.4,11,8.9,10.1,25,9.2,13.1,5.1,8.3,12.7,20.4,19.7,19,10.5,25.2,16.1,17.1,10.3,14,10.9,11.2,24.9,9.2,15.9,17.1,9.2,28.6,8.9,7,8.8,9.5,17.7,39.6,14.9,6,6.9,14.6,14.1,10.9,22.8,11.7,10.8,14.9,10.3,5.8,32.8,4.2,9.5,7.6,13.4,11.2,12.2,18.2,28.4,12.7,7.9,18.9,8.4,16,11.7,20.7,14.5,9,7.2,15,4.5,0,0,5,6,4,0,5,0,1.1,7.6,4.9,1.7,0,3.8,0,5,6,2.9,0,5.6,7.2,3.2,2.2,11.5,8,10.2,2.8,6.8,2.8,14.5,11.1,4,5.5,16,5.4,3.9,4.1,0,10,5.2,0,0,4,1.5,4.4,0,3.6,33,3.5,2.6,0,2.5,0,0,4.1,1.8,0,5.6,2,0,0,5,9.1,0,2.3,4,0,7.3,2,2.1,9.4,7.5,0,0,4.5,2,1.4,2,0,0.6,3.7,4.3,0,0.5,0.1,5,0.7,5,0,4.9,2,0,0,3.3,0,7.5,7,0,2.4,0,7.2,6,2.6,3.2,3.8,5.1,7.8,6.1,8,10.8,0,2.6,6.2,2.4,0,2,0,0,0,0,3,11.3,11.4,7,9.4,14,12.3,14.2,0,13.6,11.2,11.7,13.1,4.8,4.7,7.8,11.8,5.8,11.8,10.9,11.7,9.9,12.1,16.2,6.8,16,9.3,11.9,13.9,13.6,16.5,15.3,8.2,13.2,8,10,10.3,13.8,10,9.6,16.8,8.6,13.1,6.7,10.1,13.5,12.6,19.5,17.4,15.5,14.5,21.2,9.1,8.2,13.3,16.4,9.1,10.9,16.9,11.1,6.3,11,12.9,8.3,5.4,6.6,0,5.6,1,0,6.1,10,12,10,0,5,0,5.6,0,0,0,0,6,10,5,0,0,6.7
1945-07-01,7,0,1,3.2,4,0.3,6.1,7,0,1.7,10.9,0,1,0,3,0,16,1.9,5,0,0,0,0,0,1,0,0,0,5.9,8,0,9.6,11.2,3,0,0,5,8.3,0,0,25,5,8,12,1.8,0,0.8,8.8,0,5,0,0,0,9.6,4,7,0,6,0,0,0,3,14,0,2.1,0,10,0,2,9.3,20.8,1,3,0,11.9,16.1,15.6,20.4,10,12.5,9.7,15.4,10.6,17.4,8.5,11.3,13.1,11,14.8,9.5,14.6,11.1,11.7,7.3,6.6,13.7,13.1,7.7,9.2,8.9,6.2,20,9.1,9.5,3.5,6.5,9.9,16.7,20.2,15.1,6.3,18.3,21.8,11.6,11.2,13.3,10.6,12,19.2,8.9,15.4,16.8,5.5,26,8.9,5.5,9.3,12.1,13.6,32.9,14.6,5.9,5.8,9.8,12.2,8,20.3,14.6,10.1,9.8,9.6,7,32.8,4.2,10.7,6.3,9.1,8.1,6.6,15.1,31.1,10.1,8.6,17.3,6,9.1,9.4,18.6,12.4,9,7.2,14.8,3.3,0,11,4,0,5.6,0,3,2,1.6,9.5,8.6,11.4,4,4.9,0,4,4.5,2.7,4,5.7,5,2.2,2.3,11.5,9,11.9,6.4,7,0.8,11.2,16.9,15,5.1,9.3,11.4,7.9,9.4,15.5,0,1.8,2,0,3.3,2.6,1.9,0,2.6,0,1.3,1.5,0,5,0,0,1.6,3.2,0,3.4,2,0,0,0,7,0,2.1,0,2,6.5,0,2.5,6.4,8.6,0,0,3.5,0,0.5,10,0,1,4.6,3.8,0,0.4,1.4,0,1.4,0,1,3.5,6,4,0,3.2,0,3.2,0,0,0.6,5,5.9,0,3,3.7,7.4,5,3.5,7.9,9,9.8,0,6.4,6.8,5.1,5,14,14,7,4,0,5,16,15.8,7.4,10.9,17.5,11.5,13.7,4,14.8,10,11.8,15.2,2.4,4.5,7.7,9.1,8.7,12.1,9.7,14.3,11.8,13.5,11.7,6.7,11.2,12,12.6,13.1,14.2,19.8,13.9,8.4,13.2,10,9.3,10.2,17.3,10.9,8.8,13.3,9.6,12.9,8.6,10.1,12,14.1,15.5,21.1,16.1,18,19.6,9.8,11.2,14.9,12.8,8.3,8.9,11.7,9.6,5.5,5,15.3,5.7,8,4.8,4,5.3,0,5.9,6,8,0,2,24,3,3,10,16,5,16,0,2,5,3,5,13,12.1
1945-08-01,0,0,1,4.7,7,2.4,14.6,5,0,1.4,14.1,5,12,0,2,2,31,2.4,18,0,0,0,0,9,0,0,0,0,2.5,10.7,0,13.2,12.2,6,0,0,0,9.7,0,18,21,0,6,0,3.5,0,3.2,13.4,0,0,0,0,0,21.6,8.9,9,9,0,9,0,0,0,0,0,1.2,23,0,0,19,9.2,24.9,0,1.2,0,12.1,15,15.3,20.2,12.5,12.9,10.1,14.9,8.7,18.6,14.4,11.3,12.7,16,13.9,10.2,10.8,12.5,12.8,6.4,6.4,14,11.4,6.3,10.6,8.3,7.5,16.3,9.9,8.4,4.9,6.2,8.7,17.1,20.6,15,9,22.5,21.7,11.3,10.3,12.5,11.8,8.6,22.2,14.9,16.8,17.8,9.1,28.1,10.7,5.2,10.9,13.8,12.8,44,16,8.2,5.3,11.1,8.6,8.3,20.7,17.7,12.4,8.1,8.6,5.2,35.3,3.8,8.6,4.8,11.2,9,6.8,16.6,27,10.5,6.7,15,6.7,8.5,10.6,18.2,11.8,8.7,7.1,10.8,6,0,0,8,7,7.8,0,8,2,2.8,5.3,9.1,17.2,0,5.5,0,8,3.8,3.2,2,6,6.5,3.7,3.3,12.1,0,9.2,8.7,7.4,2.6,10.2,15.5,17,4.5,13.5,11.4,9.3,14.7,0,0,2.9,1,0,3.1,1.9,4.1,0,1.5,1,4.2,2.7,0,3.6,5,3,3,4.3,1,4.2,0,0,0,4,6.4,0,1.8,8,0,9.6,3,2.3,7.1,7.7,1,0,3.8,2,2.7,2,1,1.8,8.5,4.4,0,1.9,2.5,3,1.1,0,5,4.2,45,0,0,5.9,2,2,6,0,1.7,3,4.7,0,5.3,4.2,6.4,5,4.6,7,0,9.6,0,8.9,7.5,4.5,5,0,0,3,0,0,23,20.5,13.8,9.9,11.7,25.4,9.4,13.7,1,21.1,10.3,13.4,14.4,4.1,2.7,7.5,10.2,11.1,11.5,11.2,14.4,11.7,13.4,11.2,6.2,11.2,11.3,12.7,14.7,15.6,18.2,12.7,9.8,14,13.1,11,8.8,15.2,10.3,9.5,13.7,11.3,13.2,12.3,11.2,14,15.3,15.6,21.1,14.3,16.5,20.9,8.8,9.5,14.4,13.4,11.3,9.5,11.2,9.6,6.8,10.5,17.1,7.6,7.5,4.3,2,4.3,14,21.8,24.3,9,23,10,42,10,16,21.7,32,21,0,16,22,22,48,26,26,38.5
1945-09-01,0,0,5.8,8.5,4,6.5,38.2,8,0,9.8,31.2,0,8,1,0,1,11,61,58,0,3,32,0,40,16,0,1,5,8.9,44.3,0,35.5,55.4,0,0,0,33,30.1,0,8,61,5,12,9,30.6,0,20.5,30.6,0,45,24,41,0,34.8,18,8,2,8,10,0,41,6,34,31,5.3,0,5,0,34,40.3,49,12,4.8,0,13.3,19.3,19.5,24.9,14.8,20,16.5,18.3,14,13.6,19.1,17.8,18.5,20.8,21.6,22.5,24.6,21.7,21.6,19.2,12.6,25.3,11.4,9.9,13.3,11.1,10.6,16.8,10.2,16.1,6.7,6.8,12.8,22,19.4,18.9,12.9,35.7,39.4,19,17.1,17.8,16.9,25.2,26.2,19.4,19.6,38.5,13.9,39.6,25.5,15.8,13.2,12.1,19.8,37.2,35.7,12.3,15.4,18.7,17.5,10.2,25.4,31.3,19.8,18.1,19.8,11.8,29.4,7.4,13.1,14.3,14.5,20.3,17.3,24.7,36.6,11.6,20.5,21.5,22.2,20,24,17.8,7.3,13.8,11.6,23.2,58.2,44,44,27,71,52.5,105,27,75,57.2,40.2,69.8,65.4,39,63.4,71,27,43.6,59.1,73,35,37.1,48.2,51.3,52.4,40,51.1,50.6,23.4,26.8,49.8,67.4,58,49.1,83.6,40.9,45.5,39.8,35,0,28.4,6,0,24.2,19.2,17.6,16,29.7,14,19.9,17.6,18,35,29,28,16.6,30.8,60,38.5,54,20,22,53,22.3,18,18,52,59,59.6,31,45.8,28,48.5,81,19,27.8,54,36.9,58,32,56.5,41.9,42.9,1,19.1,26.8,33,25.4,38,42,48.2,58,128,45,42.5,0,31.4,11,10,31.3,91,36.6,36,58.9,40.5,40.7,37,35.1,62.4,40,49.2,55,66.1,49.9,45.3,32,57,47,20,33,31,28,46.2,52,22.2,48.4,92,59.6,62.6,72,78.6,43.4,34.4,79.2,55,50.7,62.2,37.5,32.8,39,18.4,34.9,33.7,40.5,47,55.8,48.8,58.3,58.9,48.6,51.7,69,28.3,35.2,29.9,34.6,31.2,34.9,51,46.8,50.1,52.6,65.6,42.5,51.1,56.2,36.2,66.8,67.1,59.3,41.8,44.8,55.7,62.1,43.8,49.7,53.1,39.9,36.3,28.4,35.3,27.4,37.8,34.6,26.6,28.1,76.7,73,39,11,29.5,35.6,34,28,29,33,39,37,40.5,30,51,75,54,50,22,23,27,23,43.8
1945-10-01,23,36,31.8,31.5,30,58,52.8,92,58,42.3,45.3,46,32,51,62,35,80,61,32,46,85,75,36,30,31,56,74,57,57,67.2,25,56.9,54.1,47,51,49,30,41.6,10,41,26,56,56,38,46.9,25,47.3,43.4,47,11,29,56,108,45.6,40.3,86,56,80,65,47,16,60,43,17,24.1,53,36,75,32,30,48.4,52,23.9,78,27.6,65.2,33.9,59.5,60,50.3,47.7,46.6,41.6,57.2,57.8,49.3,65.9,54.5,67,64.3,51.2,62.9,70,53.7,34.6,27.1,24.5,31.4,29,32,24.9,40.9,39.4,24,20.5,24.2,22.2,63.5,65.4,78.5,54,68.1,66.5,78.1,57.5,61.3,61.3,59.5,66.4,71.8,46.9,66.4,37.6,63.5,52.9,47.1,36,43.2,35.5,50.7,41.2,31.6,34.1,55.5,53.7,38.1,33.2,28.7,35.1,54.1,46,37.9,38,30.5,28,36.3,24.8,52.2,40.8,54.9,66.1,25.6,43.9,39,51.8,74,46.4,12,5.9,27.5,31.6,50.6,77.7,92,27.5,5,52,38.2,51,5,65,60.4,40.3,38.4,28.2,9,53.6,26,5,35.7,59.8,60,36.6,72.6,62.7,64.8,45.4,45,23.8,45.3,62.8,64.2,39.1,35.3,43,33.2,53.2,20.7,20.5,21.8,17.5,44,62.9,54,57,59.6,60.5,48.7,62,76.4,69,54.5,40.1,44,44.4,46,53,55.6,54.5,65,65.1,143,61,117,93,56.3,62,53.6,111,95,71.7,91,60.1,47.4,71.2,65,60,52.9,48,53.1,83,107,60.8,44.9,72.1,74,37.5,51.3,76,61.4,71,47,55,68,38,77,105.3,64,49.4,93,28,38.9,52,47.5,68,42.8,50.5,38,40.3,50.9,71.7,45,46.9,48,33.8,26.7,19.6,21,17,14,7,25,7,8,27.4,47.9,50.4,28.8,58.3,38.2,45.1,48,57.4,56.6,47.6,46.6,53.6,56.5,54.6,47.7,24.7,32.9,44.2,26.5,31.6,59.1,74.4,53.6,53.4,60.6,72.8,65.1,67.8,57.9,41.6,49.5,23.8,44.7,23.2,54.8,36.3,50.9,55,41.7,60.9,43.3,28.4,46.9,46,44.8,68.5,38.1,37.9,91.3,95.8,93.8,95.7,98.7,76.8,76.4,65.7,63.9,77.6,66.1,69.4,71.1,74.8,52.2,51.2,60,35.1,38,42.2,20.9,14,13,6,17,7,5,23.8,27,41,63,44,58,57,64,56,51,37.4
1945-11-01,48,24,12.8,9.9,120,17.9,30.9,20,20,13.4,34,22,19,11,36,21,12,48,30,12,13,100,5,19,3,11,13,10,18.3,49,21,41,47,15,18,32,44,33.9,90,17,10,14,16,23,20.9,48,23.4,32.5,14,39,72,87,35,32.9,20.4,16,22,9,16,20,58,9,32,38,7.5,12,14,4,38,24.5,39.7,30,9.8,14,19.3,29.3,20.4,20.4,22.3,24.4,22.6,23.7,23.4,19.5,29.4,18.5,23.6,19.4,29.4,25.2,25.8,32.7,29.2,22.6,13.8,22.3,17.5,13.7,14.8,12.4,12.9,26.3,16.4,14.6,8.8,9.5,14.8,34.9,21,32.1,19.5,48.5,40.4,36.2,26.2,24.6,26.5,26.4,31.4,30.6,23.4,40.1,18.1,31.9,26.3,17.1,13.9,14.7,18,33.3,21.4,9.8,20.4,22,24.4,9.7,17.8,19.8,18.6,22.9,7,13.6,33.2,13.5,17.1,19.6,12.6,25.2,21.6,30.9,42.1,11.9,22.2,19.8,25.6,35,21.6,10.2,7.3,14.6,13.4,17.9,31.1,37,33.5,19,47,24.7,50,19,45,30.8,21.9,32.9,27.7,8,34.5,4,19,22.6,37.3,66,22.2,32.6,17.2,32.9,29.1,45,20.9,22.4,15.3,16.5,26.6,33.1,7,26.4,60.6,20.8,19.7,18,2,53,25.9,0,0,23.9,17.9,14.6,8,25.4,16,20.2,13.2,12,29.8,17,24,14.3,13.6,19,21.7,6,3,1,57,23,10,13.3,27,41,31.6,17,27,16.4,34.8,39,2,13.2,8,20.7,16,12,32.3,26.3,34.8,36,20.1,14,50,16,43,40,27.6,242,128,21,27.8,58,19.1,16,14,24.6,26,25.7,43,36.8,22.4,27.2,22.8,25.6,42.8,46,29.6,45,28.4,24.6,17.1,11,22,17,18,5,27,10,19.7,39.4,17.8,20.7,53,23.6,38.1,18,62.4,33.5,24.9,43.5,32.7,34.5,39.8,34.3,20.4,26.4,25.1,22.6,22.7,28.8,27.1,29.8,32,36.4,30.1,26.5,36.6,46.1,24.4,24.7,27.3,24.6,17.9,25.7,22.7,23.7,29.5,19.4,35.3,21.4,20,26.2,25.5,32.9,42.3,38.4,21.8,38.9,35.8,43.1,19.8,36.3,39.5,32.3,23.7,20.8,21.5,17.8,23.7,24.7,19.5,16.7,37.9,66,19.2,18,38.2,17.1,5,5,5,27,9,15,20.1,35,18,11,17,13,14,47,14,26,23.8
1945-12-01,150,163,89.8,86.9,100,52,163.7,48,73,96.7,80.5,21,85,21,12,59,95,47,132,50,34,39,76,122,72,59,45,80,62.4,82.7,20,77,116.9,22,47,97,32,74.3,43,44,66,34,49,37,66.4,204,71.2,75.2,79,25,17,48,85,82.1,82.8,63,46,28,83,120,30,15,70,64,65.7,31,18,26,69,130.1,115.8,209,53.6,84,93.4,76.2,79.8,85.5,78.2,77.6,100.8,85.7,102.2,118.5,99.4,95,72.3,89.3,93.6,91.2,77.7,101,93.9,97.4,68.8,101.2,64.6,104.6,52,71,93.6,70.8,57.1,57.8,56.1,70.1,72.2,103.2,98.3,103.7,112.5,102.2,119.8,109.3,98.7,76.9,91.3,82.3,123.7,106.2,95.9,139.1,88.9,94.3,59.3,93.3,71.7,73,99.1,97.2,82.1,50.5,80.9,105,71.9,91.8,80.5,61.9,65.9,116,52,82.7,106.2,72.4,67.3,116.1,70.1,135.9,109.8,119.2,134.6,68.9,96.8,77.2,113.9,76,77.3,36.5,17.1,74.9,69.4,99.8,234.7,283,122,30,167,162.1,229,29,132,180.5,133,147.8,140.7,68,149,193,30,188.6,146.5,212,162.8,154.3,250.1,207.2,160.1,241,143.8,150.2,167.1,171.2,163.2,149.4,21,149.6,126,91.4,88.9,105.3,96,23,133.7,88,130,146.9,148.4,112.6,119,147.5,120,147.2,161.1,150,126.1,140,138,123.4,154.6,139,188.7,239,135,161,245,100.2,125,141.7,292,34,204.3,373,178.5,164.4,215.9,79,179,128,239,173.7,248,218,171.5,131.9,166.7,5,140.8,150.4,269,158.9,212,214,179.6,31,138,195,211.2,261,171.4,351,94,128.9,116,149.8,140,137.4,135.5,158.4,161.5,195.9,179.4,242,177.5,226,145.6,128.9,133.5,66,125,129,112,92,96,14,77.7,155.8,128,129.7,152.2,143.4,142.4,267,120.7,168.1,132.5,169.3,163,155.9,151.8,121.4,82.8,132.7,119.1,114,101.3,174.6,131.9,149.6,144.4,167.4,132.9,143.2,137.4,139.6,148,146.3,162.2,149.4,104.5,197.2,103.8,166.1,162.6,131.4,173.8,104.8,103.2,137.6,158.1,130.8,170.6,138.6,115.8,226.9,257.3,281.8,235.5,291.9,278.4,236.9,195.8,184.2,163.8,146.3,180,182.8,172.5,136.3,151.1,212,135.2,3,36.2,49.2,14,15,6,34,19,11,33.5,10,20,5,6,6,11,33,1,21,50.3
1946-01-01,74,22,59.4,42.4,26,205,66.4,156,130,101.5,88.1,61,114,131,112,226,109,162,33,68,69,119,119,38,192,167,112,157,117.8,100.5,134,94.8,105.1,77,160,116,50,92.7,80,130,74,131,88,103,65.5,115,79,85.6,95,144,195,63,55,82.9,82.5,93,96,93,92,78,144,107,85,121,100,95,141,133,103,89.9,86.1,82,64.1,151.7,69.3,118.8,101.2,114,114.6,98.1,94.5,109,96,122.5,132.1,106.9,120.4,98,96.6,121.3,105.8,154.1,97.9,109,73.6,84.5,56.1,92.6,58.7,72.1,79.3,68.8,71.5,50,59.7,59.9,46.2,141.3,174.1,135.9,90.8,172.3,130.8,146.9,146.9,136.3,149.2,147.9,130.2,129,152.5,132.8,101.3,134.6,93.7,109.8,73.6,81.7,79.4,102.3,65.2,57,57.2,109,83.7,81.2,81.2,80.2,72.4,111.6,53,100,117,88.9,66,113.6,75.6,167.1,113.7,126.4,130.2,64.2,104.8,107.1,111.3,72,101.4,22.5,16.7,84.2,80.7,94.7,85,95,55,109,47,56.5,40,109,73,57.1,49.8,75.3,85.7,10,55.4,125,109,53.6,58.7,38,62.4,76.3,48,61.3,75.2,79,78.6,80.5,63.7,71.1,66,69.3,58,62.3,69.6,82.9,99,99.8,137.5,33,69,27,33,87.6,69.2,65,16,78.8,63,70.2,68.2,68,53.7,97,31,69.8,77.5,21,73.9,60,131,94,63,68.6,111,60.1,84,41,90.5,61,66.6,50.1,77.9,57,57,65.2,35,61.5,58,89,62.1,45.8,69.1,0,47.9,64.3,68,67,64,54,65.9,33,34,150,113.1,84,54.5,23,12,38.4,51,53.8,29,62.6,55.3,53.3,54.9,65.8,87.1,81,70.1,73,66.3,70.9,66,144,165,84,226,158,91,97,91.4,77.2,49.1,56.7,77,73.1,59.5,39,73.2,70.8,65.5,71.8,53.2,51.2,71.5,58.1,49.9,49.7,49.3,34.9,60.2,72.9,75.7,63.7,59.6,73.5,74.6,73.3,85.2,60.3,58.3,67.5,62.5,58.3,39.3,75.3,54.8,62.9,52.9,72.2,76.4,59.6,71.9,75.1,77.5,62,71.5,63.5,62.9,97.9,108,109.2,104.9,116.2,107,97.7,83.8,86.9,75.6,65,85.6,74.7,91.3,58.4,68.8,38,59.7,73,46.7,82.1,94,105,78,85,99,102,77.6,107,110,146,128,99,82,55,119,48,69.1
1946-02-01,33,22,23,24.6,64,38.6,27.3,10,69,41.5,37.1,30,27,12,36,146,37,82,20,24,16,26,73,45,27,34,37,91,46.8,62.9,100,53.9,54.8,64,25,48,27,45.4,217,81,46,92,27,29,30.7,90,40.2,39.2,25,30,18,34,112,49.8,40.6,17,25,31,26,112,54,107,46,18,30.4,91,15,32,6,21.7,37.2,5,37.4,165,25.6,70.1,44.4,74.2,69.4,71.2,54.5,58,65.6,55.8,60.9,51.5,65.2,56.2,71.3,73.4,58.4,79.4,75.4,73.1,34.8,35.2,38,36.8,37.1,30.7,27.4,49.4,38.9,27.5,26.3,30.1,22.4,81.5,75.8,88.3,57,88.6,84.8,71.8,70.7,62.9,75.1,70.1,77.2,80.7,60.3,74.7,42.7,73.5,65.4,42.4,34.5,50.9,28.7,45.6,33.6,20.4,31.8,55.7,51.2,39.2,46.7,37.2,42,60.9,22,45.6,40.8,39.3,28.6,54.2,42.6,66.9,50.6,69.3,102.5,29.4,63.5,48,73.9,71,49.2,12.5,13.5,37.8,31.6,49,39.3,31,0,29,11,20.5,3,29,55,25.4,31.4,24.7,24.2,15,28.7,9,29,27.1,36.3,22,28.3,43.4,64.5,37.2,28.5,32,23.6,26.3,29.1,22.4,27.9,28.3,70,29.9,46,26.4,24.2,23,13.5,43,34.1,10,2,35.3,31.1,22.7,5,37.5,20,29.2,28.7,30,31.8,19,17,36.2,22.2,40,38.6,20,44,29,59,37,11,25.5,25,23,55.1,58,41.1,30.1,49.6,43,44,13.7,35,25.9,84,34,34.1,31.1,35.9,0,21.8,22.2,13,30.1,41,59,35.6,81,20,30,53.5,42,29.9,29,18,22.6,9,27.6,59,33.5,26.3,21.7,19.9,30.7,39,32,28.8,5,25.4,21.5,18.2,21,8,25,27,3,31,12,28,36.1,24.1,18.4,45.9,28,32.2,27,34,34.2,26.2,35.4,34.8,36.5,41.3,33.2,28.2,25.1,41,22.9,21.2,29.7,41.5,32.4,31.6,32.6,31,31.7,37.6,38.9,38.5,29.7,24.4,34.1,21,29.9,31.6,29.8,34.5,31.2,37.5,26.2,30,22.3,38.6,29.3,38.7,32.4,22,40.9,57.3,47.6,46.8,53.5,54.5,42.8,32.1,32,34.7,28.5,34.7,42,35.9,22.9,28.6,22,26.3,52,45.4,31.5,32,35,23,34,38,25,25.9,36,28,35,39,23,28,49,10,45,44
1946-03-01,37,64,72.4,65,128,128.2,123.4,124,127,110,135.6,113,95,119,122,137,167,118,228,127,215,262,57,179,128,76,105,149,109.1,165.9,40,140,140.5,110,93,53,242,148.7,122,157,121,170,106,72,79.4,168,105.9,120.2,71,108,164,254,101,123.8,97.6,122,132,141,130,67,104,143,104,117,70.6,115,83,107,32,57.3,97.9,41,46.8,61.5,58.2,121.1,89.8,108.9,110.3,83.2,90.2,82.7,81.5,111.5,108.6,109.4,120.8,103,102.4,123.1,95.3,138,99.5,102,70.1,72.3,46.8,82.8,55.1,59.9,70.4,66.7,56,47.1,58.8,54.8,51.8,136.3,158.2,129.4,106.2,143.4,115.9,132.4,127.8,126.5,128.4,127.7,134,124,153.8,110.1,101.4,124.4,85.2,108.3,68.9,85.7,85,82.6,88.8,61,62.4,110.5,82.6,90.7,76.5,78.8,80,95.1,98,88.6,110.5,77.9,64.1,110.3,57.2,135.2,90.3,112.2,118.8,61.5,92.2,96.7,110.3,75,95.1,25.9,18.3,81.3,70.7,84.6,124.7,59,52.5,63,47,73.3,60,63,93,91.8,65.3,90.3,92.1,45,86.8,42,63,69.5,83.3,88,77.6,121.3,65.8,99.4,105.5,52,84.2,67,99.1,96,60.8,98.3,144,76.2,115,67.4,63.9,64.2,58,0,117.8,67,156,128.9,111.9,91.3,65,120,155,116.6,113.2,114,111.1,98,104,79,99,142,111.6,123,214,250,98,85.8,201,88.4,123,127,131.4,132,101.2,101.2,129.7,76,141,69.6,82,113.2,102,56,90.4,90.9,102,92,82,96.4,97,99.5,75,32,91.1,120,88,90,121.8,128,97.5,60,40,73.1,116,80.6,80,82.5,72.7,90.5,72.3,84.1,91.3,52,90.2,39,85.7,72.2,53.2,46,66,63,41,42,60,58,70.9,86,110.6,61.1,104.4,76.1,99.5,72,106,89.4,126.9,103.3,93.9,107,93.7,118.7,75.2,96.6,85.8,67.3,75.4,94.3,125,85.5,88.2,88.4,100.6,92.8,97,105.1,74.6,127.2,97.2,104.2,76.2,162.1,59.5,80.5,82.4,79.3,89.7,86,66.3,85.6,92.8,108.3,100.9,106.3,65.5,119.5,136.7,122.4,133.7,145,126.1,124.2,123.2,131.1,122.9,102.2,110,131.3,114.9,85.8,87.1,88,76.2,56,143.1,82.1,70,72,103,82,89,51,66.7,135,121,66,58,89,103,124,43,127,84.6
1946-04-01,0,5,17.3,19.7,99,22.5,60,116,0,31,81.3,10,84,8,0,23,163,23,68,0,71,89,6,61,88,29,16,77,40.2,88,0,94.9,114,65,0,0,94,92.8,68,53,83,63,74,91,53.4,10,47.8,79.4,17,182,144,78,0,91,52.3,211,45,78,144,19,42,87,88,110,35.7,52,0,5,56,64.7,45.7,67,13.6,0,19.1,50,32.5,48.3,55.2,45.1,47.6,35.6,28.6,48.3,41.6,51,43.1,44.4,58.1,54.3,36.5,57.7,51.8,31.9,26.7,33.7,14.5,23.7,19.1,18.5,19.5,21.2,24.2,24.4,14,14.2,25.6,49.8,67.6,70.1,35.7,70.9,65.6,67.9,55,50.7,51.1,60.8,53.1,57.2,69.2,67,43.9,54.6,47.9,41.1,30,38.1,30.4,51.9,43.6,22.7,24.7,45.9,34.5,34.7,37.6,39.2,35.6,43.4,36,38,36.6,24.2,20.3,38,24.1,39.2,34.5,50.6,68.6,20.8,30,45.1,45.2,34.3,39.5,17.2,5.9,23.4,20.7,42.5,73.5,45,106,101,120,76.7,80,101,73,67.6,46.4,92.2,122.5,81,89.1,94,101,73.8,77.9,92,57.9,68.7,57.8,72.2,70.8,110,81.8,87.8,42.2,44.5,77.6,105.4,147,77.7,102,96.3,108.4,105.4,106,0,56,30,0,45.5,47.5,40.6,44,45,42,43.8,38.1,0,56.6,62,55,30.1,52.8,94,61.1,54,13,32,72,43.4,25,37.2,61,100,81.8,34,70.7,45.1,73.5,39,45,33.4,30,53.2,65,54,65.3,70.4,63.5,5,33.9,32.6,60,47.7,79,66,58.3,45,100,90,86.3,71,41.8,38,35,50,62,58.4,49,76.7,50.8,69.5,67,74,98.4,111,79.9,72,84.3,80.7,77.3,43,113,123,106,69,108,97,108.9,84.8,43.8,71.6,92,75.8,71.5,110,104.8,59.4,69.7,94.6,65.8,66.6,71.9,67.2,54.1,46.1,44.4,49.8,62.6,56.6,57.7,63.9,67.1,75.3,74.7,61.4,80.1,92.4,41.7,61.6,35.2,47,34.2,67.2,69.9,69.4,56.7,73.8,71.4,58.3,70.9,92.3,49,80.2,83.5,87.7,74.3,79.1,80.6,71.5,61.6,78.1,80.5,64.7,56.6,53.3,50.3,40.7,52.2,55.1,50.6,41.6,93,92,77,100,104.7,120.2,96,91,63,158,70,103,111.3,165,137,148,143,158,108,145,99,140,125.3
1946-05-01,28,20,20.7,17.3,42,29.6,47.8,67,40,36.4,51.2,25,40,27,61,37,68,29,95,46,47,25,62,63,30,31,17,67,36.1,65.1,30,69.1,64.7,82,26,51,45,61.6,12,85,56,115,77,117,44.9,45,38.1,51.4,38,23,17,40,63,60.1,36.6,93,31,42,70,66,24,50,70,63,28.5,44,39,21,92,69.2,50.1,114,17.9,20,14.7,57.8,35.4,58.9,56.3,40,50.6,31.9,36.8,53,42.2,45.6,45.9,41.2,56.4,55.9,42.5,56.1,56.6,38.2,25.8,32.6,17.7,24.6,19.8,23.2,19.3,28.4,25.2,19.6,14.7,14.7,16.9,53.8,68.7,71.9,40.3,51.3,66.6,69.8,54.2,60.2,50.4,56.9,54.4,65.6,60.3,70.2,40,56.4,48.3,39.1,32.9,34,29.1,44.1,31.3,15.5,22.6,45.4,35,33.3,34.2,33.3,39,40.1,40,31.3,39.9,20.3,19.5,36.7,17.7,36.8,30.2,48.4,76.8,18.8,39.4,45.9,45.2,50,42.2,11.8,5.4,19.8,20.2,46.8,60.5,47,49.5,58,84,51.7,66,57,73,46.5,37.2,65.6,68.2,82,52.3,52,58,43,54.1,57,43.6,65.9,40.7,44.5,54.9,63,71.3,59,37.5,43.7,61.2,65.2,93,57.6,62.8,87.6,96.6,84.7,78,0,56.7,59,38,51.2,47,36.9,102,49.7,64,48.9,33.4,63,47.5,54,89,30.4,32.1,77,45.7,34,26,51,61,27.5,31,30.9,97,35,67.8,32,58,39.8,66.7,27,27,31.8,45,36.8,37,34,39.7,43.8,53.5,4,30.5,35.6,57,43.8,51,34,54.3,0,41,89,76.7,47,35.2,2,10,38.4,47,44.3,48,51.2,34.5,40.9,42.8,48.7,66.8,64,57.5,59,57.5,61.2,61.4,93,99,108,143,101,186,152,86.2,53.2,50.2,47.1,62.9,65.7,46.7,61,57.3,41.5,54.9,63.2,46.1,48.6,54,47.4,36.9,50.3,41.6,30.4,50.9,42.4,48.2,52.1,52.1,62.2,56.6,50,54,53.5,39.8,55.4,31,44.6,36.7,60.9,64.1,53.9,49.6,56.4,59.6,51.1,61.7,66.8,43.8,50.5,60.8,50.1,58.5,67.2,71.4,57.8,59.5,67.9,61.7,56.5,54.3,43.3,46.7,39.4,53.6,56.5,49,35,62.1,57,40.1,78,90.5,82.7,73,64,94,67,85,79,59.2,71,67,38,24,69,64,127,55,59,77.6
1946-06-01,2,0,4.3,3.7,14,10.4,10,12,3,8.2,18.1,0,9,4,4,2,21,8,15,1,12,24,2,22,0,1,4,15,6.1,16.6,0,23.4,20.3,6,4,0,32,19.6,0,6,12,16,16,25,8.5,0,10.4,14.2,0,6,26,36,9,16.1,16.5,12,0,10,3,0,15,0,14,9,2.3,0,5,1,38,36.8,34.9,32,2.5,0,11.6,15.8,12.4,22.2,11.3,10.8,10.5,17.9,15.8,21.1,9.1,7.9,12.5,22,13.1,12.4,11.7,16.3,15.1,6.4,8.3,19.7,10.5,7.5,12.3,8.2,9.5,15,9,8.3,4.4,5.8,10,11.3,18.7,15.5,10,23,26.6,9.1,13,11.5,10.6,10.2,26.8,14.4,15.3,25,8.7,16.8,15.9,10,13.7,13.4,10,32.1,30.9,8.6,10,7.3,11.5,10.6,30,30.8,16,7.3,12.8,6.8,33.8,5.8,7.8,8,7.7,13.7,11.9,21.7,29.3,9.2,7.9,13.2,8.1,1,11.3,13.9,7,11.5,7.4,17.2,17.8,9,22,52,20,23.8,32,52,18,18.7,16,34.5,37.1,46,21.7,8,52,18.8,18.9,12,19.4,15.7,13.5,14.2,26,17,26.3,18.6,9.6,11.4,25.7,27.2,82,25.7,36.9,45.8,47.1,44.2,63,0,13.5,5,25,13.5,8.9,7.4,19,11.1,0,9.8,6.4,0,17.1,19,4,6,8.8,3,10.2,22,17,13,12,13.1,3,7.4,27,14,24.8,15,10.6,9.3,22.4,1,19,9.8,13,13.3,15,9,18.1,17.7,19.9,0,9.9,10.1,10,12.7,10,0,15.2,0,0,30,17.9,15,13.8,22,30,12.7,21,20,13.8,29.6,13.7,15.3,16.1,20.6,24,18,23.9,23,40.9,33.6,37.6,41,39,26,60,41,38,60,51,30.5,11.4,30.1,51,28.8,31.5,13,30.1,20.7,25.5,46.3,11.8,13.4,19.9,22,24.5,31.6,18.3,19.9,20.3,23,20.8,16.3,25.9,29.1,21.6,18.8,24.3,24.1,27.6,13.8,20.5,24.5,22.9,15.6,37.8,19.6,19.2,29.8,21.6,25.2,42.9,26.9,23.8,29.1,32.9,43.2,26.6,26,23,27.5,17.7,26.9,30.3,22,16.8,16.7,15.9,12.8,16.9,23.5,16.5,10.8,32.1,12,18.8,58,97.8,67.8,50,45,51,50,52,53,74.7,85,96,75,66,85,97,108,64,105,76.1
1946-07-01,2,0,2.1,1.9,7,12.3,8.4,19,0,4.5,12.8,2,6,8,0,17,41,12,10,0,9,14,6,2,5,0,8,0,6.7,11.9,0,11.9,8.5,0,0,0,5,6.5,5,11,0,17,9,13,3.2,5,2.1,8,0,0,0,7,3,10.1,11.3,13,5,8,4,0,8,0,12,0,5.1,0,3,0,9,6.5,25.1,10,2.3,5,11,14,15.5,20.7,13.2,11.2,9.9,14.3,12,15.3,20.9,12.2,14.3,10.9,15.5,12.5,14.4,13.2,9.8,7.4,6.7,13.3,11.2,7.1,9.3,7.5,8.2,19.4,10.2,10,3.4,6.3,12.1,17,18.8,16.2,10.7,23.5,21.6,15.9,13.5,13.7,11.2,12.4,20.9,9.3,14.9,16,6,28.5,7.9,6.2,10.8,13.6,14,24.6,10.8,6.1,7,10.5,11.9,8,21.5,14.7,12.6,10.4,11.2,5.1,34.2,5.7,8.2,10.7,9.6,10.7,11.1,16.3,24.9,11.2,8.3,14.8,6.7,12.8,10.1,18.4,13.5,8.7,7.5,15.3,6.8,0,6.5,8,3,3.7,2,8,0,2,4.7,6.6,4.7,4,5.6,0,8,2.2,2.8,4,8.8,6.5,3,4,12.5,6,18.7,6.1,6,4.1,4.9,12,16,2.8,10.7,5.3,5.8,4.2,0,0,2.8,12,5,4.8,1.8,4.8,3,1.6,0,4,1.7,0,3.7,41,1,1.7,3.9,1,2.9,2,3,0,8,11.4,5,3.3,11,3,8.6,0,2.6,6.8,10.4,0,0,4.2,0,2.6,2,0,1.5,3.2,5.2,0,2.4,1,4,5.8,3,0,5.1,23,0,0,7,5,8.7,2,46,3.2,2,7.5,0,2.1,3.1,6.9,3.1,4.1,8.3,6,6.3,9,6.7,2.9,3.5,0,2,0,0,1,0,3,11.7,14.5,7,8.9,17.6,10.3,13.2,0,10.6,10.3,12.4,16.6,3.2,4.5,7.9,11.3,6.3,10.8,8.7,14.2,11.1,10,9.6,6.1,11.5,10.3,10.6,11.9,14,19.7,15.5,7.4,13.3,9.1,9.2,9.1,16.1,10.4,8.5,12.4,8.6,13.3,8.2,10.3,13.1,14.9,15,16.3,13.4,16,22.4,10.1,9.1,17.5,15.9,10.4,12.1,13,12.5,6.1,9.3,14.2,8.2,10.7,5.1,4,5.5,24,71.8,9.2,7,0,4,5,5,0,9.2,8,8,10,18,5,14,11,26,10,20.9
1946-08-01,3,0,2.8,4.2,15,8.7,13.6,5,0,4.2,18.1,0,8,6,0,3,14,4.2,10,3,28,0,0,12,0,0,3,9,3.9,8.2,0,17.1,19.9,5,3,0,5,12.8,8,8,25,7,8,15,7.3,0,8.1,18,0,0,0,0,2,12.6,10.7,2,10,2,0,0,0,0,1,0,1.6,17,6,0,18,18,25,3,1.9,4,10.5,14.6,14.9,20.4,12.2,12.8,10,13.7,12,18.5,8.9,8.4,13.5,17.9,10.7,10.6,13.5,12,11.5,8.8,8.4,13.8,12.5,6.3,9.7,8.9,10.8,15.2,10,8.1,4.9,6.2,8.6,12.6,14.8,18.2,10.6,21.8,25.1,14.6,10.9,14.7,10.2,9.4,21.4,10.4,15.5,18.7,5.8,18.7,9.2,8,11.2,9.6,12,35.8,18.1,6.8,7.7,8.9,8,7.4,19.2,14.6,9.5,6.6,7.8,6.1,32.9,4.6,8.1,8.2,10.1,13.2,9.4,14.1,21.3,9.5,7.4,10.4,8.5,10.2,8.6,16.4,9.6,9.6,6.4,13.3,16,0,6.5,27,29,16.6,24,27,24,16.6,13,17.9,24.9,19,19,51,27,12.6,16.2,36,14.4,16.3,26.5,17.2,18.1,39,16,16.9,8.7,6.9,13.6,14.9,41,13.3,27.9,20.8,21.6,25.6,18.5,0,9.9,10,0,8.7,5.9,5,17,12.7,0,9.3,5.2,0,14.1,3,25,3.8,4.7,27,11.6,2,3,2,4,9.7,1,5.7,13,17,13.5,8,6.9,9.5,17,33,4,7.4,14,7.6,22,10,13.6,14.5,16.2,0,4.7,9.3,17,6,0,18,12.8,11,35,6,9.1,17,6.5,17,8,7.7,23,15.3,17,15.4,6.6,15.8,14,14.4,22.8,41,18.2,28,23.1,21.2,16.9,19,21,18,20,23,17,27,25.7,23.6,10.1,18.4,40.1,15.1,24.2,20,26.2,17.5,16.6,28.5,11.8,12.3,19.4,15.5,16.1,21.9,13.2,19.6,14.9,20,16.1,14.2,17.6,18.9,19.8,15.2,24.2,22.6,18.3,10.5,17.9,17.4,12.5,11.2,17.1,14.9,14.9,16.4,14.2,18.5,16.7,18.6,15.9,21.1,30.5,32.4,19.2,22.8,18.2,19.2,12.2,22.5,18.4,14.3,14.6,15.8,13.4,10.3,17.4,20.4,13.5,7.8,21.4,36,10.6,5,13.1,20.7,20,22,19,20,23,37,22.6,17,17,14,13,28,13,21,7,8,24.3
1946-09-01,5,9,2.3,6.5,13,0.3,11.7,24,0,3.7,18,20,6,4,13,0,12,4,34,3,2,10,0,27,0,0,0,0,7.9,12.5,2,16.4,16.8,6,7,0,17,15.9,52,10,18,5,5,9,9.3,5,7.3,18.8,0,8,18,19,0,19.2,14.5,3,19,0,18,0,24,0,11,18,0.8,0,8,0,15,13.5,24.4,1,2.4,1,12.3,15.3,17.5,19.5,11.5,14.9,9.5,13.5,10,17.4,9.1,8.2,15.6,18.4,13.6,10.3,14,13.5,11.3,7.5,8.5,14.9,10.5,7.1,11.5,8.4,10.2,18.1,10,6.6,4.2,5.9,10.4,13.7,17.3,12.8,12.5,25.2,21.3,13.1,11.2,13.8,10.5,7.8,22.2,11.4,15.1,19.6,6.1,21.5,13.3,8.2,9.5,8,9.7,36.1,17.8,9,6.5,7.4,8.1,10.1,17.4,14.4,12.5,6.4,9.1,8.3,32.2,3,7.5,8.1,9.7,12.1,9.5,15.9,24.7,9.1,8.2,10.9,6.7,9.4,7.7,17.2,12.2,10,6.3,12.1,15.5,7,14,10,10,18,10,10,9,13.8,10.4,22.4,25.4,10,16.6,0,10,14.5,17.8,23,12.8,14.9,17.7,14.7,16.8,20,12.7,13,8.9,6.7,15.6,16.7,17,16.4,28.1,16.8,16.4,16.4,10,0,8,0,4,5.2,3.8,3.1,3,9.3,8,6.8,5.5,0,11.6,16,5,4.6,5.6,9,10.7,8,15,9,10,10.8,5,4,21,8,14.8,8,6.7,6.5,17.9,4,0,8.5,8,6.7,13,12,12.8,14.2,15,57,4.8,7.1,9,5.8,12,10,10.4,132,47,0,11.9,19,8.8,11,0,6,41,13.5,16,17.4,7,13.2,12.8,13.7,19.6,20,19.7,12,23.7,22.7,15.1,12,23,15,4,6,7,6,19.7,27.4,10.1,18.2,40.6,15.9,26.9,18,24.5,18.6,17.4,37.7,9.8,11.6,21,13.6,14.1,17.1,14.5,20.3,14.4,21,20.3,13.1,17.4,21.1,19.7,21.8,25.1,19.9,15.6,10.2,18.7,17.1,13.9,10.6,19.4,15.1,14.7,15.8,14.7,19.1,18.5,23.6,19.1,23.9,28.5,36.5,20.5,21,17,16.4,7.7,17.6,18.8,13.8,13.3,12.8,11.2,9.4,11.6,19.4,13,7.4,22.4,23,8.4,19,69.3,14.3,2,0,10,8,4,6,24.9,17,35,32,21,45,24,39,20,35,38
1946-10-01,18,19,9.5,10,42,22.8,46.6,61,9,23,64.6,28,55,21,7,21,52,7,79,15,63,21,7,40,20,4,10,8,25.6,70.4,4,60.6,94.3,82,7,3,73,55.7,84,49,147,116,69,99,39,24,32.7,60.5,16,10,53,35,0,49.5,26.2,87,13,12,80,11,20,65,41,34,17.3,39,2,0,19,37.6,45.1,69,9.8,13,15.2,34.4,24.5,45.8,37.9,30.7,26.3,21.1,16.7,33,35.9,28.4,27.6,24.2,36.6,38.6,33.8,42.5,34.2,26.1,16.6,23.9,15.1,13.8,14.2,14.6,12.9,21.5,13.5,18.2,9.9,9.8,13.9,44.3,49,36.3,20,43.5,46,45.8,36,36.5,38.5,37.3,43.3,38,50.3,54.8,28.6,42.4,36.5,18.8,19.3,26.2,21.1,38.1,32.5,16.3,19.7,30.7,26,17.9,25.5,29,24.7,31.5,14,20.8,29.6,10.6,13.2,19.6,15.5,26.1,17.4,32.2,47,13.6,27.1,30.7,34,22.1,29.4,12.3,5,14.8,12.6,20.6,58.1,35,12.5,69,126,42.1,52,69,76,59.2,28.9,52.7,41.6,32,60,20,69,42.3,62.6,122,34.3,49.1,72.6,57.8,44.8,36,37.2,39.6,26.4,30.9,43.1,51.8,58,37.8,76.5,54.3,51.7,49.9,87.5,6,36.8,11,5,28.6,31.1,23.5,37,36,24,28.6,21.9,20,42.3,15,29,22.9,28.9,49,38.1,20,4,19,38,24.3,15,21.8,27,4,59.5,12,56.3,30.5,60.1,32,28,25,27,42.1,67,52,55.5,44,47.8,36,22.5,29.7,98,34.1,95,60,50.9,73,172,48,49.5,88,32.9,55,14,32,79,39.2,78,53.3,37.3,42.7,38.3,43,48.8,37,39,28,49,37,29.9,9,15,31,35,55,57,43,51,67.5,26.1,34.7,70.5,50.1,59.5,116,67.4,50.5,36.1,57.1,52.9,52.9,60.3,45.7,36.4,42.6,31.6,38,36,44.9,49.9,59.8,55.1,61.4,58.9,50.1,63.2,59.2,33.2,39.1,51.2,33.3,29.8,35,49.4,49.6,51.1,41.6,59.8,39,44.2,57.6,39,54.8,64.6,54.8,50.5,59.4,68.3,66.8,45.2,66,60.9,47.2,39.1,34.4,34.5,35.2,40.3,40.3,34.2,27.8,53.4,122,40.4,42,46.9,53.4,21,26,16,42,23,12,44.9,39,39,51,36,37,65,49,38,49,50
1946-11-01,24,56,56.8,35.9,119,103.8,87.9,124,82,93.3,118.3,213,102,106,80,67,143,89,90,68,132,246,209,124,206,54,73,212,94.5,155,62,137.1,132.1,180,76,118,112,157,35,110,80,200,137,149,90.2,132,75,123.2,85,257,101,234,188,117.9,95.7,156,55,192,105,130,124,284,145,226,85.3,87,158,35,34,68.4,76.9,28,40,33,51.3,112.5,87.2,126.5,117.5,83.3,100.1,98.1,92.3,109.4,107.8,123.5,120.5,104.7,119.1,123.3,113.9,152.8,101.3,98.6,58.7,66.3,45.3,64.7,44.2,50.5,60.8,64.3,52.9,46.6,39.5,48.1,49.3,144.4,159.9,132.9,95,163.3,115.9,151.1,135.5,133.6,146.3,135.2,98.6,128,153.5,113.5,105.3,112.6,89.3,93,68.7,62.9,68.1,77.1,64.4,45.6,48.7,95.9,79.4,69.8,71.5,89.6,79.7,88.3,47,90.2,89.7,64,49.4,97,60.7,121.7,93.1,124.5,124.9,55.2,88.8,100.3,104.1,102,107.8,26.6,14.6,70.2,63,84.7,110.9,89,96,47,92,93.6,173,47,56,82.2,60.1,111.4,103.7,104,89.9,149,47,78.8,87.3,52,73.8,96.4,44.1,88.6,105.6,147,106.2,102,56.8,61.9,84.3,124.6,94,107,130.1,81.5,83.8,107,36.5,0,79.5,106,40,109.2,72.9,66.2,83,84.5,58,86.3,70.5,49,76.7,58,74,64.5,80,72,78.9,89,69,78,93,87,71,62.6,98,69,92.9,59,67.9,63.2,93.9,72,74,57,78,79.5,55,44,76.7,98.1,84.7,49,46.7,58.4,68,69.7,50,39,72.4,25,144,128,110,116,69.5,149,38,58.9,86,67.1,101,85.5,64.9,89.9,84.2,104.3,131.3,147,103,71,108,94.4,74.3,88,69,129,113,74,77,61,99.6,97.3,69.5,85,126.3,83,89.8,107,119.1,79.8,99.6,115.7,68.8,72.1,86.4,74.8,58.2,62.8,59.4,64.6,66,76.5,84.2,87.4,80.8,94.7,98.1,85.7,97.2,106,65.2,84,78.7,67.4,47.6,106.4,68.6,86.6,82.9,91.5,82.9,69.9,77.9,100.2,81.7,114.2,103,108.3,81.1,110.2,115.7,110.8,107.5,123.7,112.2,97.9,81.9,79.7,81.8,64.6,84.2,73.6,80,59.6,95.2,52,77.1,34,59.9,63.6,37,50,28,43,62,30,55.7,104,47,84,53,79,41,60,50,34,66.3
1946-12-01,25,24,22.9,23.9,57,18.9,78.2,32,35,28.2,74.2,35,42,40,59,47,51,34,114,23,40,3,27,76,35,63,21,23,28.7,59.8,30,66.1,88.1,18,43,44,34,58,86,50,74,12,31,37,47,78,55,62.6,47,2,29,8,47,68,34.7,21,65,8,29,8,27,46,17,15,22.4,43,42,2,68,79.8,49.9,78,14.2,5,20.7,43.8,27.5,43.6,32.8,41.1,43.1,29.6,27.3,33.3,39.1,36.5,31.9,32.6,37.3,38.9,34.6,43.9,39.7,34.2,22,38.3,18.1,24,16.4,20.6,20.3,25.5,22.2,24.3,13.6,12.4,21.2,40.5,36.8,52.7,27.4,45.7,56.4,46.1,39.1,41.4,36.5,40.6,37.9,46.4,39.2,61.8,27.9,53.2,34.1,35.1,27.4,31.3,32.1,43.9,39.8,23.8,25.1,41.1,37.4,32.3,32.2,34.4,32.4,35.5,24,31.3,38.1,22,18.3,27.6,16.3,33.7,27.9,43.4,59.3,20.9,33,32.3,31.4,31.9,34.6,21.7,6.7,22.7,21.1,45.1,89.2,141,90,142,149,99.3,136,142,56,72.4,60.1,112.1,133.2,124,100,144,142,81.2,87.5,49,65,71.5,37.4,80.2,94.3,101,103.6,98.9,48.8,53.4,86.2,151.1,194,102.1,120.4,126,130.9,134.8,152.5,0,55.7,34,3,50.3,50.5,44.8,54,61.4,36,60.7,42.8,53,58.9,25,58,35.8,70.8,76,77.6,91,52,142,132,39,83,44.6,103,87,87.2,74,68.5,46.4,88.1,78,22,50,38,52.9,25,19,67.8,87.7,73.5,33,37.9,47,43,53.6,35,37,64.3,100,114,66,97.5,65,52.1,5,12,68.8,74,65.7,18,100.6,56.8,86.4,94.6,95.4,123.2,102,95.3,107,109.2,106.2,101.5,114,96,112,99,92,102,200,128.3,86,55.5,95.8,133.1,88.4,84.3,78,108.6,68.3,79.6,131.7,63.5,62.1,75.1,66.6,58.8,61.1,48.3,64.4,67.5,60.8,67.9,78,79,86.9,89.4,72.4,85.7,109.7,50.3,61,60.5,61.5,37.3,78.3,74,78.9,73.6,84.3,75.8,63.4,89.4,108.8,54.2,107.5,97.9,109.8,87.2,90.7,91.7,81.9,82.1,88,91.3,70.7,61.5,55.8,61.1,52.5,64.2,62.1,66.4,49.1,107.9,49,87.8,67,72.6,102.9,58,77,85,55,113,99,87.6,61,59,87,81,58,138,193,86,142,113.5
1947-01-01,6,57,28.8,26.1,83,69.6,77.5,124,14,43.3,81.8,70,76,22,26,48,159,53,90,37,84,58,18,90,71,32,26,36,52,93.9,48,97.1,112.8,83,30,17,64,94.5,155,193,55,94,100,83,54.9,82,72.5,81.1,66,71,82,39,27,88.7,51.8,167,70,50,134,65,99,63,72,100,32.2,136,29,37,65,65.1,58.6,108,21.6,4,26.4,67.7,39.7,61.8,62.6,46.3,53.7,44.4,44,60.3,58.2,68.8,59.5,53.1,80.8,64.6,51.6,72.7,67.3,52.2,34.2,40,34.5,29.6,25,28.4,27.8,31.5,33.3,24.7,20.6,25,30.1,71.2,82,93.2,56.1,52.7,78.9,82.8,73.2,56,67.4,71.8,59.8,78.5,74,61.3,53.8,67.5,50.8,56.3,44.1,43.4,37.6,49.9,43.2,30.2,34.1,57.7,49.4,38.7,39.7,36.8,45.3,60,71.1,44.5,40.1,33.6,29.4,35.2,27.8,69.4,47,62,79.1,26.5,51,57,59.1,57.1,44,21.6,12.6,34,31.3,50.1,95.9,53,64.5,59,200,95.1,39,59,58,90.1,62.4,105.3,114.3,109,97.3,102,59,82.1,97.1,70,65.1,77.9,108.8,100.9,113.3,98,94.9,102.2,54.8,50.2,91.3,135.6,80,113.3,126.2,49,66.9,74.8,65.5,12,65.2,60,23,64.6,65.1,52.6,59,66.1,83,64.9,53.8,66,61.7,33,50,47.9,59.1,36,70.7,41,65,71,85,82.5,69,50.1,78,61,84.6,47,64.4,54.9,83.7,55,43,50.6,46,59.3,69,65,87.2,93.5,76.6,66,37,51.8,170,62.2,75,86,74.4,172,40,34,115.2,111,62,129,21,66.2,41,72.7,64,99,64.6,91.8,102,100,125.8,97,95.8,37,109.7,96.3,78.8,32,32,35,25,57,73,83,77.8,97.2,57.6,97,133.5,96.3,89.7,86,102.5,67.8,81.5,133.2,67.3,69,80.2,65.9,51.4,55.1,55.3,65.9,71.5,74.2,68.5,76.9,83.9,101.2,100.7,77.8,83.9,108.4,60.4,65.7,56.2,68.9,44.4,72.4,83.5,80.6,81.2,98.7,88.5,60.9,71.8,115.7,65.2,121.7,104.1,114.1,95.2,110.3,103.1,105,93.6,112,108.8,81.6,58.5,56.7,69.5,59.3,71.4,60.4,65.2,50.4,92.9,70,70.5,17,21.9,49.6,25,35,29,59,40,48,38.8,46,26,20,32,28,9,9,4,35,39.7
1947-02-01,113,137,31.7,25,38,59.5,77.4,64,91,37,63.1,20,41,41,44,55,47,58,7,95,21,88,65,9,31,55,55,45,52.5,73.2,61,66.2,88.7,26,45,80,74,59.2,95,21,47,15,29,36,47,59,45.6,59.2,70,59,82,58,70,70,51.5,55,37,69,47,45,83,36,89,49,28,5,30,20,172,117.6,62.1,157,26.9,85,27.7,60.3,41.1,53.9,54.7,51,51.5,43.5,45.4,51.6,54.2,49.6,50.8,51.2,58,54.9,48.5,55.1,60.4,52.2,39.5,37.4,32.3,32.7,24.7,27.5,29.8,37.4,37.1,30.9,19.4,27.8,28.5,68.5,62.6,85.7,52,61.7,68,60.2,56.8,56.6,64.4,68.3,60.2,75.1,49.6,71.6,37.5,64.2,41.5,52.1,36.8,34.9,34.7,49.4,40.1,28.1,33.7,51.8,47.5,38.9,37.6,39.9,39.6,45.9,94,44.6,48.7,32.4,27.1,38.8,25.3,61.9,46.2,59.8,73.5,26.9,47.9,46.2,51.5,31.5,38.5,20.1,8,33.1,35.5,57.5,106.2,81,127,121,71,100.4,86,121,23,79.8,59.3,122.7,137.8,235,89.8,182,121,92.9,87.2,64,78.3,81.4,108.6,96.5,104.2,132,118.3,109.9,51.9,59,92.4,155.2,71,126.5,113.1,114,129.5,131.2,152,6,63.1,62,30,58,62.9,54.4,97,74.4,61,68.4,52,116,71.9,3,86,40.1,59.7,53,72.3,58,41,74,14,57.4,72,44.7,43,50,81.1,32,62,50.9,87.4,37,162,52.1,44,64.9,29,94,85.5,88.2,75.9,60,41.4,60,61,66.9,67,88,69.3,130,102,44,125.1,105,62.6,119,40,63.9,45,65.4,66,91.7,61.2,83.6,99.5,106.7,137.8,133,106.6,100,110.2,123.5,146.4,139,202,80,134,118,139,103,114.5,94.4,59.9,94,111.9,110.5,87.9,79,89.1,69.8,82.2,126.8,61.5,66.9,83.9,67.7,59.6,58.9,57.9,63.2,66.7,65.3,67.5,76.1,73.6,105,87,69.9,90.6,101.7,58.7,71,62.7,62.1,40.5,82.7,78.2,90.4,82.5,104.2,92.7,60.3,106.2,108.5,66.5,93.3,100.6,100,84.9,112.8,108.2,105.2,112.3,113.3,111.7,84.7,71.3,69.1,68.6,57.7,72.7,69.2,74.2,51.2,93.1,64,90.6,71,44.7,95.9,116,124,130,93,88,100,66.5,47,38,97,78,37,64,89,50,117,91.3
1947-03-01,3,68,47.9,32.7,59,23.8,126,46,16,40.9,97.1,49,78,14,119,23,84,19,74,95,30,27,56,54,28,28,14,8,36.2,68.1,89,75.1,108.1,28,129,25,80,67.1,74,62,66,14,45,46,60.3,41,63.3,73.7,40,18,15,18,29,71.2,48.9,43,51,28,45,75,16,32,25,25,33,71,24,2,78,94.5,69.8,58,29.4,28,31.1,66.6,44,47,60,52.9,52.1,44.9,53,75.1,61.1,48.7,52.3,60.5,66.8,57.2,46.1,65,61.8,54.2,33.9,48.9,42.7,40.7,27.7,26.4,33,41.2,32.6,32.3,26.5,28.8,30.8,62,50.6,79.6,54.9,67.1,79,60.2,56.2,56.8,58.1,66.9,67.7,68.8,60.5,69.1,38.1,62.9,40.6,52.7,48.1,38,43.3,49.4,52.5,34.8,32.3,63.5,52.6,44.9,41.4,37.7,44.8,62.7,84,43.1,50.1,31.4,32.9,43.1,29.9,77.9,48.1,68.4,82.1,31.9,44.3,43.7,49.2,25,39.3,34.4,8.5,37.2,34.4,57.8,151,129,111,98,162,120,238,97,196,142.4,84.7,134,128.9,89,129.9,243,98,110.9,150.6,166,88.5,99.3,116.4,124.1,118.4,54,117.9,116.3,81.4,88.4,109.9,143,249,124.4,189.7,135,138,131.8,131.5,70,74.2,76,5,66.8,78.5,75.9,61,93.1,39,98.2,71.8,43,106.1,51,81,52,87.3,66,109.4,146,55,118,146,78.4,69,62.1,113,185,129.2,124,75.9,99.5,150.2,131,27,71.7,83,97.9,106,103,121.9,102.5,117.3,55,82.8,77.2,138,84.3,127,101,107.7,61,276,140,115.9,111,110.5,42,44,98.1,105,97.5,83,151.4,84.7,133.6,137.1,118.5,186,154,131.4,102,145,121.6,114.7,67,71,110,74,60,87,175,128.4,121.6,88.5,121.6,171.9,124.9,143.6,237,197.8,106.1,130.2,144.1,111.8,128.1,148.1,100.2,81.5,95.6,92.3,93.8,90.5,102.3,109.3,124.1,111.6,126,133.1,130.9,124.1,157.3,92.6,100.7,106.6,96.8,63.5,133.5,91.2,128.5,102.4,118,108.9,82.8,100.7,132.8,95.8,129.5,139.9,132.5,114,144.5,143.8,132.6,140,146.5,130.9,122.9,107.5,90.9,91.7,83.8,98.4,108.9,96.8,68.7,136.2,166,110.9,185,158.5,161.6,160,158,177,155,161,198,140.7,277,219,118,113,206,145,118,151,144,170.1
1947-04-01,1,0,25.6,15.1,43,50.8,78.7,10,37,23.7,59,17,21,32,53,32,19,16,78,60,29,37,31,56,21,19,20,20,24.2,63.6,0,58.3,83.5,19,32,49,21,46.5,151,19,20,3,16,5,45.4,38,39.8,52,41,84,28,37,22,54,27,17,14,15,15,95,36,8,25,18,18.1,19,18,18,43,69.2,52.6,51,14.9,14,20.2,40,23.4,37.1,30.4,38.8,44.6,29.3,38.5,34.7,36,39.4,30.8,32.5,34.8,38,34.8,38.3,40.9,36.7,23.6,44.4,25.9,24.9,16.5,21.8,22.8,25.8,24.4,26,15.9,11.7,18.2,32.6,37.5,45.5,32.2,37.9,58.2,43.4,36,34.3,36,39.9,36.9,44.4,31.8,60.1,24.7,48.6,29.7,34.2,27.5,28.1,29.4,38.4,40.9,18,26.6,38.8,30.6,29.7,32.3,34.5,33.7,35,44,30.9,37,21.7,16.7,27.9,15.5,33.8,26.8,44.9,59.8,20.3,32.3,28.8,30.8,15,34.9,26.8,6.2,22.7,21.2,43.5,107.2,113,112,63,148,100,91,63,50,89.6,71.2,110.7,122.3,75,100.2,91,63,93.6,104.7,64,70.1,70.9,38.3,89.1,102.8,140,101.8,105,57.5,56.9,96.2,158.2,102,110.6,137.6,97,92,112,73,0,54.7,29,27,48.1,60,50.4,23,63.3,39,67.4,43.3,72,64.8,55,72,46.3,65.6,65,84,73,108,74,73,43.8,108,51.9,60,61,94.1,88,75.7,63.6,83.1,78,73,53.5,100,67.1,48,68,84.8,96.7,82.5,68,48.8,55.8,69,61.3,90,53,65.3,3,77,50,94.9,73,64.7,22,74,76,130,75.2,85,109.4,69.2,96.4,97.3,100.9,156,140,103,60,112.1,109.4,98.9,25,104,173,33,77,56,63,96.8,96,56.2,102.5,134.8,89.9,91.4,81,107.7,76.2,86.1,147.2,66,71.7,82.4,61.2,53.3,57.8,49.8,64.3,68,71.4,72.4,86.2,80.5,98.1,93,82,84.8,124.3,64.4,65,71.6,72.3,44.1,77.7,78.7,80.8,77.8,92.7,87.2,61.4,87,123.1,69.9,108.7,110.2,119.9,88.3,102.6,106,97.9,101.6,114.4,98.7,83.6,66.4,66.4,68.8,60,72.7,72.2,77.8,53.5,105.3,64,78.9,47,28.3,67.3,44,52,48,57,40,63,63.2,56,39,108,59,122,32,47,132,38,65.9
1947-05-01,0,0,3.6,2.7,7,18.9,10.6,1,66,6.9,10.7,10,0,0,0,17,0,9,0,5,0,14,27,10,0,12,9,3,10.5,9.1,0,9.1,10.8,3,12,7,0,11.1,54,7,15,0,3,0,4.5,20,6.4,12.5,55,8,12,24,12,12,14.5,0,0,9,5,25,43,0,0,5,3.8,0,3,13,4,6.7,17.6,0,5.4,13,15.1,18,16.7,17.7,18.9,16.5,15.1,17.5,17.9,17.9,19.7,14.3,20.4,16.8,16.7,13,15.6,15,17,14.2,8.1,15.5,14.7,11,11.6,10.6,13.2,22.5,11.9,10.3,5.6,7.6,11.8,23,23.8,19.6,12,32.2,35.5,21.3,16,17.4,20.3,14.7,23.3,16.8,15.9,21.6,8.8,23.8,13.1,9.7,10.1,11.2,12.1,27,19.3,5.2,8.3,11.9,15.1,12.3,20,14.9,12,14.1,12,7.4,31.9,11.2,10,11.2,11.3,13.5,12.8,20.7,38.2,11.9,14.7,15.8,11.1,16.6,9.3,13,8.7,10.1,8.1,16.7,9.3,30,0,8,1,3.2,4,8,0,7.1,10.6,10.6,8.8,1,7.7,12,8,7.4,7.3,15,7.7,11.7,14.2,12.7,12.6,0,12.4,6.3,7.2,5.5,7.2,11.4,7,2.9,16,15,6.7,14.5,7,45,6.9,0,0,7,5,4.1,10,6.3,8,9.7,4.2,16,8,18,12,5.2,3,2,6,23,9,8,23,19.2,9,6.8,35,0,14.6,9,7.3,9,15.9,0,10,3.6,9,9.2,13,5,8,10.4,9,65,5,3.5,10,6.8,76,0,4.8,7,0,0,9.6,12,6.8,0,8,6.5,6,5.1,0,4.4,5.2,8.7,6.8,7.9,10,0,16.9,5,9.3,8.2,3.8,3,5,0,2,0,32,30,18,13.5,10.2,11.2,15.1,10.8,12.2,10,13,11.1,15.8,17.1,7.1,7.1,10.5,11.9,13.1,14.8,8.9,14.1,12.3,15.1,17.4,8.5,19.1,14.2,12.1,14.4,23.8,21,11.6,11.6,14.2,10.2,12.7,12.1,15,14.7,13,15.6,14.6,14.8,10.6,10.9,12.9,12.7,18.5,21,15.8,18.6,16.7,11.4,14.3,23.4,17.2,11.4,14.9,13.4,12.6,9,10.7,18.9,12.3,8.2,10.8,15,6.6,9,7.9,14.5,32,32,31,10,16,7,13.9,34,29,20,3,14,12,8,3,6,15
1947-06-01,8,4,3.3,3.7,41,22.4,11,9,41,9.7,18.3,0,10,14,19,22,7,18,17,14,17,21,26,12,11,25,14,11,10,16.2,0,18,24.8,3,9,18,18,19.1,51,6,62,0,2,10,6.9,5,8.6,24.3,32,16,22,18,5,18.6,12.3,9,7,8,7,76,8,1,11,29,4.5,0,16,6,22,15.8,23.4,13,2.7,2,12.2,19.3,17.7,20,16.9,11.7,11,18.7,18.6,17.4,17.7,14.2,14.4,14.2,15.8,13.3,14.7,15.1,13.7,14.1,8,14.4,14.3,7.3,10.7,7.3,7.4,17.6,11,8.5,3.7,5.9,9.9,16.3,19.1,17.7,9.1,28.4,39.6,18.7,16.1,14.5,13.7,12.7,21.8,13.6,15.4,24.5,8.6,24.3,12.7,9.1,8.8,9.2,12.2,22,14.5,6.4,10.5,10.3,12.7,9,19.3,19.8,13.5,12.5,13.4,8,33.8,10.9,7.6,11.5,8.6,15.3,11.4,20.1,43,10,10.2,14.7,13.1,10,10,12.7,9.4,11,7.7,17.5,11.4,5,18,25,6,8.2,27,25,22,8.7,8.5,15.5,22.3,13,11.4,25,25,7.2,10,18,13.1,14,6.3,9.2,12.8,16,15.9,12.8,6.7,1.9,10,15.7,22,9.5,16.7,40,19.1,15.3,28,0,11.5,38,0,12.2,7.6,5.2,27,6.5,13,8,2.9,0,9.5,12,15,2.3,2.8,11,6.5,3,0,0,3,16.8,0,4.1,5,16,16.2,4,8.2,7.8,11.6,5,0,3.1,5,3.7,12,8,5.7,7.6,10.5,24,2.3,2.8,8,2.8,8,13,6.8,0,24,0,9.2,0,4.1,0,8,5.6,8,7.5,14,9.6,6.3,9,9,9.5,16,16,14.4,10,19.6,16.5,11.1,19,21,13,9,29,21,17,23.7,18.3,10.1,15.5,24.3,10.9,17.3,4,19.4,10,13.9,25.7,4.5,6.4,12.1,10.8,12.3,16.9,13.2,18.3,15.6,14.9,12.6,8.2,15.9,14.8,14,12.9,14.9,16.6,16.4,9.9,16.2,17.8,14.3,9.6,18.1,13.1,13.6,11,11.2,15.3,12.9,14.2,11.9,15.9,18.6,24,19.4,15.8,15.3,11.1,9.2,15.8,23.6,10,13,9.3,12.2,10.7,9.3,13.5,9.8,8,13.3,18,7.4,7,12.1,15.1,14,11,16,6,13,21,14.5,4,4,20,13,14,14,24,12,9,13.9
1947-07-01,9,7,0.6,3.5,10,0.9,9.9,3,3,2.9,15.1,0,12,0,0,6,24,4,8,4,7,5,2,0,5,3,3,7,4,12.8,0,13.4,12.9,2,8,1,12,13.4,40,1,0,0,7,6,4.9,12,1.6,11.7,3,7,10,21,1,12.3,9.5,4,5,7,17,0,23,3,3,38,2.7,0,2,3,0,4.9,21.1,0,1.9,4,13.5,17.6,15.4,19.5,14.3,14,10.1,12.7,11.2,14.6,19.8,13.5,12.5,11.6,14.8,10.8,14.6,14.4,10.5,6.7,6.6,15.6,13.8,7.7,11.7,10.1,7.7,21.3,10.6,10.9,6.4,7.7,11.8,17.2,19.2,13.8,10.1,21.8,18.9,15.4,12.5,15.4,11.1,8.9,23.5,11.2,15.6,19.7,6,25.9,10,6.4,10.3,11.6,12.1,28.4,14.2,6.9,6.9,10.6,9.3,9,19.4,10.6,10.9,11.5,8.5,11.1,32.7,6.1,8.2,6.6,9.3,10.5,10.8,13.2,24.7,11.4,7.7,13.5,7.9,3,10.9,17.4,11.7,9.1,7.4,14,6.3,0,3,0,7,7.1,10,0,0,1.9,13.2,7.7,8.2,3,6.8,6,0,6.6,6.4,14,7.7,5.4,0,4.5,16.7,5,11.2,5.9,7.1,1.2,9.5,11.1,10,4.5,12.6,8.8,4,5.3,3,0,3,10,0,4,1.1,2,5,4.3,0,1.4,1.3,0,3.8,0,0,1.2,1.9,0,5.2,0,0,0,0,11.2,0,2.2,3,0,7.4,0,1,9.2,8.9,0,0,3.8,0,2.9,0,0,3,6.3,4.6,0,1.4,0.6,0,1.5,0,0,4.3,25,5,0,3.4,0,2.1,0,0,2.2,0,4.3,0,4.3,4,8.1,4.2,5.5,0,5,10,0,6.1,6.8,1.4,0,0,9,0,0,6,1,12.8,14.9,10.3,10.7,24.1,10,17.6,27,11.1,10.1,12.6,15.7,6.1,3.9,8.9,9.3,7.2,11.8,7.8,13.9,11.6,12,11.9,6.5,12.2,10.6,11.4,14.3,13.6,16.8,13.3,6.2,11.4,9,9.4,10.7,16.3,9.5,8.7,13,9.8,12.9,8.9,10.4,11.7,15.1,15.1,19.3,17,16.2,16.6,10.8,8.3,14.6,16.2,11.1,10,12,9.6,5.6,7.2,15.1,6.7,8.4,9.2,14,5.4,0,1.2,5.7,0,0,0,0,2,1,5.7,0,0,0,0,0,0,0,0,6,8.7
1947-08-01,8,25,12.8,3.5,14,1.7,12.9,4,1,4.2,12.2,0,5,0,5,0,0,3.7,24,29,3,20,0,20,0,0,0,2,7.8,11.9,40,16.4,13.3,3,14,2,10,8.6,51,0,10,0,3,7,5.8,1,4.4,9.5,0,7,7,15,0,10.8,8.5,8,2,5,9,0,11,0,12,35,4.2,0,2,2,19,7.3,20,23,7.4,17,14.8,18.9,19.1,21.5,17.4,13.1,13.5,16.4,20.1,15.2,15.3,12.2,15.9,14.9,19.7,13.3,14,18.6,13.9,9.3,10.4,16.7,13.3,10.2,12.2,11.9,10.4,21.1,13.2,11.8,6.8,9.2,12.7,22.2,15.8,16.4,13.6,28.8,30,18.3,12.9,15,16.1,14.8,26.7,13.1,16.2,21.5,7.8,28.4,9.4,11.4,11.2,9.4,11.9,26,20.6,7.2,10.8,13.1,14.5,11.2,22.4,16,10.6,16,32,10.5,32.1,8.9,11.4,11.2,10,16.8,12.8,14.8,29.6,12.8,12.7,15.8,10.1,18.4,10.2,19.6,9.6,10.3,10.4,17.5,21.6,27,12,3,12,6.6,8,3,15,13.8,34.7,9.9,7.4,7,11.4,15,3,8,14,27,10.2,17.5,26.9,15.6,15.4,23,9.3,7,9.6,12.8,8,12.7,2,4.2,17.1,6.8,4.7,6.3,0,0,9.8,14,0,15.6,8.1,5.8,9,9.2,20,11.8,5.7,21,11.9,21,22,7.7,7.2,36,12.7,12,30,33,25,23.7,7,12.2,12,4,19.6,19,12.2,15.6,21.1,30,19,4.4,24,16.5,24,32,16.2,12.1,12.6,4,11.8,10.5,8,16.6,23,25,13.2,58,8,14,11.2,27,8,45,0,12.2,3,13.2,0,7.3,6,13.9,9.7,12.7,30,23,20.1,20,9.2,8.7,4.6,8,7,2,3,3,5,2,8.9,17.4,6,10,19.3,12.3,13.4,17,12.6,13.2,14.2,16.4,13.7,12.3,14.3,19.9,7.6,9.1,8.6,14.9,12.9,18.7,17.4,11.2,14.7,12.7,14.1,14,20.8,22.7,12,10.7,16.4,12.2,13.2,15,14.2,10.8,11.4,14.1,10.7,14,7.9,11,14.2,12.4,21.2,19.5,16.1,22.7,21.5,20.5,20.2,24.5,22.1,14.2,17.6,17.9,14.4,13.8,20.9,20.7,18.4,11.9,11.8,27,9.2,0,1.5,4.4,1,0,1,0,0,0,5.9,0,0,0,0,0,0,0,4,4,4.1
1947-09-01,16,14,16.3,11.2,65,24.6,51,62,15,34.4,54.6,47,68,53,15,31,121,27,72,50,47,40,36,67,37,17,20,34,37,71,25,59,76.2,67,28,30,106,55.7,18,37,82,91,69,75,41,14,39.9,53.6,17,75,47,59,13,58.2,26.7,84,44,31,82,23,37,67,46,46,23.3,35,37,31,35.5,46.5,51.5,18,10.2,40,13.5,43.9,25.8,53.6,31.7,35.4,33.5,28.2,23.7,48.1,38.6,36.2,34.5,27.6,40.6,39.4,42.3,44.4,39.7,29.7,21.9,30.7,14,18.9,16.8,17.9,17.6,25.1,18.8,14.6,10.8,12.2,14.3,45,50.4,49.8,28.1,47.5,50.3,59,46.2,40.1,39.7,45.2,47.1,50.1,43.1,63.3,31.2,48.5,41.1,29,26.2,33,24.8,40,33.1,16,24.2,36.2,32.7,20.1,27.5,29,25.9,38.6,50,26.9,28.5,16.9,19.5,26,13.5,31.1,22.2,47.1,60,16.8,38.5,32.4,41,31.2,29.6,11.4,5.7,17.5,18.4,30.3,55.4,48,65,57,67,48.3,61,57,48,54.8,40.5,57,63,79,54.2,65,57,39.4,57.9,62,32.8,62.6,40.2,50.2,51.3,64,60.2,49,35,35.5,53.9,61,75,51.2,60.1,60,57.4,53.8,62,2,41.6,74,25,39.9,40.1,30.1,67,42.4,51,46.8,31.1,62,45.2,64,66,27,39.5,61,39.9,97,35,34,90,24.7,16,28.7,73,62,59.9,50,53.3,36.9,59.5,46,15,31.3,37,43,48,38,45.8,46.6,54.4,2,26.9,34.3,65,38.5,50,43,52.4,93,79,26,50.6,44,34,38,21,34.9,55,40.4,5,49.5,36.9,40.1,40.8,44.6,47,64,42.6,55,61.9,55.1,58.9,44,69,60,65,46,48,37,49.9,52.2,43.7,42.8,65.4,54.8,49.5,62,76.6,40.9,48.6,56.5,44.3,49.9,55.9,39.7,32.8,40.8,36.6,31.3,46.3,43,54.2,51.1,50.5,65,55.9,52.4,57.7,54.7,37,43.1,29.3,34.3,33.9,47.9,55,51.3,46.3,48.7,65.4,46.7,51.1,56.8,35.7,47.8,60.2,45.1,50,63.5,64.3,64.7,50.8,61.2,50.6,48.9,45.5,36.7,44.1,40.7,45.1,56.4,48.1,32.2,63.7,62,40.2,8,9.7,51.7,23,20,59,68,55,46,31.6,39,34,36,26,23,37,34,23,17,41.9
1947-10-01,47,55,31.8,27.9,93,61.2,60.5,97,12,43.9,63.5,63,115,37,11,25,137,50,75,30,57,63,78,82,53,28,41,14,46.1,79.3,0,76.9,85.2,106,11,10,127,77.2,85,73,122,95,108,64,46.8,73,65.6,71.5,48,52,47,65,3,74.2,44,99,113,76,70,16,152,95,97,97,39.7,65,6,3,27,41.8,57,34,20.1,49,21.3,68.9,42.9,69.5,60.9,51.4,58,47.3,43,56,59.6,57.2,57.9,53.3,71.8,66.4,60.8,72.5,78.1,53.7,38.2,35.6,25.7,28.8,26.4,30.3,29.7,33.9,41.9,18.9,20.2,26.5,22.9,76.6,78.6,93.6,59.3,67.4,83.2,86,74.8,58.5,74.3,70.5,71.2,87.1,68,70.6,42.6,66.1,57.4,52,43.2,41.9,38.9,51.1,44.2,28.2,31.8,55,50.8,38.3,39.9,36.5,43.5,61.3,70.7,39.3,40,31.9,28.7,41.3,28.3,61.6,51,62.5,78.3,29.1,51.3,51,59.6,44,41.5,12.6,6.6,29.3,31.7,56.7,81.9,63,42.5,24,61,57.3,65,24,73,71.5,40.7,60.2,64.1,90,66.4,76,24,55.2,65.2,94,53,85.7,121.6,73.4,59,78,59.8,72.6,57.7,59,52.2,58.9,51,53.5,61.4,15,62.8,54,54,3,68.1,111,48,69.2,69.7,53,156,81.3,82,58.1,51.8,101,57.1,105,59,44.2,60.1,50,69.4,95,10,32,98,59.7,36,46.7,70,43,77.2,58,60.7,45.8,78,49,18,41.2,76,46.6,114,64,71.3,49.8,74.3,32,38.6,49.9,118,57.2,102,96,64.5,98,47,97,106.9,102,49.6,70,74,45.3,37,58.2,87,58.2,52.1,45.6,52.2,54.2,63,78,59.4,42,63.3,56.6,50.7,46,75,116,4,54,15,38,56,64.8,62.4,49.8,67.4,60.2,58.9,62,71.8,59.5,60.7,56.1,60.8,58.6,53.5,55.6,47.1,55.4,56.1,39.4,53.9,57.6,73.5,62,59.8,77.8,72.8,72.1,71.5,58.4,52.3,59.4,35.9,56.7,40.5,79.9,54.4,62,65.9,62.3,68.3,55.3,61.7,64,52.5,56.4,75.8,46.3,54.1,89.7,101.8,96.1,89.3,103.2,96.2,82.5,64.7,57.8,61.3,57.5,66.9,62.1,65.1,48.7,67,94,56.1,22,69.8,60.3,33,46,82,40,87,63,32.1,14,31,27,13,17,30,15,43,46,45.2
1947-11-01,58,28,32.6,25.2,5,7.8,86.4,39,60,23.5,53.1,0,5,10,29,22,25,26.4,32,60,2,4,0,25,10,25,24,16,20.5,60.3,0,56.8,68.3,37,31,39,23,42.4,100,3,42,15,50,28,45.1,16,35.3,48.6,5,7,20,24,16,51.3,30,40,31,9,18,16,15,16,29,10,11.6,0,17,22,51.5,52.6,71.8,45,16.2,95,29.7,44.2,31.3,38.1,31.2,33.1,37.8,32.5,28.9,32.4,36.5,28.4,29.3,31.6,37,36.4,37.3,34.3,38.4,32.9,26.8,33.5,18.2,28.5,20.4,23.8,26.6,31.3,26.4,23.8,16.7,17.6,20.6,38.7,38,42.2,32.8,42.9,54.9,41,37.5,32.2,31.7,37.1,38.2,47.5,29.6,61.8,24,50.4,28.3,34.8,29.5,25.6,28.6,44.8,46.1,25.6,29.7,40.6,33,29.6,34.5,34.1,29.5,34.1,79,29.7,40.4,19.3,18.5,28.3,17.3,32,28.5,32.8,44.1,26.2,24.9,25.4,26.6,5,36.9,17.9,8.5,25.1,29.2,35.3,131.4,105,97.5,37,128,86.3,98,36,55,98.6,67.2,85.3,83.4,45,98.4,43,37,85.8,96.9,119,76.4,86.5,101.3,117.7,95.6,57,70,81.6,73.2,78.9,77.1,103,112,74.7,101.8,40,81.5,80.9,76,52,59,54,44,53.4,71.5,66,58,85.2,132,81.1,73,118,78.5,84,65,52.2,86.4,88,93.9,65,45,96,96,60.7,89,69.5,116,50,121.2,131,95,83.7,104.7,74,52,61.6,159,86.8,114,136,112.9,82.9,89.5,39,85.8,80.2,89,144,143,84.7,86,19,97.5,70,115.2,102,77.7,126,80,87.5,98,72.1,77,89.2,68.7,84.6,81.7,101.2,79,60,91.5,30,87.1,69.5,62.2,53,39,55,60,88,114,68,80.8,87.2,71.4,72.1,98.5,78.1,93.9,106,82.4,88.7,89.6,98.9,83.1,84.2,87.2,70.8,59.8,73.2,54.3,64.5,67.1,72.9,90.9,80.3,86.5,93,89,91,94.4,103.2,66.5,79.6,46.6,65.5,42.1,92,68.7,86.2,87.8,84.2,87.4,72.5,64.5,89.5,66.5,94.9,98.4,92.9,64.8,120.7,121.6,100.1,135.4,137.1,113.8,113.8,109.4,94.5,106,86.2,105.1,104,106.1,70.5,97,119,80.4,83,70.9,93.4,112,81,12,113,105,137,82.3,96,104,55,48,80,41,68,45,37,85.8
1947-12-01,0,30,17.1,15.5,25,44.4,40.3,7,61,28.9,33.7,35,5,47,66,35,6,30,38,13,17,42,54,32,30,52,34,56,29.2,57.4,35,41.3,52,7,68,35,3,36.1,89,20,55,5,0,6,39,95,30,30.7,67,20,43,71,62,37.1,28,7,47,43,11,60,17,8,15,17,14.6,0,42,49,7,27.3,51.1,82,8.4,7,19.5,40,24.3,41,29.3,29.2,33.2,27,26.1,36.9,40.6,28.3,36.7,28.6,36.4,32.4,34.3,40.4,31.5,33.9,19.4,25.5,20.1,20.2,20.7,19.9,17.5,29.6,18.9,14.8,10.7,10.1,13.6,46.8,39.8,41.7,35.9,46.5,59,48.1,39.4,35.3,35.4,35.5,39.9,45.7,31.9,54.2,26.9,45.2,35.8,27.1,25.8,26.1,25.5,42.6,37.7,17.4,23.9,35.8,32.3,24.3,28.7,25,27.1,31.6,36.7,23.9,33.1,18.7,18.5,28,19.8,32.5,26.4,46.8,53.6,17.7,32.4,26.6,33.6,35,27.3,13.8,9.1,16.6,17.2,27.4,55,52,3,16,35,35.1,53,16,44.4,52,36.2,46.3,40.3,0,46.4,24,16,33.5,50.9,24,34.2,69,46.5,48.1,41.4,21,31.4,31.5,41.9,52.3,36.8,45.6,17,38.5,53.9,30,26.6,26.5,7,0,55.5,69,0,50.9,49.1,36.8,100,53.3,77,53.7,34.5,70,45.9,98,64,37.2,37.2,30,57,29,51,55,122,30.7,42,37.2,81,27,54.4,13,64,35.8,55.7,38,18,22.1,88,43,13,39,42.5,42.6,55.4,30,30.4,31,51,61,40,45.9,47.9,133,45,59,66.5,71,41.2,85,76,32.6,32,36.2,62,41,41.8,33.8,33.8,44.6,49,21,41.9,0,42,31,20.5,7,20,14,16,34,33,12,27.1,43.5,44.5,33.2,60.5,47.2,43.2,31,50.7,44.5,43.2,60.3,39,46.1,49.9,43.1,27.9,36.3,36.2,28.4,30.6,45.8,50.9,42.2,46.8,50.8,52.9,45,56.1,50.4,36.7,42.8,31.2,44.1,30.4,50.8,43.9,41.8,51,37.4,56.7,39.6,37.2,44.8,36.2,49.8,57,47.3,38.6,60.2,72.9,76.4,55.4,72.1,60.4,53.1,49,49.7,47.4,47.5,56.3,52.5,50.1,37,53.1,24,34.8,13,23.9,22.3,7,0,26,0,31,16,23.3,9,13,21,14,22,4,31,0,0,21.5
1948-01-01,118,57,67.7,49.4,184,93.3,118.8,154,55,91.3,138.8,99,180,155,105,68,143,74,215,81,107,107,63,184,62,50,97,69,88.4,136.7,43,139.9,149.6,121,121,71,141,160,123,117,152,108,146,170,90.9,39,105.5,145.1,71,131,117,192,48,128.1,89,195,116,91,130,27,79,103,121,175,60.5,78,50,108,148,130,85,150,46.4,103,43.2,94.5,74.2,97.4,103.6,74.5,87,79.8,89,88.1,96.2,104,99.9,96.5,101.8,101.9,82.5,119.9,91.1,81.3,52.4,50.5,45.9,57.9,39.1,46.9,48.4,53.6,36.7,44.1,44.5,43.1,44.2,101.5,129.9,122,96,129.1,90.1,124.5,117.1,109.1,100.2,102.3,86.2,115.5,118.5,96.3,103.1,95.1,74.9,84,72,59.1,58.7,47.9,77.6,48.2,42.8,90.1,74.5,67.1,61.6,79.8,72.3,83.6,71,74.6,86.7,58.2,45.8,93.8,56.4,103.7,71.7,107.7,110.7,55.9,65.7,68.3,91.4,74.5,75.3,27.7,10.8,64.3,53.8,85.4,134.8,129,140.5,117,64,122.1,102,117,42,120,74,147.4,156.3,125,107.9,323,117,113.2,124.1,106,94.2,119.1,65.6,108.2,128.7,212,140.3,116.8,99.5,98.3,108.9,156.9,83,143.4,161.4,45,130.7,122.3,55.5,38,103.5,143,0,104,100.1,91.1,110,109.4,135,106.9,87.6,102,98.3,91,85,64.2,90.8,49,104.6,101,99,104,65,94.1,92,68.9,174,85,120.3,101,89.2,99.6,114.9,51,69,69.8,94,104.8,79,78,89.8,102.8,114.8,82,79.1,126,77,157,60,87.5,102.2,144,162.2,139,116.7,67,108.6,89,56,93.2,139,97.4,80,129.6,85.9,122.9,111.4,110.5,172,213,133.7,156,159.8,136,149.1,179,216,165,118,46,125,91,126.2,125.3,96,128.5,174.8,123.8,106.7,110,146.6,102,135.2,152.8,98.5,105.4,128.6,115.1,83,85.8,90.3,86.9,88.8,108.2,110.7,109.1,110.5,119.2,129.5,115.6,118.3,135.8,89.4,121.7,107.7,91.2,72,166.6,89.7,121.8,101.1,123.8,112.6,94.9,112.1,147.9,105.7,139.9,149.7,127.9,108,136.3,132.3,136,144.7,134.1,145.5,112.9,111,107.9,99.4,85.5,104.5,117.4,97.5,67.7,121.8,106,105.3,47,105.9,117.7,57,72,94,84,80,70,110.4,207,213,128,120,135,168,74,107,100,108
1948-02-01,65,85,83.7,57.7,132,269.8,87,91,205,114.9,106.4,154,134,170,205,260,138,205,135,110,158,88,164,120,117,191,222,167,126,119.3,168,122.7,132.8,108,178,85,68,119.8,35,49,109,129,108,89,69.3,97,99.4,92.5,197,103,105,122,53,107.5,118.5,85,109,99,43,220,116,102,84,110,107.8,53,117,202,94,71.3,123.1,72,88.4,55,104.5,164.8,116.6,150.4,167.8,151.3,163.2,149.2,132.4,149.8,154.8,130,159.5,131.1,151.4,165.7,165.3,187.4,157.1,144.4,106.7,87.7,63,114.3,81,101.5,109.7,97,96.6,74.8,73.4,81.7,82.1,174.4,204.3,202.5,160.5,163.7,175.4,217.3,202.9,166.9,179.9,179.9,161.4,165.1,206.5,192.5,112.1,167.7,118.9,151.4,123.6,123.7,118.6,137,94.5,78.5,86.5,135.1,120.5,111.3,112.4,88.8,117.3,126.8,112,129.5,139.2,116.4,88.1,135.1,103.4,197.8,138,171.6,193.2,114.2,140.3,114.9,139,68,134.4,30.2,24.6,116,96.5,124.6,140.2,141,46,63,37,54.4,24,62,96,83.3,62.4,81,63.6,23,73.2,57,63,69.7,76.4,150,89.1,122.3,136.4,110,116.7,81,73.6,77.4,109.8,102.7,52.9,72.2,75,56.7,76.8,48,66.8,78.9,58,63,102.6,84,0,139,117.7,90.7,158,122.7,61,102.2,99.6,56,92.3,48,39,78,100.5,47,116.2,82,96,89,201,97.9,95,100.5,149,81,122.5,98,102.2,112.4,135.1,95,66,94.8,73,108,39,184,101.9,68.2,93.6,41,77.8,96,121,109,120,85.3,114.9,103,88.5,98,142.8,214,112.7,202,134,67.2,19,94.8,120,74.8,74.5,73.2,65.2,85.2,101,82,71.5,108,62.7,59.3,51.6,38,37,72,44,48,73,76,79.9,89.3,90.5,51.4,80.9,70.9,77.4,84,104.9,98.2,99.3,62.8,66.5,75.5,87.1,111.4,64.3,73.6,79.5,55.6,77.1,91.4,93,90.3,86.8,95.8,89.1,94.6,91.4,84.4,86.6,120.7,112.1,84,62.4,139.8,52.8,81.3,94.4,95.8,87.3,74.4,66.8,73.1,109.5,75.1,87.3,68.6,67.3,161.6,185.2,157.6,139.8,175.5,192.7,139.3,116.5,144.7,123.6,102.8,107.3,132.3,122.7,77.9,70.2,150,76.4,39,20.2,87.2,75,106,108,87,82,115,69.2,45,45,71,85,51,35,11,40,10,50
1948-03-01,70,54,52.2,38.4,70,71.8,102.6,51,145,52.3,80.3,85,138,171,86,101,33,64,84,88,128,39,91,54,83,55,56,22,62.7,80.1,50,77.7,99.5,26,86,30,72,72.2,162,19,118,36,37,40,57.5,69,54.8,72.7,77,51,20,51,83,81.9,49,73,30,148,64,121,12,71,67,39,37.2,25,138,42,86,81,58.8,95,34.3,37,31.2,68.1,53.4,68.7,68.8,61.1,61.5,51.7,66.6,59.1,72.1,66,60.7,68.4,81.3,67.6,64.1,83.5,76.6,62.1,40.9,40.6,37.6,39.9,28,31.1,34.1,46.8,36.9,34.8,28.1,28,36.6,79.4,75.9,94.4,67.9,73.5,86.2,74.2,74.6,62.5,73.6,77.2,68,90.8,76.9,70.6,58.9,79.5,58.5,61.6,58.4,49.6,48.5,47.3,50.4,36.8,40.3,70.5,64.7,45.7,42.5,44.9,55.4,58.6,119,54.5,50.4,37,34.5,54,35.6,84.1,56.3,70.7,92.7,36.2,57.7,61.1,71.6,108,46.7,25.3,8.6,45.4,38.7,57.3,124.9,109,109,114,138,110.5,171,114,66,105.9,66.7,122,116.2,102,110.1,191,114,97.7,112.3,82,88.8,91,91.5,105.9,119.2,161,105.6,106.4,64.2,75.3,98,128.2,86,123.6,128.2,75,89.8,79.6,83.5,16,67,101,50,87.4,80.1,72,47,86.5,81,95.1,77.1,41,84.3,79,90,56.6,83,89,90.7,103,78,65,123,98,66,52,121,130,101,113,69.5,75.8,95.4,90,85,55.2,97,87.6,63,64,96.4,94,101,131,57.6,81,113,91,80,78.8,91,0,115.6,60,113,161,80.5,155,49,71.3,51,80.7,69,112,71.9,104.8,107.3,115.1,155,163,110.5,79,114.9,98.4,85.8,88,101,116,43,24,3,140,80.5,109.6,76.8,97.1,137.3,99.8,101.7,118,117.5,92.7,111.8,142.1,80.8,89.3,110.5,83.4,61.8,66.7,69.3,79.6,76.2,86,89.7,87.6,93.3,110.5,109.4,100.7,104,128.8,70.7,80.9,80.2,82.4,52.3,110.7,83.3,98.5,101.3,108.1,101.8,80.4,89.8,114.8,83,112.4,117.4,112.7,93.9,126.6,139,119.1,120.2,129.2,134.5,100.2,86.6,80.8,88.5,70.8,94.3,88.1,83.1,61.4,106.1,82,89.5,53,77.4,77.9,55,67,79,50,80,84,64,74,65,46,50,57,91,83,70,70,86.3
1948-04-01,0,0,1.7,4.6,19,8.8,6.5,19,8,5.2,15.8,0,22,3,0,1,12,3,19,8,10,0,10,15,0,1,6,13,7.4,9.1,0,17.5,21.1,5,3,9,10,11.4,27,0,9,0,5,10,6.8,0,6.9,16.4,7,0,13,8,0,12.5,14.5,10,0,3,23,7,43,0,12,20,2.2,5,4,0,21,23.6,26.3,5,1.5,4,14.5,16.8,17.2,18.2,12.7,13.3,8.9,17.3,11.9,21.2,11.5,8.4,15.8,21,12.5,10.9,10.6,15,11.1,9.2,8.3,14,11.1,8.1,10.6,8.3,9.3,18.6,9.5,9.5,4.5,5.7,9.5,14.2,19.4,12.5,10.9,25.6,30.4,11.8,13.1,15.6,10.6,8.1,24.1,10.3,15.9,21.8,6.6,18.3,14.2,8.2,9.7,10.2,10.9,33.5,19.3,6.2,7.9,7.9,8.6,8.8,20.1,16.3,12,10.7,9.4,6.7,32.9,8.2,7.7,10.1,8.6,12,9.5,16.1,33.2,8.4,8.7,9.7,5.9,3.8,9.1,15,10.7,8.7,6.6,14.4,16.2,0,16,20,30,15.3,26,20,13,10.6,6.5,21,28.7,29,11.6,40,20,11.1,12.1,1,14.7,16.4,2.6,11.8,17.8,26,22.5,17.8,9.7,4,16,18.1,45,15.1,26.6,35,26.5,24.6,30,31,9.4,9,0,7.3,4.4,3.9,8,9.8,8,7,4,0,9,9,9,2,3.8,11,9.7,2,3,3,30,10.4,0,3.4,7,3,13.7,0,3.7,6.5,15.3,0,0,9.3,11,5.3,1,6,7.7,9.3,14.8,58,5.2,27,0,0,0,5.1,10.8,20,11,7,10.5,9,8.7,0,1,8,0,15.3,0,12.3,8.6,10.1,12.4,12.4,2,27,22.7,40,28,18.6,20.9,31,33,28,44,21,28,24,26.6,23.4,9.9,18.1,36.7,22.1,26.7,0,27.8,12.2,16.3,27.3,5.8,11.5,15.6,14.2,20.7,20.7,13.4,18.4,15.1,16.5,15.4,15,19.1,17.3,17.9,13.3,22.6,22.8,18.2,12.8,17.1,15.9,13.4,11.6,19.7,15.8,12.6,18,14.8,18.2,17.3,17.4,16.7,21.1,29,29.3,18,20.1,16.2,17.4,11,21.7,19.6,14.3,16,11.8,10.9,9.2,13.1,16.2,11.8,9.1,16.3,1,10.2,18,31.9,26.9,8,12,29,22,12,29,21.7,25,5,6,4,14,33,15,5,20,29.2
1948-05-01,4,3,3.6,6.5,0,2.6,19.7,5,9,4.5,14.7,0,0,0,8,0,3,4.6,0,7,0,0,6,0,0,1,2,0,3.7,12.4,0,24.9,20.1,0,0,0,0,16.7,14,0,0,0,0,0,10.7,0,14.1,16.5,0,0,0,0,0,12.3,7.6,9,10,2,6,0,6,1,2,11,4.2,0,0,0,8,43,37.8,17,2.8,3,11.5,15.2,12.7,24,11.2,15.3,11.9,18.5,14.2,20.6,10.7,7.7,12.1,20.8,16.2,13.1,15.1,17.1,13.7,7.9,8.9,21,12.4,5.9,13.8,8.9,7.9,15.8,9.3,9.2,5.2,7.1,8.7,15.7,18.8,16.2,11.2,25.7,21.3,10.5,14.5,12.3,9.3,10.6,28,11.6,17,22.1,8.7,18.9,17.7,10.1,9.8,10.5,13.2,43.1,32,8.4,7.4,11.7,10.5,10.2,30,27.4,16.6,6.6,10.8,7.8,32.6,5.6,9.1,7.9,13.9,14.7,12.2,22.8,32.2,9.3,9.7,9.7,8.1,15.6,11.3,13.4,9.3,10.3,6.9,18.1,23.7,14,19,99,50,28.9,25,99,36,24.5,14,41.2,46.2,37,32,13,99,21.1,26.5,8,18,23.1,19.7,29.3,33.4,16,32.9,24.7,14.6,15.6,34.6,36.2,40,31.9,51.9,33,53.4,50.4,86.5,5,18.7,15,0,22.5,12.8,9.4,22,12.9,10,14.5,8.5,41,25.1,16,15,6.7,9.3,120,13.8,8,6,3,24,13.9,5,7.7,26,44,27.6,2,10.4,13.4,28.4,73,0,10.1,14,17.5,47,20,21.8,20.7,22.5,0,10.2,0,31,0,15,13.6,21,0,26.2,0,14.1,9,14.3,0,0,13.5,33,23.4,0,37,20.8,23.5,21.6,26.1,29,2,32.2,0,40.4,35.9,32.4,42,30,76,57,86,80,121,60.5,40,20.3,33.3,59.3,37.1,43.7,29,38,31.8,32.1,46.8,24.3,26.1,30.2,29.3,30,33.8,18.4,29.7,22.3,25.7,28.8,22.7,34.5,38.1,31.6,28.9,34.6,32.2,27.4,21.7,27,27.2,28.1,20.9,38.4,29.1,26.5,36.1,37.4,31.1,44.5,32.5,26.2,32.9,41.5,43.6,28.5,30.7,31,31.1,25.6,35.5,34.9,25.5,21.5,18.7,21.4,15.8,16.6,25.7,20.9,14,33.2,8,21,132,169.5,72.7,62,33,58,82,77,70,79.2,105,73,9,95,87,94,85,99,150,87.8
1948-06-01,0,0,0.4,3.5,3,0.4,14.6,7,0,1.1,12.1,0,8,0,0,0,0,1.5,9,2,0,18,0,0,0,0,0,0,4.3,7.8,0,8.2,16.7,0,0,0,7,5.1,34,0,0,0,0,5,2.1,0,0.5,6.5,0,0,2,15,0,11.3,10.9,3,0,0,2,1,6,1,0,0,5.7,0,0,0,1,2.5,21.4,0,3.2,2,12.3,14.8,16.3,22.6,16.1,13.8,9.4,15.3,9.1,15.5,22.1,7.1,14,10.5,15.4,10.3,12.9,13.4,12,5.4,7.3,20.2,11.2,6.3,10.8,6.7,8.2,22.4,9.1,12.5,4.2,8.5,12.4,18.7,19.3,13.8,10.3,22,19.7,14.5,14.9,13.2,11.3,9.9,26.3,9.5,15.6,16.8,6.8,30.7,7.1,5.8,9.7,11.8,14.1,36.5,15.9,6.7,6.6,10.4,9.5,11.1,23,10.4,11.7,11.9,9.3,8.9,34,3.8,8.2,7.2,15.3,11.7,10.2,14,27.8,12.4,9.1,16.1,8.6,14.2,10.1,19.6,13.9,8.4,6.9,15.6,3.3,0,0,1,10,5.5,12,1,0,1,2.5,6,12.5,2,3.4,2,1,2.2,2.3,4,6.6,4.7,2.1,1.9,13.4,0,14.9,2.9,6.2,5,8,11.7,2,4,12.4,4.6,1.6,4.3,0,1,1.4,0,0,2.1,1,1.9,0,1.5,0,3.4,0.9,0,1.5,0,0,0.6,1.3,0,4.1,0,0,0,0,8.2,0,0.6,1,7,5,0,0.7,6,9.8,2,0,2.8,0,0.8,0,0,2,6.2,3.5,9,1.9,0,0,0,0,0.4,3.2,0,6.8,0,1.2,0,4,0,0,1.4,6,3.3,0,1.3,2.7,3,1.9,5.4,1,0,9.6,5,4,5.7,0.4,0,0,0,0,0,0,0,11.5,13.4,8.4,9,17.1,10.1,15.4,0,11.1,11.3,11.8,14.8,3.1,1.6,7.8,9.1,6.8,10.9,9.7,12.1,10.5,11.8,9.7,6.5,12.7,9.5,11.4,16,13.2,17.4,12.8,9.2,13,9.3,8.5,10.1,15.1,9.1,8,14.1,8.6,14.2,7.1,9.8,11.3,15.5,13.5,16.9,14.2,16.8,16.6,12,7.5,14.1,12.2,8.4,8.1,13.5,10,6.1,10.7,14.7,5.7,6.6,3,4,3.8,0,0.1,5.1,0,0,0,0,0,0,7.2,0,0,0,0,0,5,0,0,0,6.6
1948-07-01,0,0,0.1,2.4,3,1.2,14.4,0,0,0.6,13.4,0,0,0,0,0,0,0.6,0,2,0,0,0,0,0,0,0,0,6.3,8.8,0,9.1,9.9,0,0,0,0,5.9,27,0,0,0,0,0,4.1,0,0.4,4.1,0,0,0,0,0,9.3,13.2,0,0,0,0,0,0,0,0,0,6.2,0,0,0,0,2.7,22.8,1,0.9,2,11.8,13.1,17.4,21.8,14.2,17.9,8.7,15.5,9.8,18.6,25.6,6.7,13.9,14.2,16,11.6,16.2,16.1,11.4,4.7,6.7,16,11,7.9,10.6,9.8,7.2,23.8,8.3,12.2,4.4,8.2,13.1,20.8,20.2,20.7,12.1,24.2,16.2,14.1,11.7,14.8,8.8,10.9,22.6,8.4,18.3,14.9,8.6,26.9,7.5,5.5,7,12.4,19.4,38.7,14.9,5.4,9.2,13.2,12.4,9.4,19.9,12.9,10.7,11.6,9.5,5.6,32.7,7.8,8.7,7.1,13.2,8.4,13,15.7,28.7,10.5,8.8,17.3,8.4,15.5,10,20.2,14.5,7.9,7.3,13.8,3,0,4.5,1,0,4.7,0,1,0,0.7,12.9,5.7,3.6,3,5.3,0,1,4.4,1.5,0,5.5,3.2,0,0.9,10.8,3,11.3,2.9,6.2,4.2,12.3,10.8,14,5.3,9.7,6.6,3.5,5.8,0,0,4.1,0,0,5.2,1.8,3.1,0,2.1,0,5.2,0.6,0,5.7,0,0,4.2,4.1,0,2.7,0,0,0,0,8,0,1.1,0,0,5.2,0,1,6.4,11.8,0,0,4.7,0,0.9,0,0,0.6,4.4,7.3,1,0.2,0,0,0,0,2.6,4.4,0,8.5,0,2.1,0,3.5,0,0,1,0,4.2,0,1.5,5.3,5,4.1,5.7,2,3,9.7,0,4.2,3.4,1.1,0,0,0,5,0,0,7,11.6,11.9,7.5,8.2,13.9,12.1,12.7,0,13.1,10.7,11.9,14.2,3.5,1.7,7.5,11.1,6.7,7.7,10.5,12.7,9.6,12.9,12.2,5.7,12.6,10.5,11.1,11,11.9,14.6,10.2,8.4,12.4,8,9.9,8.8,16,9.8,8.9,12.2,8.8,12.7,7.7,8.7,11.1,15.3,14.9,15.5,15.4,14.5,25.4,15,6,14,19.9,7,10.1,15.3,8,6.3,5.7,13.3,5.6,6.9,6.3,0,7.3,8,8.9,12.2,6,10,6,0,7,8,9.6,5,5,5,4,8,10,12,8,6,10.4
1948-08-01,0,0,0.5,1.9,0,0,10.5,0,0,1.1,14.2,0,0,0,0,0,0,0.8,0,0,0,0,0,0,0,0,0,0,6.3,8.1,0,6.7,11.5,0,0,0,0,5,10,0,0,0,0,0,4.6,0,1.2,9.8,0,0,0,0,0,6.1,13.2,0,0,0,0,0,0,0,0,0,5.3,0,0,0,5,6,20.8,6,1.2,1,13.3,17.4,17.7,22.1,14.3,18.5,6.6,14.1,6.8,16.9,20.2,8.3,14.5,13.2,13.5,10.6,13.6,14.7,11.3,4.4,6.6,16.4,11.8,7.4,10.3,7.8,8.9,22.2,7.6,11.3,3.9,7.2,12.8,16,20.1,19.6,12.9,26.6,16.4,12,10.8,14.4,9.2,11,22.2,9.5,17.5,14.5,7.1,26.1,8.5,5.7,6.5,11.9,18,35.5,14.2,5.5,8.7,11.3,12.4,9.8,22,14.4,10.4,16.1,12.1,6,34,7.1,9.2,9.4,11,12.9,12.7,14.7,25.9,10.1,7.2,19.6,8.2,14.2,9.7,18.9,13.7,10.7,8.8,13.3,5,0,3,15,2,3.2,3,15,0,1.1,4.7,9.2,7.4,4,5.7,0,15,5.5,2.9,0,6.4,4.5,0.9,2.5,14.6,2,14.9,3.6,6.4,5.3,10.1,12,14,5.9,12.4,10,9.4,12.1,12.5,4,4.9,0,0,4.5,2.8,3.6,0,0.9,0,2.5,0.4,0,2.9,0,0,3.5,2.9,0,5.3,0,0,0,0,9.1,0,2,0,0,7.7,0,1.2,5.9,9.6,0,0,3.9,0,3.3,0,0,0.5,3.1,8.3,12,2.5,0,0,0,0,5,6.1,1,7.5,0,5.8,0,1.9,0,0,5.3,5,6.6,0,0.7,5.9,3.9,3.1,8.4,5,2,13.6,5,3.5,3.6,3.4,5,10,6,13,10,17,20,17.8,14.2,6.9,11.2,12.9,11.2,11.3,0,10.8,12,12.8,16.1,2.5,2,3.5,12.4,7.3,13.5,8.9,14.6,11.9,15.7,9.2,6.2,11.6,10.3,12,10.5,11.6,14.5,11.8,8,12.7,8.2,9.8,8.4,15.9,11.4,9,15.8,10.3,11.3,8.7,8.6,11,12.3,16.2,17,15.7,17.6,23.2,10.5,10.1,14.2,11.1,7.9,13.5,15,9.6,7.7,9.3,15.3,9,9,6,0,5.4,12,15.1,15.2,18,30,15,30,16,12,12.6,25,27,18,11,27,33,21,12,19,15.7
1948-09-01,0,0,3.8,4.7,13,7.4,9.9,9,20,7.7,12.8,0,12,0,31,8,8,20,11,0,6,22,0,11,9,23,14,9,7,14.1,9,14.1,14.3,15,0,5,13,14.5,12,0,0,10,10,8,6.8,0,5.7,16.2,21,15,41,16,0,12.6,14.2,5,0,12,10,0,6,7,5,16,3.9,2,3,3,50,39.5,34.6,44,1.8,0,12.1,17.8,13.9,19.5,15.3,19.1,10.7,18.9,14.5,21.1,9.4,10.6,15.8,22.4,11.7,13.5,19,15.1,15.5,10.7,7.3,18.9,14.1,6.8,12.9,7.9,7.9,16.5,10.3,10.3,4.6,5.6,10.9,12.6,21.8,22.9,9.4,25.9,25.9,16,14.8,15.9,11.5,13.4,23.3,11.8,17,22.8,9.8,21.1,14.6,8.9,9.9,15.4,10.6,30.5,23.2,7.5,9.6,9.3,12.8,9.1,30.2,24.9,15,9.7,10.4,6.2,29.9,11.2,8.5,7.5,9.8,14.2,10.9,23.4,29.2,9,8.6,14.9,10.7,10,9.2,18.1,8.6,7.9,7.2,17,16.7,0,8,23,5,25,18,23,3,16.1,9.2,38.4,51.3,60,22.7,39,23,16.2,18,1,13.9,13.9,0.2,13.5,32,20,38.9,25.2,8.2,7.5,31.3,37.8,46,40.8,35.1,50,50.8,47.6,27.5,14,9.5,0,0,8.8,8.1,4.1,0,10,0,6.7,8.3,0,13.2,16,0,6.1,9.7,0,9.4,0,7,4,1,12.5,0,4.4,2,5,18.4,0,5.4,6.6,14.9,0,4,12.8,0,7.5,2,0,10.2,13.6,14.6,54,7.3,0,0,0,0,5.2,12.3,14,15.6,0,11.7,3,9.3,0,7,7.3,58,13.7,0,28.1,12.2,15.9,15.4,17.4,15,20,32.1,26,40.1,46.9,41.2,58,114,102,38,64,68,24,48.2,31.9,9.3,28.3,55.1,37.2,30,8,25.1,23,20.3,46.9,7.3,10.9,20.9,14.9,26.5,29,15,19.9,18.8,20.7,20.5,18.6,27.4,27.6,24,19.6,23.1,22.2,24.3,10.9,32.3,21.5,20.5,11.1,32.9,18.6,19.3,33,23.7,25.2,42.4,22.6,21.6,32.5,31.7,40.8,22.7,21.1,22.8,27.2,12.2,20.4,23.8,17.5,16.4,10.5,10.8,9.9,10.2,19.3,13.3,6.3,28.4,1,19.3,69,107.6,38.2,10,23,12,26,14,17,50.5,28,32,42,58,54,42,49,66,97,66.3
1948-10-01,12,17,13.2,12.7,32,20.5,30.5,33,12,29.8,29.2,14,52,27,35,42,25,55,17,36,47,30,37,30,51,32,18,29,20.4,58.6,35,39.8,41.9,22,26,34,65,41.6,75,29,16,33,10,18,23,12,26.5,27.9,21,17,9,20,40,27.6,20.6,25,22,28,30,39,16,33,11,25,16.4,12,31,20,59,51.1,41.1,30,14.6,32,17.6,38.3,23.1,43.8,29.1,23.1,32.5,27.3,28.9,34.7,34.6,27.2,32,27.8,37.1,34.1,34.9,37.6,36.3,30,16.7,26.8,17.3,17.7,17,17.8,12.5,27.8,20.1,14.4,12.6,10.9,11.7,44.5,32.9,41.1,29,48.1,44.8,47.2,38.9,33.4,37.1,36.1,36.9,43.1,29.8,48.9,23.8,32.1,35.9,23.1,21.5,24.8,20.7,33.8,35.1,11.9,24.1,27.7,32.2,14.8,27.3,27.6,24,27.4,90,16.9,30,19.3,18,31.1,15.4,34.1,26.9,44.2,64.6,14.7,37.2,27,32.1,41,26.5,12.1,6,17.3,17.5,23.8,37.6,35,39.5,59,13,28.4,50,51,30,30.6,40.4,40.6,42,46,27.7,77,59,28.7,31.4,30,29.6,42.4,20,35.7,40.1,32,38.4,35.9,24.8,21.6,35.7,43.1,35,37.8,46.1,48,57.3,48.9,75,31,29.5,50,37,27.8,20.7,21.8,26,34.8,24,32.7,23.9,20,29.4,16,15,23.1,23.9,35,36.3,25,49,78,105,17.2,35,22.7,64,34,43.2,43,34.1,26.7,43.5,26,16,14.8,10,26.2,22,14,34.3,32.1,34,24,23,9,137,13,74,22.4,31.2,21,39.5,16,39.8,16,25.2,11,20,23.3,10,26.9,5,30.4,25.4,30.1,23.6,31.3,24,32,41,50,38.1,39.1,40.4,65,83,32,75,68,50,81,46.6,34.7,20.3,29.5,47.2,34.2,30.8,15,48.5,34.6,30.3,38.9,29.2,31.4,33.4,34.9,25.4,32.2,33.1,27,25.4,26.6,29.2,30.5,35.4,38,27.8,29.5,31.1,39.3,30.4,29.6,24.3,25,25.4,31.9,38.1,30.1,34.6,37.2,37.2,26.6,43.4,31.4,33,30.7,33.7,34.2,29.6,48.2,53.5,42.4,40.7,53.1,51.2,40,32.5,31.8,33.6,29.2,35.9,38.3,37.4,25.9,34.6,30,28,61,43.3,66.1,81,61,82,69,93,141,49.7,46,53,61,54,52,53,42,56,44,46.8
1948-11-01,9,25,46.9,32.5,186,110.1,71.7,58,33,55.3,91.1,60,171,58,43,57,70,56,129,41,56,85,43,166,98,40,73,107,77.1,123.4,26,112.8,124.7,76,48,36,197,90.5,11,66,113,119,89,81,56.9,74,81,101.6,24,99,103,56,31,98.1,49.6,100,118,86,138,77,71,79,97,122,40.6,89,51,77,66,43.9,72.7,58,30.9,9,30.1,84.6,62,86.4,70.7,70.2,62.4,54.1,66.3,69.3,71,84.7,77,63.5,81.3,82.5,64.8,100.7,95.4,71.2,43.1,38.2,35.6,34.4,41.5,33.4,32.6,40.9,48.2,26.3,28,30.4,35.3,99.4,98.9,104.9,64.9,98,87.4,93,79.9,73.7,71.7,83.9,89.9,90.1,91.6,75.2,57.8,84.4,72.6,57.2,44.9,53.4,49.9,57.7,49.7,37.2,38.1,67.1,61,45.3,43,46.2,54.1,76.5,92,54.4,42.9,41.6,33.8,63.5,43.5,77.4,59.1,75,83.8,32.9,57.3,56.6,80.1,25,51.5,14.3,6.9,36.1,32.1,57.5,52.6,45,120,7,37,40.9,117,6,50,52.6,32.8,48.9,41.3,38,53.5,59,7,34.3,54.3,57,33.8,105.7,45.8,49.6,43.3,46,36.6,56,55.9,47.4,49,47.7,14,39.7,60,29.5,28.7,28.1,12.5,23,79.1,95,70,94.3,81.6,71.4,110,98.6,108,71.1,57.3,92,68.2,79,92,51.7,57.7,89,83.9,92,40,53,114,71.3,55,45,56,83,68.5,38,55.4,45.3,74.2,86,29,36.3,33,46.2,37,21,47.9,43.4,68.8,66,28.7,50,48,43,38,50,51.1,33,52.7,42,97.8,35,46.2,40,26,30.3,28,38.2,12,43.1,43.6,35.1,48.6,47.2,48,48,50,43,46.4,28,25.5,37,42,35,11,25,10,11,30,45.7,77.1,36.2,68.7,50.2,49.7,44,78.2,48.6,80.1,49.1,43.8,57.8,71.8,73.4,39,50.8,59.6,31.8,46.1,61.2,74.7,53.6,52.3,62.2,68.4,64.7,78.7,56.9,50.9,61.9,45.6,73.5,44.3,96.8,48.2,49.3,50.3,45.6,62.6,54.1,41.1,51.5,49.1,44.2,64.5,45.9,45.3,73,89.4,87,77.4,91.9,72,70.6,60.2,53.7,62.7,55.8,58.7,64.7,57.6,41.1,43.8,57,34.1,2,0.6,20.9,11,3,50,5,15,1,17.4,6,4,4,0,0,19,9,0,0,20.7
1948-12-01,37,57,35,21.9,75,56.8,76.4,78,74,35.6,67.4,75,59,52,20,67,73,64,77,42,29,28,71,99,36,51,53,22,46.4,68,20,69.2,89.8,5,8,75,72,63.9,85,51,45,26,40,28,48.5,160,65.3,62.9,93,76,55,48,60,67.5,40.7,54,122,58,60,57,97,33,33,59,26.4,36,23,21,71,99,59.4,120,23.2,52,23.8,53.5,31.7,46.7,51.9,46.2,53.7,36.5,44.8,56.3,52.3,45.1,46.5,47.4,53.4,45.8,39.2,44.4,58.2,47.5,30.1,37.3,29,29.6,21.7,25.8,27.4,34.7,30.7,30.1,18.5,24.8,25.6,57.8,53.4,80.4,44.1,50.9,62.8,49.4,55.8,49.2,44.4,55.1,54.8,70.5,50,63.4,30.6,54.9,33.2,48.6,35.6,33.2,30.1,45.3,43.7,26.1,35.6,49.8,37,36.1,36,35.6,40.2,47.3,64,42,41.2,31.7,25.9,33.4,21.9,51.4,37.6,57.9,80.2,25.5,46.1,40.4,46.6,76.6,38.9,24.7,6.2,28.9,29.9,55.2,127.4,179,165,95,181,127.5,135,95,80,104.6,64.2,133.6,161.9,118,108.1,166,95,108.2,101.3,74,85.8,79,53.1,101.1,121.7,229,140,129.5,65.1,54.8,108.7,168.7,20,148.3,122.4,123,133.2,126,106.5,11,64.3,53,125,59.8,60.1,60.2,52,74.2,80,83.4,62.2,58,60.6,56,65,47,79.9,58,76.9,34,76,78,115,67.6,62,49.6,74,63,91.9,123,68,62.4,94.2,24,67,57.8,40,73.1,27,105,90.6,95.5,91.6,0,50.9,88,146,56,136,89,89.1,65,90.2,44,117.5,76,76.4,68,36,78.8,99,81.3,16,113.8,73.7,115.7,132.4,123,224,230,122.8,118,133.3,140.6,156.4,139,152,105,83,132,157,98,106.5,121.9,57.9,130,147.7,125.2,85.3,75,88.4,86.8,86.1,141.6,64.3,68.4,88.8,64.9,55.5,65,60.4,75.4,72.4,65.3,71,82.4,87.4,120.5,111.7,83.6,88.2,117.5,66.7,73.4,81.7,70.6,43.5,77.9,88.6,108.2,101.8,117.3,101.5,60.6,101.8,124.4,84.2,112.2,119.9,107,104.8,120,113.7,111.5,120.9,121.4,113.3,99.9,75.3,73.2,79.7,64,89.4,86.3,82.5,57.8,109.9,74,97,68,86.1,80.3,48,107,48,59,50,73,64.1,106,56,89,92,90,74,86,47,75,81.3
1949-01-01,87,42,62.2,51.2,125,54.8,76,48,80,69.9,71.6,41,50,144,62,67,64,79,84,95,69,83,123,39,96,47,77,47,67,76.6,56,90.7,85.4,121,121,28,101,87.5,56,44,87,179,109,60,58,144,75.6,72.5,102,132,135,107,93,88.8,68.4,67,127,62,106,128,62,114,122,87,62.5,52,48,19,63,75.1,80.9,95,52.7,89,51.6,84.3,89.1,95.9,91.8,66.9,74.7,71.6,73.8,85.9,89.9,94.9,92.5,87.3,93.8,80.5,91.9,104.4,89.5,83.1,51.3,50.6,38.7,51.8,36,48.4,43.8,50.6,48.7,36.3,41.7,40.2,41.4,97.9,113.9,108.5,86.1,110.5,103.2,116.3,98.9,94.9,84.9,96.9,83.9,106.1,106.8,93.9,75.2,101.2,71.7,72.8,62.4,55.9,62.3,60.7,59.6,47.1,56.1,81.1,68.1,59.7,60.2,74.8,61.8,76.5,107,75.3,66.8,53.1,43.4,82.5,49.7,94.6,70.4,80.9,98.9,44.6,76.2,66.9,83,60,70.5,18.6,11.7,58.8,54.8,60.5,127.8,47,87.5,57,117,79.2,95,57,60,83.7,61.1,92.6,89.1,59,81,115,57,84.4,82,76,73.2,103.9,120.2,102.8,101.8,73,90.7,95.7,93.1,87.8,75.9,97.9,52,83.8,98.1,102,73.5,75.2,110,53,88.5,112,158,105.4,85,82.2,99,114,144,108,83,101,82.7,120,42,66.6,99.7,97,105.4,64,125,91,91,111.2,71,77.9,70,9,108.9,93,84.7,83,98,34,78,60.4,110,86.8,93,67,91.3,77.1,87.8,90,69.2,96,89,155,110,58,92.2,116,85.1,66,128.4,20,88.9,120,56,76.3,84,79.2,66,79.3,74.7,72.9,78.3,95.9,87,74,86,114,89.4,85.5,61.5,74,91,65,67,106,71,33,61.6,87.2,86.2,68.3,88.1,80.4,90.2,104,80,84.3,89.5,96,71.3,78.8,85.6,77.2,49.4,61.5,62.8,59.7,66.8,79.1,99.3,76.9,80,90.5,81.4,82.1,84.5,90.8,72.6,79.7,61,82.7,50,100.7,59.2,78.7,77.8,79.9,80.9,71.4,57.8,85.2,73.3,101.5,93,84.8,69.6,118,130.6,127.7,131.2,149.9,141.6,108.6,109,110.9,102,83,91.4,117.2,96.4,67.9,78.7,76,70.7,48,19.5,43.4,10,32,10,29,17,26,32,39,35,4,11,54,23,19,31,31,41
1949-02-01,14,0,20.7,17.8,59,44.4,54.9,68,26,32.8,69.3,25,67,17,8,43,45,20,139,10,47,187,44,58,32,80,27,30,45.6,78.9,5,77.5,95.1,93,16,10,33,72.8,153,87,64,86,98,116,47.2,22,57.8,66.4,32,22,169,156,12,63.5,54,88,77,162,78,50,184,78,69,132,32.1,51,12,28,29,48.7,51.4,106,10.8,28,20.3,52.8,34.1,56.8,52.8,39,44.6,38.9,30.3,48.1,44.9,43.3,39.7,36.9,48.9,51.8,42.9,61.1,59,37.2,26.4,32.1,17.3,25.2,21.8,19.6,22.3,28.5,25.8,20.1,14.4,14.9,17.6,53.3,67.3,61.8,35.5,52.6,64,67.1,54.9,47.4,51.8,61.7,52.8,61.8,58.9,71.5,42.3,59.5,49.3,38.5,31,37.1,32.6,46.3,42,18.4,25.9,49.3,35.2,31.8,36.7,37.5,40.9,44,19,34.6,37.8,23.5,18,33.3,20.5,38.5,27.6,54.8,59.5,20,33.7,47.4,45.4,13,37.4,16.5,7.8,23.8,20.8,45,77.6,58,60,41,88,61.2,119,41,30,71.4,61,81.3,94.2,58,77.9,50,41,71.2,70.7,33,58.9,62.8,83,62.8,71,135,69.2,83.4,53.8,44.3,62.7,74.6,58,70.2,83.7,22,53.7,56.8,40.5,5,53.8,50,6,43.9,58.4,44.2,39,49.2,39,47.5,31.2,40,53.3,50,95,35.9,57.3,148,63.1,45,48,70,193,42.6,154,38.5,47,48,80.7,38,64.5,46,77.6,34,44,38.6,59,48.1,13,36,58.5,52.4,61.3,57,31.9,28,58,63,30,134,59.4,153,80.9,0,92.2,85,45,120,47,46.1,95,57.6,111,70.5,48.7,54.3,58.9,58.9,125,136,71.3,77,75.5,73.1,54.9,47,48,69,21,71,20,62,56.7,69.4,51,61.1,87,72.8,61.5,33,69.8,56.3,56,81.7,53.3,50.7,67.8,52.7,46.6,54.4,41.6,43.5,49.4,58.7,63.7,63.2,65.8,77,68.6,59.2,68.5,79,44.9,54.5,34.4,50.2,39.3,66.4,62.1,63.9,61.9,66.8,67.3,52.2,58,74.7,54.5,80.5,83.2,73.6,61.2,76.3,84.5,92.2,64.3,83.4,84.6,66.2,52.5,53.9,54,50,57.5,63.8,58.6,44.5,74.2,33,64.6,48,41.1,48.4,45,45,35,70,47,29,50.9,57,54,19,29,30,84,140,92,48,57.7
1949-03-01,147,2,73.5,54.7,148,105.8,119.1,132,122,106,162.8,216,157,73,186,113,147,117,178,135,131,80,116,135,126,150,118,109,113.6,186.2,162,149.5,168.2,124,136,131,110,166.5,143,215,185,210,96,54,93.7,229,134.7,140.9,175,130,89,81,143,159.5,117.5,140,145,129,190,154,152,120,97,96,111.5,403,120,154,43.5,61.1,115.6,45,60.9,43,88.7,160,96.2,146.1,164.7,135.6,161.5,135.6,137.1,132.3,150.4,132.9,172.1,118.7,155.7,164.1,150.6,180.7,152.1,142.1,91.3,91.1,60.8,105.8,62.9,81.4,85,71.3,90,72.7,62.4,72.3,73,165.8,211.4,197.7,161.5,168.5,178.2,207.2,177.9,164.5,169.4,170.4,150.1,166.7,194.4,161.1,119.3,164.9,112.7,130.1,116.7,109.2,106.7,126.6,86.6,48.1,77,119,108.2,111.4,95.1,87.1,97.7,131.3,189,131.2,141.2,104.5,66.4,133.9,76.9,164.6,120.9,187.3,181.5,90.9,122.6,115.6,139.3,195.6,134.5,32.4,25.5,113,88.4,105.3,112.9,68,35,34,79,87.2,125,34,127,96.2,76,108.2,90.8,40,102,65,34,73.6,107.1,74,81.2,134.8,80.1,104.4,116.4,46,88.8,78.4,62.9,85.6,65.7,103.2,77,84,150.8,142,67.1,84.5,83.5,16,116,203,128,141.8,128.2,88.3,81,115.2,92,108,94,53,120.8,84,101,67.8,97.2,125,105.1,152,52,37,177,88.7,42,72.2,169,122,116,82,74.5,86,120.4,129,59,73.5,122,90.6,74,128,96.1,101.3,98.8,51,56.5,24,47,63,18,108,82.1,47,158.2,17,120.3,83,96.1,52,69,75.3,111,79.7,58,99.8,71.6,94.3,84.1,91.1,104,47,98.6,50,88.5,76.2,67.1,56,81,63,86,88,43,44,84.4,97.5,97,64.8,137.2,89,107.5,73,155.2,84.3,124.4,118.8,106.4,111,125.4,126.9,71.3,88.5,82.1,63.1,83.2,99.4,117.8,99.6,102.3,93.5,113.1,101.8,107.3,130.9,89.1,128.6,157.9,102.9,74.8,159.3,66.1,79.5,88.5,87.3,84.3,79.5,75.3,92.5,107.5,127.2,111.3,107.7,86.7,116.9,119.5,133,113.2,124.9,145.8,104.3,86.1,90.8,88.3,80,80.3,87,84,66.6,96.5,74,80.2,47,61.4,51.9,47,42,51,61,41,22,68,69,38,19,21,31,90,97,20,48,70
1949-04-01,17,70,8.7,10.4,46,15.1,37.3,10,0,10.7,24.5,14,16,9,9,6,2,9,35,15,8,13,25,32,4,13,11,5,12.6,42.3,5,35.4,48.1,8,15,21,15,32.5,27,22,52,0,7,14,33.3,6,20.8,30.9,26,5,13,54,7,30.1,12.8,16,20,6,18,10,14,6,4,20,4,50,13,14,16,30.4,48.9,17,5.8,9,12.2,23.7,15.9,19.2,17.2,14.5,15.6,17.9,17.1,17.2,16.8,13.1,12.8,18.6,18,17.9,22.9,21.1,15.5,17.4,17.1,22.9,11.2,10.9,11.8,12.7,10.8,22.7,13.8,15.1,7.4,6.6,10.1,18.2,16.6,15.5,14.1,30.3,43.4,15.9,16.4,14.9,12.8,17.5,25.9,15.6,17.3,34,12.4,30,24.1,18.6,12.2,13,18.6,28.5,38.7,13,16.5,19.5,21.9,11.3,24.8,21.3,17.4,16.8,23,10.3,33.1,8.4,11.8,12.2,10.4,18.2,13.8,29.6,35.1,11.6,13.4,18.7,15.2,17.6,15.6,10.8,5,12.2,11.8,21.7,53,42,47,10,63,43.9,86,10,70,50.6,38.1,49.9,38.1,27,51.4,43,10,45.3,50.2,51,35.1,46.9,35.9,46.9,44.6,104,37.2,46.7,29.2,32.2,44.5,46.5,21,37.9,56.5,26,28.8,28,10,0,36.4,30,20,28,27.8,26.6,31,30.5,67,33.5,23.4,68,36.5,58,55,23.5,27,45,36.4,63,12,6,24,26.2,22,20.9,71,65,47.5,68,44.9,29.1,46.5,37,32,28.8,54,38.4,35,54,42.1,40.7,42.9,0,31,50,10,17,30,45,44.9,16,57.5,40,36.5,69,31.8,53,34,40.1,43,34.4,0,46.6,42.5,38.9,33.2,35.9,112,104,42.9,55,47.2,32.8,26.1,22,27,27,4,12,24,21,31.7,40.3,28.5,33.6,62.5,43.5,42.6,57,60.1,41.4,35.9,46.7,46.6,42.9,48.6,34.1,23.3,37,19,28.1,27.4,37.5,39.7,45,42.7,52.6,44,46.6,43,48.1,32.1,32.3,24.7,28,29.8,32.4,41.1,43.8,44.1,37.3,56.8,38.5,33.7,42.5,33.1,38.3,54.3,45.2,32.8,53.9,55.8,60.2,41.2,54.5,51.6,41.6,38.2,31,39.4,33.1,45.4,44.7,36.9,27.4,50,51,41.7,1,10.1,28.1,22,6,25,35,12,15,31.6,63,65,31,13,28,30,49,21,7,36
1949-05-01,2,0,2.2,2.9,0,3.8,9.5,5,0,3.8,16.5,0,0,0,12,0,4,3.2,0,8,0,7,2,0,0,3,1,0,5.3,9,5,8,12.1,10,4,0,0,5.4,13,0,0,0,3,1,5.5,0,2.6,11.1,0,0,10,14,0,6,4.5,34,7,4,0,0,14,0,0,6,0.9,0,0,0,41,23.3,21.6,17,1.7,5,11,15.9,14.9,19.6,13.9,12,10.2,16.3,12.4,19.6,9.2,7.3,15.9,16,12,11.6,13.4,14.1,10.8,8.7,8.5,14.8,12.3,7.4,9.2,9,8.9,17.4,8.7,10.4,3.4,5.5,10.2,11.4,17.2,18.9,9.2,21.9,23.6,13.6,10.4,15.8,10.7,12.2,19.5,9,14.6,19.8,5.3,21.5,7.8,7.6,9.8,9.5,10.8,30.6,18.7,6,6.5,7.6,8.3,10,19.5,13.3,10,10.2,9.7,6.9,32.9,4.3,7.8,8.8,8.1,12.4,12.4,14.4,27.1,8.4,6,9.5,6.3,12.1,9.9,15,10,8.6,7.1,16.6,16.5,6,15,22,18,12.1,21,22,10,10.3,12.2,16.9,24.3,42,15.9,21,22,8.5,12,8,13.6,11.6,14.3,12.1,14.8,23,18.6,16.2,8.1,5.1,14.7,18.3,20,12.8,21.2,35,17.8,21.3,28,0,6.8,6,0,5.4,5.5,6.2,8,7.5,0,7.9,3.7,10,8.2,12,11,3.3,3,16,10.5,2,0,4,1,8.7,4,6.3,8,23,18.3,12,3.8,9.3,16.4,13,7,7.1,15,5.7,8,17,10.4,11.2,13.6,78,4.5,22,15,16,0,6,8.4,6,12.2,29,10.8,15,6.6,7,10,8.5,4,12.2,5,12.1,7.1,14,11.4,11.5,21,23,17,16,24.7,16.1,16.4,37,33,24,19,26,33,13,23.1,21.8,9.7,17,31.6,18,22.7,5,20.7,12.3,13.3,28.5,5.6,7.2,13.8,11.4,11.3,15.6,11.2,17.7,14.6,15.8,16.9,12,16,16.4,16.5,15.2,19.6,22.2,19.9,9.2,18.6,15.9,13.8,10.3,19.7,14.5,12.4,15.6,13.6,16.5,14,18,15.7,19.7,24.5,26.3,19.4,20,18.6,12.5,11.4,23.2,18.4,13.5,14,14.1,12.8,9.7,12.6,17.1,11.4,9.2,17.2,8,13,15,15.1,11.4,4,4,3,5,6,8,13.9,8,8,7,13,5,14,14,9,7,13.5
1949-06-01,2,0,0.8,3.2,14,16,8.7,4,2,4.3,21.3,0,0,0,10,4,52,4,16,6,13,7,3,21,0,9,9,0,9.1,12.8,0,20.2,17.7,6,6,18,20,12.1,14,0,63,0,7,2,3.8,0,4.5,17.9,8,2,3,0,17,18.2,8.6,4,14,7,16,0,7,0,2,0,4.7,0,16,7,0,2.8,20.9,0,3.8,0,15.8,11.4,17.2,19.7,17,12.1,10.7,15.6,11,19.1,18.3,7.9,13.5,11.2,15.5,10.7,12,16.2,10.7,8.6,6.7,16.7,12.9,7.9,10.5,10.6,8.2,20.3,11.5,15,6.5,8.2,12.5,20.4,17.9,16.7,9.9,26.3,23.3,12.9,11.5,13.7,10.9,10.8,29,11.4,15.1,19.9,8.2,33,6.6,8.2,10.6,13.6,11.8,32.1,16,4.3,7.8,11,13.2,9.5,20.7,12,11,11.6,10.9,6.4,32.9,5.3,8.3,8.2,9.2,12,10.4,16.8,28.1,11.7,10.5,13.1,11.9,14.1,11.2,18.1,13.3,9.3,7.6,11.9,3.2,12,0,0,3,4.7,0,0,6,2.8,3,7.9,3.7,0,5.8,0,0,2.2,3.7,4,5.8,7.4,0.7,4.5,10.8,0,7.9,2.5,6.5,4,5.1,10.5,0,2.5,13.7,8.4,0.8,5,0,0,4.9,6,0,7.6,0.7,3.4,6,3,0,4.8,0.8,3,4.5,0,8,5,2.3,1,4.4,0,3,5,8,7.8,5,1.5,5,3,6.8,0,1.1,10.1,11.4,5,0,4.4,8,3.9,2,3,3.3,3.6,5,3,3.7,0.8,18,0,0,0,3.9,61,9,0,5.6,0,5.2,0,0,3.3,9,3.3,0,7,1.9,5.4,2.4,7,15,0,7.2,0,3.4,2.8,1.2,0,0,0,0,0,0,0,10.9,15.9,9.3,7.8,20.2,10.2,13.8,0,15.7,10.8,12.6,14.8,5,3.3,8.1,10.2,6.6,10.2,7.4,16.4,11.4,15.6,14.9,6.4,10.4,10.5,12.8,12.8,14.7,19,13.4,6.9,11.1,12.7,9.1,7.5,16.4,8.8,9.4,13.1,9.1,13.2,6.9,9.9,11.5,14,15,20.6,15.7,14.5,22.7,11.7,7.5,15.9,11,8.5,10.3,13.2,7.2,7.2,11.1,13.2,7.1,8.6,5.9,4,2.8,0,1.2,2.9,0,0,0,0,0,3,4.9,0,0,0,0,0,0,4,0,5,6.4
1949-07-01,3,5,7.1,7.1,41,1.6,33.2,30,0,6.9,28,0,44,0,3,0,35,7.9,55,2,3,44,0,53,3,0,1,0,9.6,31.8,0,38,43.7,10,5,0,51,27,0,0,36,0,9,34,20.1,0,12.4,25.9,0,33,35,44,0,31,15.9,35,1,2,37,0,19,0,27,15,2.2,0,0,0,41,40.6,48.5,19,3.9,1,12.5,15.7,19,22.2,12.3,16.7,12.9,14.7,12.3,17.6,20.7,11.2,14,19.3,19,16.7,17.6,17.5,15.8,11.7,13.6,22.1,11.7,6.1,12.6,7.8,10.1,16.9,9.1,13.6,5.3,5.1,10.9,16.7,16.2,19,12.6,27.9,23.8,12.6,13.8,13.7,14.2,12.4,26.4,13.9,16.5,27.9,11.7,30,19.8,13.1,12.9,14.5,16.8,34.1,35.1,8.8,11.1,12.7,12.6,9.5,23.6,23.8,14.5,10.9,11.7,10.6,27.4,6.2,8.4,10.6,11.4,14.9,15.8,24.7,32,9.6,14.9,13.5,12.7,16.6,14.8,15.7,6.8,10.7,8.3,23.2,36.5,23,41,39,86,49.9,96,39,42,39.7,29.8,67.9,66.4,34,52.2,51,39,37.2,54.3,43,30.3,33.6,37.3,42.3,48.6,31,52.3,42.4,20.7,26.5,46,63.1,45,48.4,70.6,31,45.7,42.5,3,0,19.9,6,8,7,12.5,13.2,12,18.6,0,16.7,12.7,27,20.6,14,24,14,19,3,26.4,25,15,24,30,13.2,28,15.3,30,36,41.8,32,26.8,23.3,33,37,0,23,40,33.1,35,41,39.2,37.1,34.4,0,23.9,28,57,25,35,35.7,31.6,5,73.1,25,26.8,59,33.4,54,18,29.4,74,32.1,54,50,31.5,35.1,36.2,34.5,30,37,42,38,71.6,53.2,52.3,41,62,59,30,41,33,35,40.9,48.2,12.7,45.5,77.6,55.1,50.3,78,52.8,38.9,26.4,75.1,43,41.3,45.8,30.9,30.1,40,17.3,37.2,30.9,31.7,36.7,42.2,45,53.8,48.1,38.9,39.5,48.4,30.9,24.6,26.4,29,29.4,25.5,46.5,40,47.1,42.4,58.3,37.1,38,54.1,27.9,54.8,54.4,58.3,39.3,35.7,42,45.7,35.9,44.2,45.6,34,29.1,25.2,24.3,21.1,32.1,25.4,23.3,19.9,61.4,43,38.7,7,13.8,30.4,18,15,24,15,18,17,39.7,19,24,10,10,16,15,28,13,12,31.8
1949-08-01,3,20,2.9,2.6,0,0,18,0,0,1.3,17.2,0,0,10,0,0,0,1,0,0,0,0,0,0,0,0,0,0,2.9,5.1,0,9.7,11.4,0,0,0,0,7.6,0,0,0,0,0,0,7.9,0,2,8.4,0,0,0,0,0,6.2,10,0,0,0,0,0,0,0,0,0,5.6,0,0,0,44,33,26.8,20,1.6,0,10.3,16.4,15.8,21,9.8,11.7,9.3,16,10.2,18,9.7,10.3,11.5,18.1,11.5,11.4,12.5,15,9.5,6,8,15.6,12.6,6.5,8.5,8.6,8,19.7,8.4,7.8,5.5,6.4,8.8,11.4,16.3,19.3,9.7,22.3,21.9,13.2,9.1,14.2,8.9,11.3,20.9,14.5,14.7,17.4,7.6,16.5,10.3,9.3,11.2,9.5,15,37.8,21.5,6.2,5.9,8.3,7.7,9.2,22.1,18.1,11.5,7.5,9.8,6,33.7,5.8,8,6.5,13.9,10.3,12.3,19.7,28.1,8.4,5.2,13.7,7.6,15.1,9.8,16.3,9.1,7,6.5,15.4,21.3,16,26,28,21,22.3,37,28,7,15.3,10.9,24.5,26.2,29,14.6,46,28,10.9,12.1,14,16.4,9.4,6.6,11.3,20.2,44,25.8,22,8.2,5.3,19,21.9,52,18.7,21.2,16,31.3,28.8,38.5,0,7.2,2,0,0,5.4,4.7,0,5.5,0,5.5,3.6,0,9.3,1,3,4.8,3.8,0,9.4,0,4,3,18,9.6,6,5.5,0,6,15.8,13,4.8,7.4,15.4,2,12,11,8,9,0,6,8.2,11.3,12.2,0,5.8,8,0,7,5,3.8,11.4,20,7.9,0,8.4,10,14.3,12,22,10.6,15,19,25,12.3,10.1,14.7,13.7,16.6,43,42,27.4,20,25.9,22,22.1,45,31,18,32,35,31,43,30.8,28.1,11.4,24.4,35.1,22.3,28.3,25,20.3,15.1,16.5,31.2,3.4,5.5,13.2,13.7,18,22,14.4,16.7,15.3,15.7,16,15.9,24.5,20.3,16.1,16.8,22.8,17.8,19.6,10.5,17.3,13.2,14.8,10.2,24.8,15.4,14.8,21.3,17,19.6,20.3,19.5,16.3,20.3,28.6,29.7,18.6,20.8,23.6,22.6,14.2,19.4,22.7,16.5,12,12.3,11.4,8.4,14.6,19.3,11.2,7,18.8,14,12.5,21,43.3,32.9,28,33,13,7,39,31,24.3,16,15,2,20,2,17,24,20,34,29.2
1949-09-01,36,13,11.5,11.6,18,22.6,35.7,32,18,14.2,29.1,16,11,61,11,46,38,28,42,20,26,84,15,19,20,35,31,15,15.2,46,11,47.4,48.8,19,22,14,37,38.5,0,22,56,22,14,14,26.2,25,22.5,27.1,10,17,52,62,11,33.7,20.8,15,34,31,34,12,44,5,28,65,6.9,23,45,18,20,20.7,47.8,22,8.2,13,14.3,27.2,20.4,20.6,19.4,16.5,18.5,24.2,18.9,16.8,24,18.9,18.3,19.4,31.6,21.5,21.1,29.2,27.3,19.3,12.1,21.9,16.1,12.6,13.9,10.5,13.4,22.6,15.7,12.5,9.9,8.8,13.9,26.8,19.4,24.7,20,40.7,39.3,24.6,20.2,24.5,24.1,22.4,30.2,24.5,18.8,36.8,15.6,31.6,23.8,16.8,13.8,15.7,20.3,29.6,27.8,12.3,20.1,17.6,26.6,9.3,21.8,17.7,15.6,21.4,39,11.8,28.9,13.8,16.5,17.7,12.1,24.9,14.2,24.4,37.2,11.9,17.3,18.2,18.8,12,15.8,9.1,6.8,14.8,14.3,21.6,30.9,41,15.5,7,16,26.2,44,7,71,26.7,29,25.6,31.1,17,28.8,39,7,25,34.7,40,19.3,52.4,35.6,34.4,28.8,27,24.2,21.4,24.5,15.8,15.6,29.5,12,29,48.1,10,18.1,16.2,8,0,37.1,47,36,46,31.6,24,34,35.6,16,35.3,19.5,75,39.7,53,79,17.2,14.4,27,27.3,43,6,16,77,22.2,8,18,25,65,36.8,29,22.6,20.9,39.9,44,5,13.3,18,19.3,46,31,34.8,27.5,28.9,12,18.5,0,37,0,20,23.4,21.3,159,37.8,0,26,51,20.1,48,12,24.5,27,21.9,25,27.9,20.7,25.4,22.1,23.6,59,27,26.3,23,34,26.9,21.4,17,20,20,20,12,10,3,18,34.5,30.7,17.9,47.8,20,29.9,42,48.4,31.8,35.6,46.5,34.2,38.3,42.6,38.4,19.6,26,22.1,23.9,24.1,30.5,30.3,27.7,31.1,30.6,32.2,33.5,33.1,35.3,29.7,28.5,22.9,29.3,19.4,31.7,21.5,22.9,25.6,17.3,28.4,19.7,18.5,25.8,23.4,28.1,38.1,37.4,21.6,39.4,38.8,37,29.8,38.6,38.3,29.4,26.4,24.1,26.4,23,25.6,30.6,28.8,21.9,32.2,40,20.3,21,0.1,12,12,24,6,9,8,10,22.1,11,14,28,27,25,20,17,29,14,19
1949-10-01,98,60,61.2,47.2,98,218.6,87.5,69,96,104.1,93.7,69,98,127,94,131,79,112,114,110,146,151,65,84,95,122,133,116,115.9,107.4,99,109,100.8,125,112,86,77,125.5,27,64,47,139,104,97,59.8,42,68.7,80.3,50,121,181,116,92,91.8,89.7,109,61,127,104,112,67,122,121,157,69.7,81,103,170,80,88.5,96.7,79,48.7,49,60.7,117.2,95.6,114.4,106.5,83.6,89.6,86.7,84.3,118.8,111.9,111.9,116.9,98.9,101.3,116,107.1,137.8,95.6,97.8,68,60.2,34.9,79.4,51.5,62.7,73.3,59.1,63.8,43.8,54.8,57.1,58.6,138.3,156.4,124.1,97.9,118,109.7,136.8,135.4,129.1,137.3,137.6,115.7,122.5,157.8,117.8,101.1,122,85,110.8,78.7,78.3,86,104.8,66.5,48.4,61.6,108.9,86.1,81.4,79.3,78.1,76.2,99.6,179,98.2,105.3,77.9,57.5,95.2,56.3,129.2,89.1,109.8,106.5,60.3,95.4,94.7,101.2,117,99.8,23.6,14.4,78.8,72.7,88.7,135.5,113,100,52,68,88.3,103,52,153,90.5,60.6,99.4,108.5,74,91.8,101,52,92,84.6,121,90.3,90.2,119.6,111.2,127.8,106,97.3,105,89.8,87.3,86.5,117,29,106.5,91.3,73,72.2,76.6,51,40,73,54,15,64,79.3,67.9,91,93.5,52,91.2,74.5,56,77.6,73,57,77.3,86.1,83,96.5,78,49,38,110,93.2,44,80.6,126,55,121,174,75.9,94.5,112.8,122,88,66.7,123,98.9,107,131,104.9,80,100,37,72.6,72,156,68,87,82.9,108.1,41,92.4,91,124.7,173,98.5,173,56,80,90,83.9,85,93.8,81,76.7,91.4,105,165,113,102.5,114,93.2,95.9,70.7,85,141,119,42,46,82,53,73.8,100.9,80.5,71.6,83.8,91.5,93.5,72,92.8,90.9,87.3,91.9,79.3,82.9,90.5,71.4,54,63.8,65.8,58.9,67.3,80.3,94.1,90.6,92.7,95.5,90.7,94.9,82.1,91.2,64.3,81.4,67.8,70,43.7,111.2,61.4,88.5,94,92.2,104.3,66.4,69.2,84.1,85.6,95,96.6,88.5,71.4,132.3,153.6,145.9,127.1,151.4,149.9,109.8,99.8,110.8,99.8,87.5,93.9,116.7,103.5,71.2,77.9,121,82.1,17,6.7,51.2,40,33,47,29,35,52,27.3,28,27,37,36,42,23,38,17,6,35.4
1949-11-01,18,25,41.8,30.1,21,70,38.3,73,89,64,41.2,28,32,104,16,145,87,85,24,26,82,127,96,17,88,161,89,57,83,70.8,32,65.3,46.4,110,26,94,73,61.4,81,53,22,91,102,99,43.6,160,42.1,40.1,94,28,109,150,45,56.1,55.9,67,25,68,52,83,61,41,66,65,48.9,55,24,96,63,61.6,40,55,42.7,22,34.4,82.8,55.3,95.5,73.7,79.4,70.1,63.7,67.9,62,67.5,68,78.9,59.9,74.8,86.3,70.1,95.9,92.2,77.8,51.9,35.8,34.2,41.7,34,35.6,39.5,43.9,49.3,28.1,29.3,35.2,30.6,95.3,91.7,110.1,67.5,98.8,95.2,99.3,88.1,78.1,81.3,84.7,87.8,92.6,93,78.8,63.4,75.8,74.9,59.2,51.1,49.6,45.9,51.3,51.2,29.5,34.5,69.4,61.1,50.6,46.9,53.4,49,74.1,37,58.5,49.8,43.5,34.8,62.8,50.6,76.1,58.2,84.9,100,39.2,74.5,66.2,86.7,104,65.7,13.8,6.2,40.6,35.4,65.4,60.7,68,93,89,41,55.2,73,89,27,47.4,33.9,61.3,68.6,92,46.1,115,89,42.8,54.8,51,55.1,48.8,41.3,50.8,61.5,66,68.2,83.5,56.1,60.7,56.9,61.7,43,57.7,52.5,50,69.2,63.5,53,71,43.5,33,48,26,43.4,37.6,19,48.3,57,42.5,34.2,28,33.8,15,40,47.2,42.9,14,53.1,10,0,69,36,67.1,45,29.4,60,26,61.3,43,62.9,38.1,61,4,59,39.4,44,45.6,30,60,42.2,42.1,56.6,43,35.7,63,55,75,67,47.7,56.1,74,45.8,97,104.2,102,50.6,58,82,36.1,30,41.3,47,48.3,43,34.9,41.7,48.9,67,65,53.2,21,57.3,64,62.4,76,107,62,61,78,126,54,59.4,54.9,34.9,42.6,57.8,62.5,41.3,41,41.5,49,36.4,54.5,41.2,46.3,46.5,41.3,32.3,38.9,49.5,29.6,38.2,52.3,56.2,47.5,51.2,64.9,61.1,50.9,58.8,49.5,44.1,39.8,29,37.6,36.6,46.6,52.8,62.7,55.9,59.1,62.1,49,65.3,64.8,50.8,50.6,64.2,41,54.7,83.1,84.9,81.7,81.7,86.2,82.5,69.2,54.6,50.8,50.3,47,46.7,62.4,55.6,33.5,53,51,48.1,75,56.7,57.6,45,84,47,55,49,39,39.5,62,40,51,66,45,50,22,51,40,51.7
1949-12-01,13,19,55.6,43,83,58,74.2,88,15,58.3,91.1,40,86,54,74,41,109,24,72,120,99,75,28,85,96,45,73,91,75.4,94.1,62,84.2,100.3,100,192,53,77,82.9,79,104,77,84,88,97,59.2,62,74.7,74,19,57,95,130,7,84.6,53.1,107,78,88,89,39,100,104,128,34,43.6,202,107,91,27.1,44.8,68,40,39.5,23,38.6,83.9,62.5,92.5,81.7,65.7,71.1,51.3,61.2,60.7,92,87.5,79.3,71.6,82.6,75.7,75.9,100.6,89,72.1,43.2,38.5,40.2,39.1,35.1,35.6,36.3,46.5,52.4,28.7,29,30.4,36.1,95,103,105.9,73.4,100.4,80.3,98.3,86.8,76,76.9,84.7,86.9,93.2,85.2,81.2,68.4,85,70.3,60.9,58.1,53.8,54,59.2,50.6,40.4,45.8,75.4,69,48.2,53.7,54.6,53.9,68.9,152,60.5,59.3,42.3,36.6,63.5,40.2,80.3,57.9,63.3,68.9,35.2,61.5,54,78.8,48,54.5,15.9,7.1,42.2,39.3,61.6,111.3,102,48.5,53,33,48.5,51,53,137,62.9,50.8,52.6,44.2,45,67.4,71,53,54.5,64.8,50,52.1,95.7,102.1,98.9,56.2,117,43.2,65.4,91.1,74.1,48.2,49.7,102,41.7,67.6,40,38.7,43.9,25,17,80,64,54,103,93.5,77.3,93,99.3,80,94.4,71.1,77,77.4,91,78,61.9,85.3,122,95.3,40,106,88,47,82.6,110,67.7,98,88,111.2,96,98.5,66.4,87.7,52,104,50.7,73,85.2,103,76,90.4,51.2,81.5,15,74.1,115,108,112,171,65,78.1,60,55.6,67,117.2,103,78.6,76,118,46.9,57,60.4,0,61.2,57.4,47.8,56.2,57.6,30,116,66.4,47,49,37.6,32.2,37,29,50,23,44,44,49,46.1,67.6,83,44.9,67.4,51,76,64,86.6,78,85.6,45.5,63.7,64.3,82.1,76.4,60,51.6,67.5,42.5,56.8,75.2,87.2,59.2,63.2,75.3,79.3,74.7,84.8,68.4,71.5,76.7,50.8,70,45.8,85.9,49.2,67.8,62.6,59.7,64.9,62.3,49.8,66.4,64.1,56.7,76.8,56.3,48.9,115.6,130.6,110.3,119,134.8,114.5,119.4,115.8,106.8,108.3,84.7,104.3,117.9,101.6,68,58.8,50,47.3,41,27.5,66.6,35,32,40,39,106,106,38.3,40,52,42,48,71,51,71,32,38,56
1950-01-01,17,16,50.8,38.7,25,56,56,31,54,50.2,40.6,20,16,12,67,45,41,76,10,49,42,113,100,45,8,29,81,0,55.4,68.8,59,54.1,59,48,51,48,52,45.3,50,57,42,69,44,25,43.6,90,57.2,40.4,78,28,89,100,95,55.2,51.8,60,56,44,44,100,49,18,64,41,28.3,49,15,26,15,35.1,45.2,34,38.6,11,41,74.6,54.2,71.5,60.4,79.1,62.1,61.2,67.8,61.8,66.4,57.8,66.8,59.3,74.3,73.1,61.7,78.6,86.3,76,46.5,34.9,40,39.9,38.6,37.1,32.9,44.8,51.2,28.8,32.6,29.6,30,84.7,72.3,101.9,62.5,79.5,85.8,78.5,58,60.6,74.2,72.3,68.8,87.7,61.3,71.7,45.3,66.5,65.3,58.7,45,51.2,48.4,55.7,47.3,33.4,39,62.1,58.9,44.1,39.8,36.1,45.6,76.5,104,44.3,46.4,47.8,31.3,53.2,41.7,63.6,60.4,64.3,88.2,33.4,57.1,56.7,73.5,88,52.8,13.2,7.3,40.3,32.9,55.5,80.4,82,8.5,9,70,41.6,66,9,64,73.9,52.4,46.7,26,20,61.8,0,9,43.8,63.7,102,44.4,66.3,86.3,70.4,53.9,91,28.4,57.3,64.6,64.9,38.9,45.3,16,33.8,53.1,18.2,16.9,20.3,4,134,60.2,35,52,111,64.1,52.2,42,76.8,46,55.8,41.1,21,47.5,34,24,56.5,56.5,50,72,67,41,65,122,81.5,76,52.4,98,50,80.8,78,78.2,46.9,71.2,95,39,50.7,47,53.7,63,49,69.3,45.3,76,54,42,54,68,61,161,62.6,61.7,31,50.6,65,121,43,50.9,83,46,44.7,59,48.5,0,51,54.9,37.6,40.1,46.7,115,91,58,16,31.3,25.9,16.3,11,9,36,25,3,18,12,22.1,53.6,50.1,30.4,50.7,45.4,53.8,59,61.1,58.8,47.9,44.8,55.9,65.1,57.5,57.7,32.2,34.1,51.5,29.1,34.1,60.7,78.3,54.1,51.7,73.7,75.1,71.6,76,64.8,43.1,51.7,28.7,41.4,27,51.7,36.1,49.5,62.5,47.8,63.2,45.7,33.4,47.8,53.5,36.7,75.7,43.2,42.2,96.2,109.3,98.4,98.9,105.8,91.2,81.4,67.6,70.5,77,67.1,68.5,69.1,77.7,49.5,45.2,102,38.7,24,0,15.1,5,10,14,10,9,25,17.3,15,11,18,17,21,23,8,33,0,19.9
1950-02-01,20,0,64.7,49.7,155,15.9,73.4,80,29,60.8,106,42,123,33,158,24,90,13,122,79,66,144,56,145,49,18,13,10,58.8,144.9,112,121.3,113.3,59,106,110,222,121.2,161,109,72,74,91,95,69.2,62,82.2,80.1,7,174,150,233,48,102.9,66.7,86,108,139,67,28,96,79,77,102,56.4,147,61,31,71,59.3,75.3,98,47.2,44,40,79.6,65.5,83.8,68.5,67.8,66.3,56.8,64.7,68.4,80.1,71.3,69.8,66.6,84,79.8,75.2,95.5,90.3,82.7,46.9,40.1,49.5,39.3,40.5,41.1,39.4,45.9,52.4,30.9,28.5,32.3,39.7,94.5,101.1,97.1,77.8,116.7,88,89.2,79.6,72.5,77.4,79.4,84,90.4,95.1,80.1,61.3,87,68.8,62.3,56,54.2,53.9,56.6,54.3,41.6,52.3,70.2,67.3,52.1,49,47.1,55.4,79.6,79,51.9,50.9,47.8,38.8,64.7,43.9,75.9,63.2,71,83.6,41.8,63.5,58.4,81.1,85,61,17.2,7.5,47.3,39.6,61.2,108.4,103.5,91,20,61,61.2,89,20,20,53,50.9,59.2,59,90,61.8,98,20,55.9,60.4,67,49.4,127.8,35.8,75.8,67.3,59,59.5,78.9,83.8,77.7,51.8,53.3,15,48.1,60.7,30,35.8,43.8,24,33,100.4,83,178,145,129.6,100.3,116,126.6,114,96.7,83.4,122,87.3,131,150,67.8,94,65,109.6,5,93,129,165,96.8,116,68.9,81,11,114.4,94,82.5,78.8,85.6,29,119,51.9,14,83.5,45,59,76.2,48.1,77.9,114,67.5,94,60,90,55,52,74.3,51,58.8,61,118.8,76,75.7,50,56,48.6,69,64.6,0,56.5,55,46.3,60.9,65.6,130,58,60,102,52.6,42.5,36.6,69,33,35,22,51,31,41,40.2,57.2,84,41.4,71.9,56.3,62,44,71.9,72.6,73.7,50.9,57.3,68.2,74,92.9,54.3,65.3,78.8,40.8,60.4,87.3,104.5,61.4,65.1,71.8,71.4,78.2,86.8,60.7,71.2,97.4,52.8,75.6,59.5,117,48.8,61.3,58.9,60.6,65.1,71.3,43.7,65.4,63.2,57.3,76.5,52.1,53.8,93.3,120.2,116.6,112.6,127.6,112,117.1,115.1,98,114.4,87.9,89.4,105.8,99.9,68.9,58.5,67,43.6,49,22,42.9,29,26,30,47,34,47,36.2,62,63,53,50,57,44,30,23,7,40
1950-03-01,93,8,26.4,28,30,39.9,45.3,38,62,39.7,54.5,36,44,56,62,31,50,37,25,61,70,28,74,21,82,72,36,56,45.8,59.7,58,62.1,73.9,35,75,106,29,60.2,134,226,39,37,40,44,47.4,54,54.3,49.1,56,42,48,22,107,58.9,48.7,40,54,62,49,55,17,81,40,45,37.7,46,52,27,63,69.8,45,69,28.6,28,22.8,63.9,46.4,62.5,63.8,48,60.6,41.5,47.2,52.2,55.2,51.3,59.8,55,62.2,66.8,51.8,66.9,73.9,54.6,35.9,37.9,30.5,32.5,25,23.1,30.2,39.5,34.9,26.1,20.4,24.9,26,73.1,66.3,90.5,56.9,80,72.6,68.1,65.6,61.6,72.2,68.9,68.4,86.2,62.1,75.8,43.3,69.4,54.8,56.4,44.1,42.8,34,45,39.6,21.9,29.8,54.8,47,44,43.1,40.8,46.9,59.3,89,47,39.4,38.6,29.9,44.7,30.3,66.9,48.7,71.5,91.2,29.6,55,43.9,64.9,77,55.7,18.5,7.6,32,32.7,58.3,74,53.9,87,63,48,75.8,96,63,83,51.5,47.1,107.2,125,130,75.1,133,63,58.3,70.9,69,57.2,51.8,24.9,50.1,66.6,77,98.5,91.3,34.5,37.2,78.2,115.4,111,84.8,90,112,113.9,120.3,106,62,49.8,17,35,48,37.8,32.1,36,36.8,20,39.2,30.4,0,40.1,30,47,31.4,53.5,57,54.9,0,32,43,42,45.2,19,28.1,19,42,70.7,48,53.4,33,63,67,18,35.5,7,40.7,26,25,40.4,61,52.2,123,26.9,25,32,36,46,52.5,52.9,8,78,41,81.8,46,49.8,93,54,45.4,84,58.8,51,72.6,42.5,50.1,77.4,70.7,67,76,79,130,90.8,97.8,85.2,95,134,145,59,99,121,100,102.9,73.6,33.3,71.2,102.6,83,62.9,103,65.9,49.3,43.1,106.3,49.2,45.9,63.4,46.8,44.5,46.5,46.5,48.6,56.3,54.9,59.3,60.3,59.6,71.7,78,54.3,76.8,69.5,45.6,44.4,38.3,53.4,35.9,47.8,70.4,60.4,57.9,69.3,69.3,52.6,88.4,85.9,56,86.2,73.6,80.3,72.4,81.6,70.4,74.5,66.1,70.3,87.2,62.5,46.8,41.9,40.9,35.8,43.7,48.8,42.6,31.8,83,69,63.9,55,29.8,81.4,69,24,66,46,86,104,49.9,101,58,42,50,59,104,81,62,60,70.4
1950-04-01,0,0,4.2,7.1,12,28.2,30.2,45,0,9.7,36.4,25,10,13,0,9,71,12,13,7,12,41,0,12,5,15,13,0,15.8,41.4,0,47.3,50.4,29,0,9,42,37.8,142,45,35,11,73,56,19.1,0,27.3,33.7,0,29,26,32,0,32.2,18.8,30,45,14,14,0,14,12,32,36,5.2,70,40,19,12,14.5,29.1,4,2.6,0,13.8,20.8,17,20.8,15.8,13.6,12.3,22.2,15,18.2,13.1,12.3,18.6,20.8,21.1,14,14.4,19.2,16.8,13,11.3,15.9,15.2,7.8,15.4,9.5,9.2,17.6,12.4,7.7,7.3,6.4,12.8,20.1,19.1,18.4,14,37.4,33.3,19.2,18.2,17.7,18,14.5,29.7,16.4,20.7,30.2,10.6,25.8,17,11.7,11.6,17.2,18,30.1,23.1,9,14.9,12.3,13.1,10.7,19.6,18.7,14.5,16.3,11.7,8.6,31.3,10.4,10.2,15.2,11.1,15.5,10.8,17.9,36.7,9.9,17.3,18.3,11.7,22,14.3,10.4,8.2,9.9,9.1,13.6,14.4,20.6,18,15,7,18.2,4,14,29,20.7,14.7,23,17,7,28.8,58,15,13.3,25.4,6,13.6,36.9,22.2,21.8,17,11,18.1,13.4,11.9,10.9,16,22.8,60,15.6,46.5,9,18.7,20.9,29,23,25.3,19,2,15,20.4,17.3,17,26,11,20.7,12,28,33,49,55,7.1,14.2,54,18.2,32,11,18,52,13.5,15,7.6,22,99,32.7,14,17,13.6,30.9,74,0,8.1,3,14.2,23,13,18.1,20.1,20.7,59,7.5,0,10,0,18,11.2,14.7,22,28.9,0,15.7,20,13.9,13,3,13.6,45,14.4,0,26.3,8.2,11.4,14,14.2,9,11,20.2,0,26.4,19.1,15.8,6,9,13,12,12,9,6,25.8,21.5,28.6,15.8,48.2,17.7,28.8,18,64.1,20.5,28.4,31.4,22.8,27.4,40.3,35.3,17.7,23.3,22.9,21.5,18.9,22.9,22.8,19.1,20,23.7,23.9,24.3,32.7,34.9,22.7,20.9,20.5,27.4,20.2,21.1,24.8,17.8,20,17.6,13.9,20,18.5,20.3,20.9,26.9,30.5,35.7,19.1,29.7,23.3,20.8,22.2,31.9,22.2,17.5,19.1,17.2,21.9,15.8,18,23.1,18.9,14.1,22.3,6,11.3,12,50,28.3,8,42,46,10,17,57,23.8,19,31,18,12,48,15,22,4,37,39.8
1950-05-01,4,0,4.8,5.1,41,36.9,22.8,6,26,14.7,22.9,15,15,24,24,39,13,40,11,14,3,0,16,32,8,30,26,43,13.9,23.8,18,34.4,37.2,7,21,15,16,28.4,19,16,28,0,4,21,11.9,5,14.7,24.5,26,8,13,8,8,22.7,15.1,14,27,24,11,14,5,0,14,11,9.1,20,27,33,8,13.5,25.2,11,4.8,3,11.8,24.1,17.7,21.4,14.9,13.9,14.3,19.9,17.1,18.5,16.7,14.1,19.6,19,20.3,16.9,15.4,21,17,16.2,10.3,16.4,12.7,7,10.9,9.3,11.1,16.9,11.1,8.3,6.8,6.4,9.2,20.9,21.3,20.1,15.4,37.8,38.5,21.9,16.9,17.2,18.9,17,30.7,14.4,17,29.8,10.7,25,20.3,15.2,12.5,11.9,15.8,31.4,19.2,8,11.9,14.6,18.6,10.4,21.1,21.4,15.6,15.2,18,8.1,30.9,9.6,9,12.6,11.8,18.7,11.9,24.6,31.6,10,17.6,13.9,11.8,20.1,10.4,12.3,7,9.6,9.3,15.2,18,20.9,11.5,16,41,15.6,34,16,21,23.7,20.7,23.7,22,12,26,22,16,13.7,24.1,25,14,27.5,25.7,23.6,16.9,19,15.6,11.4,17.2,13.1,14.6,15.6,49,15.3,34.6,10,19.8,20.9,19,0,19.3,30,0,38,14.6,12.3,24,20.3,35,19.3,9.9,46,25.6,22,35,4.9,13.1,34,17.1,24,2,3,37,15.3,12,6.5,23,42,17.9,20,15.1,17.6,33.1,15,0,10,11,17,40,14,19.7,20,19.9,19,8.8,6,37,8,36,8.7,14.3,16,20.1,15,16.7,25,13.4,0,20,15.2,16,16.1,0,22.1,8.5,13.1,16.9,15.6,29,18,17.6,12,25.8,20,15.9,10,12,13,19,19,27,31,30.3,21.9,13.8,14.2,40.4,16.8,22.8,23,41.1,14.9,23.3,32.7,21.1,26,25.1,27.5,19.1,27.9,19.9,20.2,15.5,19.7,18.6,17.3,17.3,21.2,22.9,17.8,24.8,25.8,18.9,16.2,18.9,27.7,19.6,16.6,24.5,15.3,15.7,14.3,15.5,20.3,19.3,21.2,19.9,22.6,28.5,31.7,19.1,31.1,19,20.8,17,25.7,23.4,18.3,20.3,19.3,20.3,17.3,18.3,26.1,21.1,15.4,21.9,25,18.7,27,25.9,32.9,14,22,19,26,26,26,28.2,57,43,42,30,43,38,52,28,28,41.6
1950-06-01,0,4,8.7,7,42,5.3,23.5,38,0,6,29.8,0,58,9,0,9,42,4,42,10,11,41,2,56,3,0,5,0,14.3,30.2,0,43.1,43.1,24,4,3,24,30.9,0,14,31,20,17,45,16.9,12,21.9,29.5,0,26,22,23,2,29.8,18.5,61,15,14,41,0,32,7,17,29,5.9,10,33,4,0,4.1,21.8,0,5.4,0,15.3,16.3,18.3,22,17.5,11.5,11.4,16.2,18,20.5,24.1,9.4,11.5,14.6,17,12.3,14.2,17.2,13.5,9.9,10,12.9,13,9.5,10.7,10.8,11.5,20.7,11.6,10.8,7,7.2,13.7,17.4,13.5,17.5,14,28.7,33.5,16.8,12.2,13.3,14.7,13.2,26.6,11.6,17.8,26.2,8,31.4,10.6,13.4,13.5,15.2,13.7,23.8,19.3,9,13.5,11.6,13.4,8.1,19.6,13.3,11.5,14.8,13.3,10,31.4,11.1,10.3,11.4,10.8,16.7,9.7,16,34.2,11.6,14.1,19.7,12.5,20.3,10.1,12.9,9.3,11.3,9.3,13.1,23.2,23.4,0,3,16,7.3,2,2,23,20.2,20.5,9.8,2,1,18.2,0,3,8.8,19.6,17,8.5,27.5,24.2,15.9,12.6,1,9.7,6.5,10.3,12.2,7.4,8.1,9,4.2,29.6,5.4,3.1,4.8,2,0,16.9,22,9,15,15.8,17.1,26,20.1,36,17.2,8.9,28,24.3,29,35,5.2,10.3,37,16.3,18,6,9,61,17.7,8,10.8,32,42,16.5,29,14.1,16.8,30.1,22,8,6.9,34,16.5,20,25,18.7,15.7,17.1,7,12.3,11,22,12,18,8.8,16.8,0,20.9,11,11.3,17,11.3,15,2,12.8,23,13.6,5,15,5.2,10.3,12.7,12.1,0,1,17,0,12.9,7.3,5,0,0,0,1,3,5,10,8.9,18.5,12.9,8.4,26,8.3,16.3,26,40.2,13.1,22.2,17.8,18.8,19.7,29.1,21.9,10.4,14.3,14,19.2,13.7,18.4,18.2,12.3,12.7,13.8,20.4,15.5,25.7,29.8,16.1,17.2,16.5,21.8,14.3,16,16.9,11.3,12.6,12.9,11.2,14.5,10.2,14.6,15.2,17.1,21.5,24.7,16.9,27.3,20.2,20.4,17.6,23.4,18.7,13.5,17.4,15.9,15.7,14.9,17.5,20.5,18.3,14.7,14.8,17,7.8,2,3.2,3.1,4,0,4,3,7,3,5.1,3,0,3,0,5,2,0,0,0,7.4
1950-07-01,0,0,1.6,8.4,0,0,14,0,0,0.9,11.4,0,0,0,0,0,0,1.6,3,0,0,0,0,12,0,0,0,0,7.6,6.6,0,11.1,8.7,0,0,0,5,5.8,0,0,0,0,0,0,3.7,0,2.9,11,0,0,0,14,0,6.7,7.3,0,0,0,0,0,0,0,2,0,4.6,0,0,0,0,4.5,20.4,0,1.3,0,15.3,18.2,19.1,19.4,13.6,15.6,10.3,16.6,8.6,18,17.8,8.3,18.8,13.5,15.2,11.2,15.9,11.4,9.7,7,8.1,14.4,13.7,5.8,10.7,11.2,9.6,22.7,9.3,10.6,4.3,6.8,10.9,17.9,21.3,16,9.4,22.5,20.3,15.2,11.5,16.3,9.8,10.4,22.2,9.5,14.9,17.6,5.8,32.1,10.4,9.4,10.5,11.9,16.2,42.3,19.7,5.5,6.7,13.4,9.4,12.2,20.2,13.4,10.9,12.4,10.7,8.4,31.4,3.7,9.6,7.5,12.2,9.3,10.4,16.3,37.2,9.5,4.5,19.4,6.1,14.1,9.2,17.1,12.4,9.8,6.5,12.3,5.8,4.6,0.5,1,9,6.2,2,1,18,4.4,11.7,9.9,7,0,5.9,0,1,3.7,6.5,4,9.9,7.5,2.3,4.3,15.6,5,6.8,7,7.9,1.4,10.5,12.8,7,5.2,17.7,8.1,4,9,0,10,1.7,0,0,0,1.4,4.3,0,3.8,0,3.2,1.8,0,4.3,0,0,2.5,2.1,4,5.6,0,0,18,15,7.4,1,1.6,8,5,11.2,0,2.2,6.7,14.8,22,0,4.2,0,1.8,5,0,2.8,8.4,8.1,77,1.6,0,0,0,0,2.9,5,0,8.4,0,3.3,0,4,0,9,1.5,16,6.2,0,9.8,4,6.8,5,8.3,4,4,8.9,0,13.8,6.8,0,0,0,0,1,0,0,4,15.4,17.5,9.9,13.3,27.5,12.1,19.2,9,16.1,12.2,11.9,19.9,4.6,9.3,9.7,11.6,8.9,14.2,12,14.5,12.8,15.2,16.3,7.7,12.1,12.8,13.2,14,18,24.8,15.9,8.5,15,11.2,9.3,9.7,16.1,10,9.4,11.7,11.1,13.1,8.6,12,13.7,18.4,20,23.1,18.1,16.6,19.9,13.5,9.4,16.9,14.1,10.1,10.5,13.9,10.9,6.7,10.5,17,6.9,6.7,7.7,4,3.6,0,4.1,7.7,23,14,11,13,15,13,9.7,10,9,8,5,9,15,18,0,10,11.8
1950-08-01,5,0,0.8,3.1,24,0,7.4,0,0,1.1,21.8,0,0,0,0,0,0,0.5,14,0,0,0,0,13,0,0,0,0,7.9,7.7,0,10.5,13.5,6,0,0,13,4.4,0,0,0,0,3,6,2.4,0,1,6.7,0,5,0,0,0,5.8,13.4,1,0,0,0,0,0,0,4,0,3.3,0,0,0,0,6.1,22.1,0,3,1,12.8,15.8,17.3,20.9,16.1,20.2,8.8,13.7,11.8,20.4,35,11.8,10.9,12.9,15.6,12.5,15.9,13.6,13.5,4.6,8.2,19.4,11.6,7.6,12.4,9.1,7.4,22.9,9.1,13.8,4.5,7.7,14.2,21.4,18.3,17.2,11.5,30.3,17.2,18.3,13.7,15.2,10.8,15.1,23.1,10,17.2,15.2,7.7,26.3,8.3,7.4,12.7,12.2,18.7,37.1,15,7.2,7.1,12.3,10.1,9,21.7,12.1,10.9,16.5,8.4,7.1,32.4,4.5,11,6.8,12.5,8.1,12.9,16,30.7,11.6,9.3,20.7,9.1,14.9,11.6,20.9,13.9,8,8.5,13.6,2.8,3.3,0,0,0,3.3,0,0,0,0.4,6.9,5.5,0,0,2.5,0,0,3.4,4.6,0,7.1,4.2,0,0.8,10.8,0,6.5,3.3,5.9,1.8,12.8,12.9,15,6.5,11.8,10.9,2.2,7.3,0,0,0.9,0,0,0,3.9,2.2,0,5.7,0,0.7,1.3,0,6.3,0,0,6.7,4.1,0,3.6,0,0,0,0,7.3,0,1,0,0,2.1,0,2.3,4.8,13.1,0,0,3.4,0,2.4,0,0,0.6,4.9,5.6,0,0.4,0,0,0,0,1.2,2.4,2,6.7,0,0.2,0,3.4,0,0,3.6,0,3.5,0,2.3,6.1,8.6,4.9,13.6,0,0,10.3,0,4.5,5.9,0,0,0,0,0,0,2,1,12.1,11.4,5.7,10.1,16.2,12.4,11,0,11,10,12.1,15.8,5.7,1.9,5.8,9.7,6.7,12.2,11.3,12.8,12.3,13.8,11.8,5.9,10,10.2,10.1,10.5,13.4,14.4,16.6,7.1,14.9,7,8,11,14,10.2,9.1,14.4,9.2,12.5,6.9,11.3,12.2,10.8,16,17.1,15.4,16.4,24.1,15,8.5,11.8,11.6,7,16.3,14.8,9.6,6.5,11.5,13.9,7.5,7.5,7,0,4.3,1,2,9,5,3,11,0,8,9,5.5,4,1,3,0,0,1,5,0,0,4.1
1950-09-01,11,8,3.6,2.9,49,2.2,14,4,0,5.4,20.3,0,28,0,2,0,5,4.8,7,13,0,42,3,28,0,0,0,4,9.1,14.6,0,24.6,24.7,3,0,5,27,18.2,10,0,8,0,48,16,10.6,16,8.6,17.6,0,4,0,10,0,14.5,15.8,21,10,0,20,0,9,0,47,42,3.4,0,2,6,10,29.7,34.1,11,1.5,2,10.4,15.2,15.6,20.6,13.1,12.4,13.8,17.1,11.9,19.9,14.1,10.4,15.6,18.9,11.7,14.2,15,14.5,14.8,9.8,8.2,16.2,14.5,6.8,9.5,7.9,8.9,15,10.7,7.7,5.2,6.3,8.5,13.5,20,19.2,9.5,29.2,21.3,13.5,14.1,15.8,12.1,11.3,27.1,11.5,17.2,22.7,7.4,19.2,15.4,10,10.4,8.4,10.2,27,23.7,5.6,6.9,7.1,10.7,9.4,26.9,23.1,13.4,9.8,12,8.7,31.1,5.6,8.7,7.3,8.2,12,10.7,19.8,26.6,7.9,9.8,9.1,8.7,10,9.4,14.5,9.4,8.7,7,16.7,24.1,9.5,37,19,22,28.6,31,19,18,18.8,9.3,41.3,45,50,23.3,44,19,19.7,25.3,8,17.9,19.8,9.6,16.8,33.5,43,34.5,32.2,11.1,8.2,32.1,31.1,43,36,38,26,41.9,37.3,29.5,1,11.5,11,0,30,8.5,5.7,47,11.6,0,9.8,6.4,6,16,7,12,6.6,5.8,19,9.3,6,3,1,5,13.5,5,6.9,6,21,20.1,12,7.6,8.4,19.5,30,0,14.3,3,8.3,9,3,15.2,18.7,19.9,64,8,0,10,5,5,8.3,15.1,126,15.8,0,14.1,22,15.4,20,15,12.8,23,21,14.2,30.6,16,18,18.9,24.1,44,44,37.6,20,45.6,39.1,63,15,44,31,42,35,41,34,39.1,33.9,12.7,25.4,57.5,27.6,29.2,22,30.6,25,22.3,47.7,10.7,17,24,17.7,27.7,31.1,16.6,20.6,19.5,22.1,19.1,21.6,30.1,35,23.2,21.1,28.6,23.6,25.4,17.5,20.7,22.5,24.3,14.3,33.5,23.9,22.6,33.1,29.4,28.8,34.7,29,23.1,30.8,34.3,48.7,26.4,26.3,30.4,35.7,17.6,25.4,32.3,22.5,18.3,16.3,14.3,12.7,15.8,20.1,14.3,8.4,28.4,8,19,43,50.4,37.9,24,35,27,26,29,28,49,28,48,36,58,28,37,32,47,40,47.1
1950-10-01,18,46,28.8,21.3,55,35.5,78.4,70,34,33.7,68.5,0,44,35,54,76,39,54,55,14,164,64,36,32,45,54,55,78,43.8,76.1,20,75.5,78.1,72,20,14,88,73.1,76,10,77,73,69,95,42.6,12,51,59.1,42,87,68,74,15,66.7,46.2,69,24,63,69,41,26,98,54,95,30.2,14,23,45,121,111.7,50.2,73,19.9,40,24.2,56,31.4,48.3,52,39.1,52.8,35.9,44.8,57.9,52.1,49.4,53.1,45.1,59.3,47.6,39.1,52.1,52.2,44.1,28,31,19.3,28,19.3,21,23.5,31.7,27.9,24.2,16.7,17.5,24.7,61.2,63.9,76.5,41.8,61.9,67.7,59.6,60.2,54.7,49.2,54.5,53.5,51.9,62.1,68.1,36.5,55.5,37.8,47.1,33.8,34,31.7,43.9,36.6,25.4,28.7,43.9,34,37.5,35.9,36.5,36.7,40.8,14,35.6,34.5,27.6,23.1,31.1,19.5,46.5,41.9,54.4,59.7,23.5,38.5,42.8,47,11,33.6,21.8,11.4,24.8,28,53.4,116.7,86.1,127,85,113,109.3,77,85,125,106.8,71.1,113.4,284,148,103.1,137,85,100.5,101.2,142,85.1,65,128.7,112.6,117.8,141,120.7,111.7,52.2,63.7,97.7,168.8,122,124.8,113.3,91,115.8,130.6,76,7,49.9,38,35,18,52.9,46.1,36,64.2,21,59.7,44.7,13,60.4,8,26,41.2,65.6,52,73.8,82,61,58,102,51.5,51,47.7,103,62,91.6,77,65,59.9,90.9,102,53,56.1,83,71.4,129,83,99.4,92.3,82.9,98,43.7,59,132,88,92,82.4,73.2,179,95.2,45,117.1,96,68.6,80,85,72.4,96,77.8,22,110.5,68,98.6,105.5,109,108,140,108.8,105,128.4,131.2,226,111,251,175,60,66,115,90,115.5,96.8,51.2,111.1,128.2,107.2,99.9,143,95.7,79.9,84.2,143.9,83.5,81.9,78.3,65.5,54.6,55,53.5,72,70.3,67.4,74.7,82.3,92.8,102.9,94.2,85.2,79.2,122.5,54,66.3,57.2,59.8,38.5,73.9,87.3,87.8,94,104.1,93.9,60.2,98,114.6,70.2,105.6,100.8,104,87.4,109.8,107.2,101.6,114.9,123,106.8,83.8,67.6,59.7,68.5,60.3,74.8,74.1,67.6,48.3,112.2,142,91.4,27,38,83.4,38,35,51,33,31,48,70.3,77,65,28,34,28,105,81,32,32,74.9
1950-11-01,1,14,29.5,22.3,46,28.3,70.1,131,15,28.3,62.1,15,35,27,0,65,92,42,53,49,9,24,46,57,38,48,46,51,31.8,78.8,10,67.4,75.8,32,12,17,184,64.9,223,17,87,16,51,68,43.8,61,39.1,57.5,33,123,50,69,18,63.2,28,82,44,29,81,16,41,44,29,83,21.8,35,30,19,89,74.9,62,50,12.3,29,27.8,45.7,25.4,40.7,30.7,29.9,35,30.3,26.7,37.7,40.2,34.7,32,26.4,37.9,34.7,33.8,43.5,40.5,33,24.5,32.5,17.9,22.1,19,22.1,19.1,28.4,24.8,21.9,11.6,12.5,19.7,43,37.8,45.8,30.5,43.2,50.4,50.7,38,39.1,31.9,39.9,34.8,49.4,40.5,62.5,26,52,32.1,36.6,27.8,29.6,28,42.4,38.3,18.7,34.3,40.6,31.8,25.3,30.9,29.4,31.1,35.2,39,31.9,35.2,22.3,16.8,27.3,19,33,26.4,39.4,58,19.4,28.3,31.4,32.4,7,28.3,16.2,6.4,20.2,19.9,39.3,119.1,101.8,141,33,98,104.9,152,32,76,96.3,71.5,111.4,154,60,103.3,139,33,96.5,94.1,138,76.8,70.9,96.8,106.7,106.7,170,97.2,111.8,60.5,67,84.8,143,46,110.5,100.5,91,68,70,79,29,57.8,54,13,16,60.6,52.4,20,61.8,63,67,46.4,72,58.8,76,28,47.7,70.6,103,73.4,67,91,79,134,37.9,77,57.2,86,55,99.1,66,74.7,57.6,88.2,68,31,60.2,94,69.9,63,94,99.8,85.9,78,54,64.7,92,103,79,49,76.3,73.3,65,93.6,135,100.1,52,71.2,51,55,78.1,107,64.1,67,92,73.5,83.9,93.2,109.5,121,170,99.4,82,105.3,95.1,90,51,78,46,83,67,40,66,58.9,95.2,50.7,91.6,108.6,95.8,92.2,120,84.2,82.5,73.1,110.8,69.5,76.7,78.1,58,44.6,53.8,46,64.6,62.7,66,64.4,75.7,82.3,105,85.8,81,74,101.9,53.1,64.2,41.4,55.9,34.8,68.3,69.2,83.8,90.1,93.6,86.2,53.9,68.5,104,60.6,103,100.6,99.1,76.3,103.9,111.3,109.9,117.7,132.8,112,101.6,80,70.6,86,64,80.1,88.2,86.1,62.2,97,138,79.6,70,63.6,41,29,44,33,37,34,30,38.9,32,61,56,52,42,47,88,69,52,58.8
1950-12-01,0,11,37.9,30.4,122,142.1,71.1,72,107,53.1,90.9,40,168,15,34,69,76,61,121,23,43,64,88,152,43,131,69,39,71.6,107.1,31,99,136.7,57,18,84,61,78,115,71,91,54,77,53,57.5,58,59.6,86.7,83,45,98,67,98,93.7,49.2,62,53,45,122,74,114,27,74,107,45.5,117,28,108,24,38.5,51.4,8,38.4,31,30.5,75.2,54.3,73.2,66.7,72.3,78,59.5,73.6,61.3,74.6,66.1,75.5,59.8,84.7,74.6,62.5,86.2,85.2,70.3,47.8,43.7,39.3,37.3,36.8,31.3,34.5,38.1,41.8,28.8,27,31.4,30,84.3,81.4,107.9,61.1,74.2,79.7,82.2,76.1,69.1,78.9,79.5,65.6,94.8,73,80,61.2,89.1,62,59.5,51.4,55.6,52.6,61.2,46,34,36.4,69.8,54.6,48.2,46.6,40.3,54.4,72.4,152,59.5,49.3,40.4,35.3,59.8,43.5,73.2,58.5,72.1,86.2,33.9,63.5,66.4,76.5,131,56.7,15.4,7.7,43,40.4,63.3,69.9,69.8,49,56,27,51.7,29,56,65,59.7,43.4,71.7,42,10,65.3,14,56,45.2,66.2,34,39.7,76.9,34.9,62.3,54.5,68,52.9,61.3,51.2,44.2,44.4,63.1,114,50.4,95.2,28,41,42,14,11,61.2,63,25,83,61.9,50,64,75.2,133,63,46.5,61,63.6,57,62,47.8,60.9,190,75.3,51,44,70,65,61.6,54,41.3,30,82,65,32,69.1,41.7,74.6,79,64,39.7,15,52.5,44,46,60.7,51.1,62.8,49,32.7,21,89,26,76,52,56.7,123,92.2,77,95.6,22,49.9,62,60,36.7,88,50.9,15,66.8,45.7,57.1,54.3,59.4,82,70,70.6,3,70.4,52.9,1,30,5,48,18,6,5,33,52.3,69.1,65.4,54.1,102.8,63.7,75.7,111,95.9,58.4,76.9,76.3,55.4,64.7,79.2,62,61.3,52.1,56.1,49,56.2,69.9,69.1,63.6,67,73.1,80.4,70.4,85.6,84.2,53.1,63.6,52.4,63.7,47,76.3,60.9,59.5,59.5,59.6,64.4,52.5,52.2,82.8,58.4,85.3,80.5,83.8,63.5,79.9,80.5,85.1,71.6,93.1,83.2,69.7,56.4,50.6,57.2,48.5,62.8,56.6,60.1,41.9,71.7,34,44.8,11,8.6,50.8,62,21,53,14,20,42,34.4,50,26,32,13,19,4,87,16,23,54.2
1951-01-01,18,51,65.4,48.4,176,50,109.2,136,75,67.9,124.7,93,165,91,67,86,107.1,47,42,61,103,113,45,112,23,84,57,38,69.9,157.3,64,128,113.2,110,57,76,206,131.3,102,149,74,84,131,137,78.2,39,102.3,116.9,123,164,138,126,10,116,79.1,171,97.5,43,159,32,44,43,147,174,58.4,132,37,51,50,76.3,77.7,64,34.3,72,33.7,75.1,65.2,85.8,82.2,63.2,74.3,59.5,68.4,69.6,74.1,81.1,73.9,74.4,92.8,81.6,72.2,95,74.2,68.9,41.9,44.1,35.4,33.9,37.4,29.7,35.9,48.7,37.4,29.7,29.6,30,40.1,82.3,101.7,97.1,81.1,94,87,104.1,95.9,81.5,79.6,88,77.3,99,108.7,72.2,77.6,83.1,65.7,65.6,62.1,52.8,48.3,50.4,68,40.8,42.6,75.1,61.1,58.7,50.7,66.2,64.7,64.7,93,57.1,64.8,36.8,38.1,70.4,41.8,89.9,60,75.4,92.2,38.6,62.9,65.6,71.9,99,59.8,24.1,7.6,49.1,47.4,62.8,124.7,82,89.5,79,129,96.3,110,79,44,129,69.6,118.2,73,156,97.4,53,79,89.5,99.6,47,86.8,134,59,67,100.9,83,104,95.8,83.1,90.5,85.5,138.1,76,109,131.6,105,112.2,114.2,69,57,105.8,172,45,177,109.4,96.7,71,115.3,137,107.5,91.8,214,101.1,202,47,62.9,110.4,97,108.1,66,111,184,170,86.4,152,67.4,136,53,120.9,132,87.8,85.1,122.8,43,82,64.6,63,108.3,45,86,92,100.1,104.4,61,70.9,78,153,124,114,75.2,81.5,77,110.8,101,111.9,71,97.2,79,105,80.6,83,85.2,165,106,72.6,101.2,86.7,109.7,140,85,102.7,98,108.8,103.3,201,80,147,61,75,42,115,133,113.3,103.3,91.4,83.8,142.8,92.2,96.5,93,120.3,87.2,124.5,123.7,84.2,93.5,98.2,112.9,62.5,86.7,88.7,76.4,80.3,96.9,102.8,94.6,94.1,109.5,105.3,103.6,102.4,113.4,88.4,106,93.9,98.4,64.5,134.7,79.5,97.3,82.9,100.5,91.1,86.5,87.9,111.2,87.3,112,110.9,114.9,88,117.2,134,122.4,131,125.3,123.8,113.1,111.6,104.7,106.4,91.9,114.7,119.2,93,81.3,102.3,47,90.8,33,120.4,124.3,171,77,178,150,214,182,110.5,96,123,99,78,108,95,86,49,116,110.5
1951-02-01,16,91,52.6,35.6,47,61.1,69.8,68,64,49.1,74,60,28,68,120,37,66.1,45,107,106,62,53,93,60,33,74,36,32,59,74.7,40,79.8,97.4,47,98,57,140,66.7,40,84,102,68,47,58,57.9,134,62.3,64.5,105,24,80,101,115,86,56.5,34,60.6,32,67,176,50,35,39,14,36.5,75,90,71,146,86.5,65.9,91,38.9,121,28.7,67,57.8,65.8,63.1,61.8,59.6,51.9,64.8,57.2,67.1,56.3,62.5,65.8,71.2,69,59.3,71.6,75.7,65,43,39.4,34.9,37.3,28.5,35,34.9,40.6,42.9,31.4,23.8,28.1,33.4,80,74.9,97.3,66.5,81.8,86.5,81,69,65.6,72.9,75.7,71,95,63.6,79.4,47.3,80.5,53.8,59.6,53.7,46.8,46,48.4,44.9,32.1,39.5,66.5,57.5,45.4,44.7,44.9,49.2,58.9,119,52.7,57.4,38.2,31.1,54.1,34.4,82.5,57.3,77.4,77.2,33.1,55.8,62,67,203,53.9,15.8,8.2,41.9,40.6,58.8,112.4,112,138.5,69,146,86.3,79,68,28,61,66,95.3,155,79,81.5,154,69,76.9,83.2,88,67.9,84.3,71,76,100.2,89,94.9,100,72.8,67,86.8,131.5,121,99.7,97.9,86,79.5,82.4,84,37,65.1,93,63,68,73.8,71.7,65,88.5,105,80.4,74.8,78,78.4,65,46,53.3,89.7,118,89.7,37,122,134,129,91.3,148,63.3,142,64,106.5,137,80.7,68.1,94.2,39,107,55,55,73.3,68,74,84.5,76,79.7,22,60.8,37,61,71,47,63.3,74,137,82.7,22,105.7,91,69.4,66,42,63.4,130,70.3,44,83.9,61.2,70.6,76.2,96.1,116,89,102,72,93,94.2,121,143,117,60,56,76,91,69,78.3,87.9,72,73.7,81.8,92.4,77.1,45,90.4,74.7,91.2,106.6,65.7,69.7,80.9,72.9,52.7,63.2,68.9,60.1,70.3,79.4,83.4,69.2,80.1,90.9,88.1,73.7,85,96,71.7,69.9,49.5,76.2,45,95.7,68.9,82.2,72.8,80.7,77.7,62.7,84.4,96.5,74.2,95.2,97.7,98.6,75.7,104.1,111.5,108,114.3,117.6,109.6,111.8,104.7,94.2,100.3,79.9,93.3,91.8,89.3,72.2,79.4,88,77.4,48,46.6,61.3,36,38,38,40,49,47,51.2,55,81,56,74,46,58,108,47,49,64.8
1951-03-01,28,23,47.4,32.7,102,56.4,58,71,38,63.5,75.3,91,133,92,142,18,87.3,76,108,109,101,113,103,86,71,48,44,97,68.2,101.2,121,89.9,81.9,122,57,71,88,93.9,104,82,93,63,96,86,52.8,26,68.2,83.7,35,95,145,153,45,84.4,60.6,117,71.5,113,113,85,106,67,73,75,48.1,188,110,14,76,54.9,58.8,64,47.3,49,38.1,82.8,60.6,84.5,70.3,73.9,77.2,64,71.2,73.8,83.5,84.4,77.6,72.5,84.7,81.4,77,96,93.7,77.8,53.3,43.6,40.4,43.4,44,47.7,39.6,45.9,54.2,31.8,34.4,31.9,36.4,99,97.4,115,70.4,99.6,93.5,105.8,86.5,78.2,85,89.9,76.8,96.2,97.6,85.3,65.6,86.2,75.7,64.4,58,53.4,59.8,59.9,48.9,32.6,41.3,65.7,61.5,47.8,45.8,53.8,63.4,82.6,151,63.3,52.9,50,40.8,73,47.6,81.1,65.6,78.7,90.9,39.8,65,66.6,83.8,17,63,15.1,7.3,46.4,40.4,66.9,61.5,99,62,23,92,55.2,85,23,17,78,37.2,72,52,33,57.9,80,23,47.7,63.1,80,36.1,65.3,107,61,52.1,68,66.1,63.5,55.7,49.1,58.5,63.7,36,55.2,66.8,51,55.9,50.5,28,32,65.9,63,85,36,62.8,57.2,38,68.2,62,55,42.5,59,52.3,46,76,45.4,52.2,117,75.4,68,42,81,128,59.1,43,42.7,71,3,71,26,59.5,39.9,66.8,20,26,36,42,44.9,55,60,56.3,47.7,65.5,112,27.6,19,55,78,51,56.6,60.8,6,58.1,14,98.6,86,47.4,45,0,38.2,68,46.9,38,56.8,45,40.5,47.3,50.8,65,68,62,13,65.2,52,61,49,44,51,73,36,76,42,49.4,62.4,55.2,44.6,71.2,60.2,56.5,57,67.3,50.5,50.7,65.6,52.7,59.1,58.2,50.2,35.4,44.7,47.8,33.9,49.1,57.5,73.2,60.5,55.6,74.4,62.2,60.3,68,56,45.9,52.7,45.1,50.5,39.8,60.5,52.8,56.2,56.4,60.3,67,48.4,58.4,67.2,57.1,59.1,69.6,58.3,55.6,81,80.8,87.1,77.8,88.8,78.2,73.3,53.5,55.5,57.7,54,53.8,66.6,58.1,42,68.9,80,36.8,45,37,29.1,40,36,34,13,36,30,27.5,17,48,31,38,19,22,13,15,23,30.6
1951-04-01,11,22,18.8,14.2,48,33.8,22.4,82,24,42.6,38.7,66,55,61,82,41,49,45,67,75,39,31,33,49,36,44,36,38,50.6,62.3,95,49.9,39.9,40,16,72,59,55.2,66,7,32,55,50,97,22.7,45,30.9,36.9,41,63,20,24,76,42.1,30.6,98,32.2,24,27,39,39,30,65,107,26.5,9,33,42,17,15.1,33.1,10,21.4,30,21.6,67,36.3,62.2,72.2,56,47.1,47.3,46.9,53.3,49.1,52.2,63,51,77.6,66.4,59.2,59.2,75,45.3,26.5,33.2,19.7,31.2,27.1,30,21.2,49.1,31.6,19.2,21.2,21.7,19.1,73.6,68.3,75.9,49.5,92.9,97.6,59.9,62.8,59.4,60.5,62.5,64.4,70.5,68.9,66.2,41,52,58.4,40.3,39.1,47,30.2,57.5,32.5,22,32,52.1,59,35.1,30.1,24.2,32.3,50.4,117,35.4,36,32.5,29.2,53.8,29.2,60.8,49.5,64.5,98.2,28,68.1,41.9,59.7,55,37.9,13.8,8.5,29.3,25.6,51.4,29.5,30,4.5,32,29,12.6,25,32,16,16,28.1,14.4,7,89,13.9,0,32,13.2,18.3,8,17.2,30.6,14,13,18.8,6,13.6,19.5,18.9,13.2,11.2,21.6,47,11.2,26.2,10,15.3,9.8,0,0,26.1,6,41,17,24.8,20.6,18,38.4,55,35,24.3,32,25.3,32,1,21.2,14.4,20,29.5,0,23,38,84,25.5,27,25,33,7,49.1,21,33.2,22.7,36.9,5,26,12.4,0,15.3,5,17,23.1,22.1,23.6,65,20,35,19,47,13,15.3,23.6,0,25.1,26,49.3,0,21.9,25,13,20.1,3,17.8,50,16,14.1,17.3,16.6,18.1,9,6,21.7,31,21.4,13,7,2,23,3,3,1,1,13,17.1,18.2,23,9.9,28.5,14,14.8,8,24,12.4,17.9,20.4,18.4,24.4,24.9,27.1,15.7,18.6,36,21.1,18.4,18.6,28.5,19,16.7,19.7,19.4,16,24.8,31.4,28.3,27.1,16.7,24.8,19.7,28.8,16.9,15.6,14.6,17.9,15.9,21.5,22.4,14.6,28.8,18.8,27.9,24.1,17.1,35.2,32.5,34.6,38.2,38,33.4,26.4,23.5,23.5,22,18.1,21.5,29.6,25.2,19.2,19.6,8,13.6,14,13.3,15.5,2,4,2,4,0,2,13.4,2,3,8,16,9,3,8,26,12,17.9
1951-05-01,0,0,2.4,3.5,8,1.6,11.5,4,0,4.5,22.3,3,0,0,10,6,15.5,3,7,11,9,0,0,10,5,0,3,6,5.4,15.1,0,19.4,20.5,0,7,8,3,17.8,21,220,0,0,5,3,9.1,0,9.4,20.4,2,0,0,2,0,14.1,15.2,26,11.5,0,63,0,0,0,0,3,3,74,0,0,17,18.6,32.9,0,2.3,4,10,15.6,12.9,21.1,11.7,16.6,9.8,16.3,13,18.9,10.9,8.3,17,21.6,12.9,12.3,13.2,15.8,13.9,6.4,8.1,16.7,13.5,6.3,12.4,8.2,8.8,14.4,7.6,8.5,6,6.9,8.3,12.7,20.6,14.9,10.7,26.5,23.7,11.9,13.7,13.4,10,11.4,26.2,12.8,17.6,20.2,7.7,20.2,15.7,9.2,10.1,14.1,10.6,39.4,23.4,7,7.5,11,14.8,8.5,29.2,22.3,13.9,7.7,27,4.7,39.2,7.4,7.9,7,9.7,12.5,9.9,16.7,30.4,9,7.1,12.7,7.9,8.9,8.7,19.1,11.1,10.4,7,16.2,11.9,9.9,16,18,7,17.4,5,18,4,3,6.1,27.2,46,17,11.5,57,18,8.6,10.9,2,12.3,11.1,5,7,19.8,22,22.7,16.1,8.7,3.7,17.8,17.3,136,19.1,24.1,15,33.7,38.1,15,2,8.8,0,0,0,6.8,6.2,0,7.5,0,5.4,3.1,0,11.8,0,0,3.1,6.2,0,10.2,0,10,4,26,16.8,4,5.4,0,0,17.9,13,4.5,6,17.1,0,7,9.8,10,6.3,0,6,9.1,10.9,11.2,5,2.4,8,7,8,0,8.8,8,0,10.8,8,8.9,0,11,9,10,7.9,0,13.6,0,17.4,7.4,11.2,10.1,10.3,5,23,24.4,13,25.4,23.5,32,8,25,30,3,15,28,29,42.4,23.9,13.6,19.4,47,18.3,23.4,0,26.6,16.6,21,37.3,4.4,7.8,16.7,14.1,24.8,22.5,15.7,17.5,15.8,14.9,13.1,17.1,20.9,19.1,20.6,17.5,21,20.3,19.8,11,19.9,20.9,18.5,9.8,33.7,18.6,14.4,22.2,17.2,17.5,32.2,24.4,20.1,26.4,25.2,38.1,21,17.4,21.1,20.5,11.1,13.7,15,13.6,15.1,9.5,11.7,8,11.8,20.9,12.3,7.5,18,2,11.9,64,76.2,61.9,15,18,18,47,20,21,54.4,76,74,40,70,32,29,66,44,49,62.3
1951-06-01,0,0,0.5,1.9,10,8.1,10.5,5,0,3.5,17.1,0,14,0,0,4,11.2,2,18,0,0,18,0,5,4,0,3,12,6.8,15.7,0,12.8,15.5,2,0,0,23,14.9,0,0,0,0,6,10,1.9,5,2.1,4.2,0,42,27,13,0,9.3,12.2,20,3.3,11,17,0,4,6,15,53,2.2,0,0,0,0,4.6,21.2,14,1.4,0,11.7,14.8,16.3,20.1,12.8,13.5,9.1,13.2,12.8,13.9,15.4,8.7,12.2,12.2,14.3,12.6,13.7,14.6,13,7.2,6.2,15,10.2,9.2,12.1,8.7,7.1,22.4,10.5,9.6,3.5,7.3,12.5,19.8,19.3,17.3,7.5,26.2,19.9,14.3,14.3,12.8,11.5,12.3,19.6,9.5,14.3,18.1,8,26.9,7.4,6.2,5.5,12.7,16,24.9,12.6,5.3,8.2,11.6,12.1,10.4,18.1,15.6,12.2,12.3,9.6,5.4,34.1,6.2,11.5,6.5,8.1,9.5,8.4,22.1,26.6,10.9,8.6,18,10,12.3,11.9,20,13.5,9.5,7.8,15.9,5.3,6.4,3,0,2,2.7,0,0,0,0,9.3,5.9,5,23,6,0,0,2.7,3.6,0,6.2,3.2,0,0,9.3,7,14.1,3.4,6.4,4.7,6.3,12.4,16,4.5,10.1,5,7.7,6.2,0,5,2,0,0,0,2.6,3,0,1.3,0,4.3,0.9,0,3.8,0,0,1.5,5.3,0,4.6,0,1,0,3,9.7,0,1,0,0,4.5,0,2.3,6.6,8.9,0,0,3.2,0,2.6,0,0,0.6,5.8,6.8,25,2.3,0,0,0,0,1,4.4,0,10,0,5.2,0,5.3,7,0,4.1,3,3.4,0,1,3.1,8.1,2.1,7.6,5,7,6.2,0,4.8,5.2,14,0,4,6,3,2,15,5,13,12.1,6.8,7.2,14.2,10.8,9.4,0,13.5,9.2,10.2,13,2.2,4.8,6.3,9.5,5.1,10.3,6.3,12.4,8.8,11.1,9.4,5.5,9.6,9.9,11,9.7,12.1,15.1,8.7,7.5,15.3,8.4,8.5,8.6,14.2,8.7,7.4,10.8,8.4,10.5,8.1,10.8,10.1,13.7,12.4,18.7,14.2,17.7,20.8,10.2,6.1,12.9,12.1,6.4,12.7,13,9.5,6.9,12,11.5,7.3,10.2,4.8,0,5.4,19,8.8,9.1,9,8,7,6,5,9,5.8,5,10,4,18,4,13,13,7,25,17.6
1951-07-01,0,0,0.4,3.6,0,0.4,7,0,0,0.8,13.3,0,0,0,0,0,3.7,0,0,0,0,0,0,0,0,0,0,0,8.9,6.6,0,7,4.1,0,0,0,0,5.7,0,0,0,0,0,0,4.7,0,1,7.9,0,0,0,0,0,7.3,16.1,0,2.8,0,0,0,0,0,0,0,4.6,0,0,0,12,6.4,22,2,1.6,0,14.9,16.8,16.3,22.8,13.3,23.5,6.8,14.6,8.5,17,26.6,11.6,11.6,14.3,15.7,11.5,15.5,16.4,13.1,4.9,7.4,14.7,12.1,8.7,9.4,8.2,8.4,23.5,7.2,11.1,5.5,7.1,12.2,20,18.7,21.4,11.3,27.3,17,13.3,13.3,13.9,8.4,11.9,22.8,11.1,16.2,16,5.2,24.6,9.1,6.4,6.9,11.6,16.8,34.8,16.1,5.8,7.3,11.8,13.2,9.5,20.4,16.2,10.6,15.3,9.3,6.7,32.6,8.1,8.3,6.2,12.9,8.7,13.7,16.1,30.5,10.5,9.2,20.1,8.7,16.2,9.5,20.2,13.9,9,7.8,17.1,4,7.1,0,10,0,4.6,0,10,0,0,12.6,9.3,0,4,6.7,0,10,7.4,3.2,0,7.8,3.8,0,0,13.4,0,14.3,9.3,5.8,3,9.1,11.7,15,5.6,10.5,16,8,12.8,12.5,0,2.8,0,0,0,3.2,4.3,0,4.7,0,5.2,2.7,0,2.6,0,0,2.7,3.7,0,7.8,0,0,0,0,7.8,0,1.4,0,0,6.7,0,0.8,5.5,12.1,0,0,3.4,0,2.3,0,0,0.8,3.2,5.3,16,0,0,0,0,0,2.4,4.5,10,5.4,0,4.9,0,5.9,0,0,3.3,0,5,0,1.1,6.2,8,3.3,13.3,0,0,11.2,0,4.3,5,0,6,18,1,14,0,19,23,14.6,12.7,7.7,10.1,11.7,13.1,13.7,0,11.7,11.4,13.9,12.6,3.9,4.7,7.3,13.1,6.1,12.7,9.6,13.1,11.6,15.2,14.2,6.2,16.5,10.7,10.8,11.6,15,14.5,14.9,8.7,12.7,7.6,9.8,9.1,14.7,10.1,9.2,15.4,9.9,11.7,8.1,8.8,13.2,10.5,15.1,17,15,18.7,18.5,11.1,8.9,12.6,13.1,6,15.8,13.1,8.6,7,11.8,12.7,9.8,8.5,4.6,0,6.6,23,20.9,16.1,19,8,23,21,19,19,11.2,18,17,16,10,10,22,9,18,19,15.2
1951-08-01,0,0,4.7,3.5,17,0,12.4,2,6,3.6,14.7,5,0,0,33,5,11.7,0,20,22,7,7,0,11,0,0,0,5,7.4,13.2,50,14.8,18.1,0,14,13,19,8.9,0,0,0,0,0,1,5.6,22,3.3,13.9,5,23,16,14,25,18.7,9.2,3,5.8,0,12,21,15,0,4,14,4.3,0,0,0,0,5.4,17.6,0,8.6,18,14.5,19.1,17.6,18.6,20,14.9,14.5,21.1,20.8,15.8,18.7,12.1,18.4,13.9,21.2,12.8,18.7,17.7,15.8,13,8.3,19,14.8,9.2,12.3,11,11.7,22,13.3,12,7.2,8.6,12.6,27.7,17.8,22.6,14.2,25.9,34.4,21.9,14.6,18.9,21.1,16.8,24.7,14.8,17.8,25.1,8.5,30.6,14.2,11.6,12.7,12.8,18.2,36,21,4.2,11.9,11.8,15.9,9.8,21,12.1,11.4,13.3,35,6.6,32.2,11.5,8.4,13,15.7,16.9,12.8,20,32.9,12.1,13,15.2,13.3,30,11.2,14.7,9.5,12.5,9.7,14.3,9.6,12,0,0,25,6.3,17,0,23,11,19.6,10.2,3,0,9.9,14,0,7.2,11.2,14,7.9,13.1,15,11,15.9,9,7.5,6.5,6.4,4.4,12.4,9.2,0,3.2,18.8,10.1,1.9,5.3,0,0,5.8,3,15,0,2.9,7,4,8.9,15,10.9,3.4,14,11.9,11,12,7.7,6.5,8,5,18,0,36,9,16.2,0,5.8,10,18,10.3,2,6.8,10.8,13.4,25,0,4.3,3,5.1,24,0,8.4,9.2,9.6,0,0,0,6,0,0,6.3,5.8,0,11,0,6.3,4,6.3,0,0,3.1,43,6.9,15,9,4.1,8.1,7.9,9.2,17,9,13.5,0,11.9,6.6,0,0,0,0,0,0,0,0,10.8,15.6,8,11.5,21.4,7.1,19.5,22,18.7,11.7,11.8,16.5,8.8,8.3,15.6,12.6,7.8,15.2,8.1,14.4,11.9,12.7,12.8,8.6,11,11.1,12.8,16.9,16.7,22.7,12.2,6.7,12.2,13,9.9,12.2,13.8,8.7,10.1,13.3,11.3,13,8.4,11.9,10.4,14.3,18.9,21.8,17.7,16.9,17.5,17.3,13.8,16.9,19.7,8.9,17.5,11.6,9.5,11.4,11.7,14.6,8.5,8.7,16,14,6.9,6,0,4.6,0,0,0,0,0,0,5,0,0,0,0,0,0,0,0,9,8
1951-09-01,0,0,0.3,2,3,0,9.5,1,0,1.4,18.6,0,0,0,0,0,3.3,0,15,0,0,4,0,3,0,0,0,0,5.8,8.2,0,7.8,5.4,0,0,0,0,3.8,8,0,0,0,0,7,2.5,0,1.4,5.9,0,10,3,0,0,11.6,11.1,6,1.7,0,0,0,5,0,14,20,1.4,0,0,0,6,4.5,22.2,9,0.7,0,10.8,16.3,17.3,21,14.2,15.5,8.2,14.8,7.9,19.3,18.8,6.8,12.8,13.7,14.5,10.2,13.7,12.3,11.4,5.6,6.4,17.7,11.3,6.9,11.4,8.2,7.4,23.1,8.4,11.1,5.2,8.3,12.6,18.8,21.3,17.1,8.6,27.4,15,11.6,11.6,16.7,11.1,14.3,24.6,9.3,15.7,16.5,7.7,27.4,7.4,6.5,9.4,11.5,13.6,31,14.7,6.7,6.3,11.3,9.8,9.7,20.5,12,10.6,15.6,8.4,7,33.5,3.1,7.4,7.1,9.6,8.4,10.1,16.4,23.8,10.3,8.5,20.5,8.2,14.3,10.1,20.4,14.2,8.9,7.4,14.6,2.7,2.4,0,0,0,5.5,0,0,0,0,11.3,8.1,0,0,5.6,0,0,2.9,1.6,0,6,6.5,0,0,9.5,3,15,4.8,6.1,4.1,10.2,13.4,24,7.1,9.9,10.2,2.6,8.7,0,0,4.1,0,0,0,3.5,5.5,0,1.3,0,1.2,2.5,0,6.4,0,2,1.9,2.6,3,0,0,0,0,0,10.2,0,0.8,0,0,3.6,0,2.5,5.4,8.7,0,0,5.3,3,1.4,0,3,0.6,4.7,5.3,25,0,0,0,0,0,1.2,3,26,6.2,0,1.5,0,2.7,0,0,2.1,0,4.2,0,1.4,3.8,6,4.6,7.4,4,3,9.4,0,4.5,5.2,0,0,0,0,0,0,0,0,12.6,14.8,6.4,7.6,16.8,11.9,14.8,0,14.6,12.7,12.2,14.3,5.6,3.3,8.3,8.2,4.8,11.4,9.7,13.2,10.9,12.7,12.6,6.5,13,9.7,11.8,12.7,12.2,15.1,10.6,7.1,12.9,7.5,9.8,9.9,15.6,10.5,10,15.5,9.4,14.4,8,9.9,11.8,14.1,15.7,16.7,14.1,15.5,23.1,10.7,5.9,13.9,11.9,7,10.9,14.2,8,6.6,11.1,11.8,6.4,8,4.4,0,7.7,1,3.5,7.9,0,0,0,3,0,0,8.9,9,8,0,0,7,4,19,1,0,10.2
1951-10-01,36,13,11.2,8,31,2.5,19.4,43,6,10.7,35.4,7,59,0,23,6,28.1,7,47,12,5,116,47,53,4,7,7,6,23.1,45.4,0,40.5,38.4,3,17,9,54,38.5,66,6,20,0,3,22,15.4,10,15,29.7,16,53,61,103,19,29.9,22.4,76,18.6,3,50,16,18,0,47,136,12.2,0,7,2,52,25.8,37.2,21,9.8,11,12.8,30.3,19.4,20.9,19.7,21.2,22.8,22.3,20.5,26.4,27.3,20.9,24.6,20,27.8,23.4,22.4,35.3,29.3,20.3,14.3,20.3,17.7,12.3,14.6,12.1,14.2,25.3,17.9,13,8.6,9.5,15.6,26.2,21.6,28.5,18.7,46.8,42.2,29.6,23.9,23.6,25.1,23.8,28.5,28.9,27.4,35.3,20.9,28,24.6,18.4,14.5,13.2,18.7,32.4,25.6,10.9,21,18.3,21.1,12.6,18.8,19.2,19.6,17.8,34,13.6,29.2,14.6,14.3,18.7,13.3,30.2,20,27.8,50.6,11.4,23.6,16.4,19.8,7,14.2,12.2,5.9,15.1,12.8,17.4,31.3,42.5,53,2,10,24.2,5,2,9,6,27.2,28.1,86,15,25.9,54,2,18.8,27.1,33,19.8,26.9,31,19,26,21,30.9,28.4,17.9,18.7,22.6,28.7,16,33,41.1,8,26.5,26.6,1.5,4,18.5,9,10,0,21.1,15.8,5,20,17,20.5,11.1,28,21.8,21,11,14.4,13,9,39,38,4,24,70,15.5,19,15.8,35,0,33.9,43,25.4,19.3,35.5,3,0,12.1,28,24.1,21,19,27.1,23.3,26.9,101,14,0,23,10,24,11.6,20.8,104,23.2,38,21.6,56,25.2,56,16,20.9,48,22.4,28,28.1,21.7,17.2,15.9,20.8,45,31,31.8,10,33.6,34.4,23,14,25,66,6,5,22,7,19.9,31.2,13.3,22.1,45.6,20.9,28,76,36.1,25.7,22.2,42.7,21.6,23.6,27.4,25.9,20.4,25.7,18.8,24.9,20.8,23.9,21.6,25.8,26.7,27.5,30.2,24.3,27,28,21.9,21.3,19.6,22.1,17.9,23.1,25.1,21.8,25.7,24.6,26.2,26.2,23.9,27.3,21.8,27.6,32.1,32.9,21.8,36.3,40.7,38.8,25.2,33.5,40.2,28.9,22.5,19.9,22.2,18.1,24.5,27.9,21.5,16.8,24.3,33,17.4,12,11.4,18.1,21,20,19,6,14,24,20.1,22,22,13,9,9,18,23,17,10,18.9
1951-11-01,0,46,33.5,29.3,84,43,103.3,82,60,33.3,87,15,60,10,44,16,72,18,132,17,31,17,42,116,11,51,23,11,36.1,95.3,22,89.3,121.4,11,25,12,82,73.7,68,25,110,15,74,24,61.9,25,49.6,85.7,81,241,65,52,12,85.2,40.4,85,47,30,177,79,30,20,25,45,21.7,71,7,24,114,90,55.8,54,12.3,12,29.6,46.5,31.4,39.9,43,44.7,46.6,31.8,49.3,52.6,43.7,43,32.3,43.6,42.3,39.9,35.5,44,46.5,34.8,26.1,41.9,26.3,27.1,20.4,20.6,26,29.5,25.7,29.6,17.5,18,29.6,42,48.1,55.5,34.4,50.8,56.6,52.4,46.5,48.7,36.1,47.6,41.9,48.4,44.5,64.5,31.9,54.2,33.2,39.9,33.4,31.6,26.9,40.7,45.2,24.3,31.6,41.4,36.6,36.5,33.9,35.4,35.7,37.2,35,43.4,43.4,30.6,19.7,32.2,18.1,42.9,31.7,47,61.4,23,32.6,39.8,34.4,32.9,32.8,28,9.8,22.4,21.2,48.4,113.3,72,25,38,99,115.9,128,38,138,91,76.4,109.7,245,57,108.1,196,38,98,122.1,152,78.2,86.9,82,78,106.3,97,113.8,101.3,72.7,63.5,90.4,141.3,84,117.8,158.5,63,98,102.1,46,3,68.7,53,43,62,73.6,58.1,28,83.5,38,90.4,75.5,49,88.8,94,75,47.8,92.8,156,44,84,105,295,92,69.3,59,53.8,148,157,101.2,96,64.5,85.2,106.2,168,46,55.5,91,78.7,80,91,96.8,100,98.3,118,96,62,77,66,29,78.7,73,349,148.7,120,121.9,82,73.8,54,37,74.1,122,75.8,113,131.7,77.9,103.9,112.2,111.8,81,88,112.6,115,129.6,118.1,93,50,118,122,61,68,92,171,104.3,113.4,76.5,101,157.2,99.7,122.3,159,157.5,89.9,130.2,147.5,96.5,99.5,128.6,83.3,70.7,73.7,61.9,75.1,85.9,88.5,95.7,109.6,104.3,105.2,116.8,105.3,103,135.2,78.1,82,95.7,79.3,52,110.5,83.7,90.3,91.6,96.8,90.9,64.7,86,125.4,66.1,122.7,121.1,132.2,96.4,115.7,114.6,111.1,110.9,129.5,106.7,93.8,88.3,78.1,83.8,67.3,85.2,90.5,90.6,68.3,111.9,152,86.4,34,46.8,85.1,116,116,108,56,89,80,75.9,46,65,49,56,50,46,63,37,54,74.6
1951-12-01,49,114,99.2,85.5,94,120.1,115.2,106,228,107.4,81,68,54,84,143,72,93.6,76,36,132,69,208,200,67,137,89,108,61,106.5,105.2,35,105.9,79.6,78,93,63,90,119.5,41,59,87,132,127,162,80,226,100.8,87.2,150,224,179,185,82,93.1,109.2,136,91.4,164,164,138,136,98,144,172,88.5,82,111,96,152,108.5,104.2,182,52.8,18,80,118,92.6,111.5,112.8,86.9,105,98.9,99.4,128.4,107.3,114,105.1,96.3,110.8,108.5,95,131.9,91.1,105.7,79.4,89.3,43.4,92.2,55.7,67.1,84.7,71.3,59.6,52.9,53.1,65.2,66.1,135.8,151.4,123.1,116.2,119.4,113.6,133.9,121.4,125.7,128.4,123.1,130.7,134.6,149.1,122.3,117.5,120.7,82.7,109.8,71.7,96.5,112.7,99.8,96.7,62.6,84.6,112.4,91.8,107.2,98.1,74.1,71.4,95.3,75,87.7,129.2,76.4,70.4,122.4,71.6,136.8,93,119,108.5,62.5,102.2,99.5,107.9,100,103.3,24.8,13.4,76.7,69.9,111.8,193.2,190,127,160,108,104.6,49,160,145,150,88.2,117,149,153,101.5,108,160,119.9,100.4,92,111.9,143.9,223,190,124,188,114,112.5,130.9,110.3,98,116.9,93,120,86.8,118,105,110.7,106,26,126.3,90,84,175,132.7,103.1,124,128.2,161,135.7,122,183,106.7,149,80,93.9,126.4,178,67,142,170,88,200,100.1,190,107,165,94,158.7,179,137.6,119.4,183.2,174,138,102.1,116,137.1,208,116,136.3,95.4,147.7,100,35,122,215,71,182,128.1,136.2,82,109.8,167,198.3,205,142.5,201,290,107.3,12,130.7,128,102.6,97.3,128.2,116.7,132,137,189,128.6,129,123.7,97.8,75,77,97,94,159,68,80,93,99.6,117.7,113.8,99.1,99.3,98.7,103.9,93,101.2,126.6,130.3,110.4,129.9,121,111.6,129.5,75.9,111.7,90.8,94.6,96,122.6,125.3,114.1,100.5,135.5,106.6,115.3,118.2,100.2,110.3,145.8,132.7,109.7,73.1,173.3,77.5,131.1,134.7,120.8,132,91.6,98.5,113.4,133.4,104.3,118.4,80.6,83.7,176.3,208.4,194.6,179.5,196.6,202.1,179.3,153.2,155.5,141.8,126.7,167.9,152.4,143.1,117.3,111.3,92,115.5,120,51.3,97.3,76,81,85,124,115,140,96.1,89,133,105,112,87,94,88,92,68,93.1
1952-01-01,189,128,70.8,58.6,114,45.9,91.7,101,58,76,110.2,90,49,43,190,90,99.7,65,193,106,96,91,107,84,48,84,70,68,80.2,94.4,38,98.3,100.7,66,46,117,107,91.1,25,63,69,78,90,88,62.9,107,70.8,85.8,80,40,64,87,68,90.7,66,66,79.1,83,105,79,148,104,129,86,58.4,125,45,48,40,62.2,96.9,37,54.5,81,55.8,79,80.6,94.8,76,62.4,77.9,73.6,76.7,82.4,85.2,85.7,80.7,79.9,89,83.4,83,99.7,90.6,88.3,56.5,52.1,40,72.9,45.7,54.1,55.7,55.4,50.3,39.1,45.8,46.5,47.5,95.7,100.8,104.3,90.5,107.7,104.9,104.1,94.2,94,84.2,88.9,95.1,113.6,92.7,100.4,75.8,90.9,63.3,82.5,67.6,65.4,76.4,65.5,64.2,54.9,54.9,98.6,70,74.8,66.9,65.5,63.4,74.6,100,74.7,81,57.5,52,90.1,52.1,98.5,79.3,82.7,81,51,83.7,73.6,91.9,143,74.2,18.1,11.2,71.9,60.6,59,147.1,117.5,57,25,125,66.5,190,25,114,128,74.1,79.1,26,28,96,91,25,77.1,86.1,96,85.4,109.2,79,93,104.9,107,73.2,88.3,104.6,158,65.4,78.2,29,73.2,96.5,10,47.9,46.1,14,62,102.5,69,190,97,118,102.2,67,124.3,133,118,91.6,102,95.6,110,132,76.1,99.1,69,139,89,119,77,138,101.8,100,92.2,89,54,125.1,58,103.4,89.6,129.5,102,124,70.5,72,112.9,51,106,107.5,69.7,97.4,78,71,131,109,121,140,81.1,104,131,100.6,149,140.3,104,115.1,215,141,78,91,87.6,142,85,75.9,73.3,75.2,90.3,133,108,76.7,125,72.1,57.5,56,52,94,48,33,7,80,81,48.9,96.6,91,55.3,78.5,72.1,84.6,73,95.6,92.8,108.3,79.7,80.7,100.7,93.1,109.8,58.9,81.5,84.9,58.6,68.4,92,108.5,80.3,85.5,95.2,92,94.6,83.8,84.3,74.9,94.3,67.7,89.2,54.7,128.1,57.8,102,92.9,81,83.9,72.7,48.7,81.7,89.1,88.6,101.8,82.3,68,145.6,159.2,137.9,146.7,166.1,166.1,141.9,128.1,127.3,122.5,103.2,112.8,133.1,117.9,77.5,75.1,96,67.2,53,5.4,63.4,58.9,82,87,34,73,90,36.8,40,50,26,73,48,31,56,13,28,50.1
1952-02-01,32,59,53.6,43.9,108,26.9,73.1,78,103,27,69.2,66,86,39,96,69,76.2,33,107,96,55,62,65,99,36,114,75,70,66.1,72,65,87.5,83.2,87,65,66,85,77,83.8,79,99,70,107,107,51.3,97,59.3,65,88,70,20,40,20,85.2,53,68,55.1,40,74,89,47,33,138,160,45.4,55,49,68,126,88.1,87,80,48.1,64,46.5,69.5,64.5,83.3,65.2,64.4,70.1,55.6,64.6,61.9,76,66.6,62.9,66.1,84.7,71.3,65.2,82.2,83.5,71.9,47.9,37.2,43.2,42.9,37.9,40.9,33.7,44.2,50.1,32.6,30.2,34.7,38.1,85.5,89.3,94.9,74.9,75.6,86.6,88.2,76,69.1,74.6,75.6,80.2,93.1,84.7,76.9,55.9,79.2,59.9,60,61.3,52.7,55.8,61.5,47.6,38,51.6,74,71.2,49.9,45.6,49.8,56.9,77,92,53.7,57.1,42.1,33,55.4,42.5,80.6,65.1,70.4,85.8,40.5,61.8,59.8,70.2,45,48.9,17.3,8.1,53.3,46.5,60.8,130,127.5,137.5,37,187,79.3,70,36,121,84,72.6,90.1,140,81,84,180,37,83.2,79.7,104,77.7,84.5,116,98,110.2,113,88.6,113.5,86.9,18,82.8,108.8,25,95.9,77.6,55,56,56.8,43,49,66.9,88,20,103,83,78.2,59,88.9,77,94.1,73.9,60,74.7,71,74,61.3,89.9,92,97,76,197,35,116,99.2,129,75.4,155,28,117.2,120,83.9,87.8,99.1,88,95,56.6,110,94.7,121,115,103.6,68.9,94.1,24,31,72,112,76,91,75.9,95.2,17,70.8,55,119.5,52,90,136,46,69.3,64,72.7,93,85.2,71.9,69.8,81.8,100.9,127,113,98.8,164,91.2,89.2,56,87,83,88,73,10,30,41,47,87,77.8,70.4,84.4,81.6,82.3,80,74.2,84.6,88.9,98.4,74.9,80.5,84,67.7,55.1,60.5,76,64.2,66,78.1,90.6,72.7,75.6,94.7,83.9,80.9,78.3,77.6,70,73.2,49.3,63.8,44.4,92.9,65.2,85,80.1,86.7,85.9,62.6,69.5,88.4,71.2,80.4,89.3,74.8,72.1,131.6,143,127.5,139.4,142.8,140,115.8,98.7,107.1,111,87.2,95.9,113.2,96.8,69.5,79.6,104,73.2,7,6.2,32.7,32.8,24,35,17,17,56,24,26,24,18,7,50,38,22,21,6,31.2
1952-03-01,37,16,32.5,28.9,56,14.2,63.1,46,98,15,69.2,15,62,35,56,148,71.9,36,64,38,93,20,114,83,63,106,100,32,54,76.9,80,91.7,100.2,121,0,12,109,85,78.8,33,91,85,113,118,49.3,43,55.8,65.7,77,30,36,34,0,76.9,53.8,65,56.5,86,61,101,36,38,126,71,52.3,72,62,39,64,62.4,58.9,32,28.3,40,22.3,73.1,51,77.4,72.8,58.9,62.8,53.1,61.6,60.4,65.2,62.6,62.4,65.4,76.4,73.5,60.5,89.8,83.3,65,36.2,42.7,26.5,34.2,31.1,28.9,30.5,35.8,37.5,29.6,24.2,25.5,31,82.1,99.9,101,61.8,82.8,82.8,83.3,80.7,62.1,82.7,75.1,68.2,84.3,85,74.7,59.6,79.5,56.3,54.8,53.8,48.4,51.3,51.8,41.8,28.1,31.9,66,52.8,48.9,46.4,52.7,51.7,60.2,130,55.2,50.5,39,34,54,38.5,76.7,50.1,69.7,80.7,34.9,56.8,60.8,71.2,12,52,20.3,5.7,36.3,35.7,67.2,65.5,52.5,102,76,79,65.1,128,76,62,29,53.8,86.2,142,64,70.1,110,76,52.1,68.5,85,45.1,83,48,44,66.3,77,81.2,80.5,50.4,34,70.7,81.8,93,74.8,100.4,79,74.6,76.8,65.5,30,59.7,58,55,107,68.6,52.9,52,70.3,72,63.4,52.4,94,63.1,92,52,39,64,145,38,55,81,126,56,55,34,41.9,55,94,75.7,54,53.1,43.2,76,86,21,39.4,55,47.3,50,52,52.4,59.7,66.8,28,30,12,42,55,7,61.6,54.6,15,84.2,26,92.2,49,46.7,53,0,40.3,60,54.7,28,75,42.9,54.5,64.6,68.7,113,77,77.6,48,89,79.6,47,95,60,88,52,38,76,58,82.7,74.5,66.2,62.6,98.5,75.1,73.5,100,104,53.7,78.8,83.5,57.5,66.6,82.8,70.1,58.6,56,57.5,46.3,67.2,62.2,74.4,62.2,60.3,70.1,78.5,64.6,88.5,84.1,61.9,65.8,47.5,67.2,45.2,69.5,68.3,60.4,58.9,68.5,61.7,57,69.4,86.7,56.3,80.1,80.8,81,72.7,81.1,77.7,79.5,75.2,83.5,86.3,65,59.9,50.4,53,48.4,57.2,62.1,57.7,45.3,77.1,85,53.2,69,24.2,89.8,91.2,86,106,84,116,61,81.5,122,135,112,125,117,172,112,115,41,85.9
1952-04-01,4,2,12.7,10.6,34,0,33.3,84,0,0,30.4,13,30,0,5,0,29.3,0,15,2,19,35,10,25,2,0,0,0,17.7,50.8,0,42.5,34.9,16,0,12,56,47,30.2,44,42,11,31,90,21.8,0,23,29.6,4,35,53,37,21,32.3,20.8,56,21.1,0,65,5,17,3,72,45,9.4,0,6,2,8,12.3,35,13,7.1,0,19.7,28.9,21.5,27,24.1,21.4,21.5,29.9,25.1,21.5,25.8,19.6,20.5,18.4,28.2,25.6,32.5,33.5,26.4,19.8,16.7,21.7,15.3,15.6,14.8,15,13.5,30.8,14.8,17.1,11.9,10.4,11.8,26.5,25,34.4,26,47,48,28.7,25.1,28.8,27.7,26.6,32.2,30.1,30.7,35.6,18.1,33,23.5,19.9,16.7,16.6,16.1,34.6,27.8,13.4,20.9,23.3,25.7,10.4,22,17.6,16.1,24.9,60,13.5,31.3,16.9,17,20.8,18.5,34.8,21.4,30.9,49.8,16,23.7,22,19.8,23.1,14.3,9.7,6.9,14.4,13.5,17.9,31.4,37,16,4,29,13.9,0,4,22,28,34.7,14.5,7,16,27.9,27,4,15.2,24.6,37,17.2,41.9,67,23,19.7,8,13.3,12.2,19.9,15,11.1,23.5,14,16.4,31.6,33,12.1,11.6,7,60,33.1,8,21,17,20,19.3,31,34.5,46,33.8,24.6,38,30.6,55,62,22.4,14.6,74,40,25,24,5,69,18.3,25,24.4,74,25,43.1,47,28.6,20.9,42.8,36,20,11.2,0,19.6,49,44,32.6,24.1,27.8,10,0,24,30,19,23,21.9,27.5,1,23.7,43,27.4,84,22.1,9,26,26.5,10,22.2,50,16.6,16.7,18.1,19.1,19.7,10,8,29.2,15,17.9,14.4,11,13,9,9,15,0,10,16,14.5,23.6,19.6,10.2,27.5,19.1,24.2,36,33.7,23.9,22.3,23.6,29,31.1,34.6,36.6,15.5,19.8,20.2,21.3,21.4,26.9,29.1,26.9,21.5,23.1,27.4,21.7,29.1,34.1,20.9,25.8,17.3,25,16,29.6,23.5,18,19,15.1,18.9,19.4,24.2,18.8,18.8,19.4,32.4,26.8,17.8,37.8,32.9,34.6,26.2,35.3,36.7,27.9,28.7,28.8,25.2,27.2,31.6,31.9,25.2,21.6,23.7,37,15.7,0,0,7.2,11.3,7,28,0,5,31,12.6,0,2,0,0,2,0,0,0,0,8
1952-05-01,8,11,3.3,4.2,26,18.1,7.5,17,23,3,27.2,7,12,8,10,16,21.1,10,137,32,46,71,20,52,33,27,19,13,15.7,22.3,3,29.7,33.7,2,8,16,34,22.9,0,20,22,9,17,25,8.7,4,11.3,26.5,11,38,46,62,20,22.3,21.4,17,10.5,19,45,12,27,0,41,17,5.5,14,8,9,46,20.9,22.3,11,4.7,8,11.3,21.2,15.9,19.6,16.3,16,11.6,20.3,16.9,16.6,13.2,13.5,17.6,18.6,18.3,13.1,14,20.5,16.6,15.5,9.8,16.3,16.5,8.8,13.9,8.5,8.8,21.8,12.5,9.2,4.8,5.4,11.3,21.3,20,24.7,12.5,33.9,41,15.9,15,16,19.2,16,26.1,17.3,17.6,28.6,10,21.2,16.4,10.6,12.2,12.9,13.7,24,17,6.2,12.9,10.7,13.9,7.3,18.6,15.4,13.8,11.5,20,8,31.2,9.5,8.4,15.7,7.2,17.6,10.1,21.9,38.1,9.5,16.6,12.4,10.4,10,12.3,15.5,8.9,9.3,8.1,19.2,13.1,8,61.5,6,4,16,2,6,5,7,16,24.9,47,37,13,4,6,8.9,12.7,3,15.5,10.9,11,10,18.7,12,20.2,17.1,8.1,0,14,20.2,27,19.2,23.1,5,22,19.9,17,0,13.4,7,0,0,6.3,5.7,8,11.3,7,11.4,3.9,7,11.2,10,8,4.2,7.7,8,26,3,11,15,11,17.6,15,5.1,10,2,12.6,8,7.6,7.8,16.4,6,0,6.3,8,7,9,10,9.2,8.8,11.6,13,3,30,8,0,6,6,7.6,1,11.8,0,12.4,0,10.6,0,0,7.4,12,12.7,10.3,15.3,7.4,10.8,12.2,13.2,13,16,20.5,6,28.6,23.7,19,20,48,53,10,11,21,13,24.1,17.7,11.2,18.1,36.2,18,20.1,8,26.9,10.6,14.5,31.1,2.9,6.4,13.7,11.6,14.5,19.4,13.6,20.8,14.5,13.6,14.4,13.2,15.5,19.7,16.1,15,16.1,19.9,17.3,11.8,16.3,18,14.1,10.7,25.4,14.2,12.8,16,15.4,18.9,20.7,22.5,16.1,24.4,22,31.4,20,20.8,17,18.2,12,16.5,20.3,12.8,13.2,12.8,12.2,10.2,12,14.4,11,9,19.4,3,13.1,0,1.5,16.5,15.7,10,14,7,10,9,18,3,6,9,0,11,6,21,1,1,15.9
1952-06-01,0,6,4.7,3.9,5,0.7,9.3,3,0,0,13.1,4,0,0,5,2,8.3,0,0,0,5,0,2,5,5,0,2,0,3.7,7.9,0,14.3,15.4,0,0,0,5,10.8,14.9,6,4,0,0,3,9.4,0,5.7,15.7,0,0,0,0,0,12.3,8.1,6,5.9,5,6,0,2,14,0,6,5.6,0,0,0,35,43,37.7,12,3,8,10.1,15.2,11.4,22.5,9.5,10.9,10.4,16.3,13.2,18.9,8.9,7.1,12.2,23.2,14.1,12.3,16.2,14.6,13,5.5,8.1,16.7,11.9,7.6,10.4,8.8,10.2,15.1,9.2,8.9,5.2,6.9,8.3,12.9,18.7,18.6,9.8,21.6,24.6,10.8,14,11.6,9.4,10.1,25.3,12.7,15.2,18.7,6.8,16.8,17.6,7.9,14.4,12.6,12.4,40.3,27.5,7.4,7.3,10.2,10,9.4,31.3,31.2,15.1,7.1,12.3,6.7,30.9,5.3,7.3,7.9,10.1,11.7,11,16.5,30.2,9.4,7.2,12.4,6.2,9.5,8,17.4,7.8,9.8,9.6,18.4,24.6,12.9,27,54,35,27.4,10,54,11,12,15.6,37.7,39,85,20.8,86,54,18.2,22.3,16,17.5,14.7,7,9,30.8,55,38.3,32.6,10.4,10,30.9,29.2,89,29.2,35.9,69,60,52.1,59.5,0,9.9,5,0,11,9.3,6,9,9.3,10,6.3,4.6,7,10.6,5,8,5.3,8.2,4,12,2,3,29,15,14.1,1,5.2,3,15,23.2,14,5.8,11.1,16.3,11,0,14.2,8,11.7,18,16,12.9,17.6,21.2,0,5,10.1,12,9,15,8,18.7,19,14.3,20,13,37,16.9,6,4,12.5,19,18.4,0,26.7,14.5,17.4,17.1,21.1,18,55,35.9,67,36.3,35.9,42,44,41,39,48,54,54,61,57.4,37.4,12.6,31.1,56.8,30.5,29.6,12,25.4,24,23.8,46.4,10.6,14.1,18.4,18.2,25.2,29.4,17.3,20,17.9,20.8,17.6,16.5,27.8,29.2,20.2,19.6,26.2,22.9,25.8,14.7,21.3,19.2,23.1,14.9,37.4,21.7,19.4,38.1,22.8,27.2,35.4,27.7,23.8,29.2,34.2,41.3,26.5,24.4,29.6,28.9,16.7,27.9,27.8,23.2,16.2,17.3,14.8,11.2,20,22.4,15.6,10.8,29.3,16,17.5,87,127.2,76.4,66.5,48,61,63,57,54,77.9,72,94,75,60,86,111,94,80,94,82.9
1952-07-01,0,0,0.9,3.6,0,0.2,14.6,0,0,0,16.6,0,0,0,0,0,6,0,0,0,0,0,0,0,0,0,0,0,3.5,5.2,0,9.8,20.5,0,0,0,5,7.8,0,0,5,0,0,0,5.5,0,2.9,14.1,0,0,7,4,0,8.3,9.9,0,5,0,0,0,8,0,0,0,3.5,0,0,0,1,15.5,24.9,0,1.7,1,9.8,13,16.4,20.1,12,13.6,11.1,16.5,10.3,21.7,9,7.2,13.8,17.5,11,8.4,12.4,12,9.9,7.6,7.5,16.3,12,5.4,9.7,8.2,7.5,20.7,8.3,7.8,4.3,5.9,8,13.4,19.2,19.9,9.1,19,22,12.9,8.6,14.5,9.6,7.8,22.7,17.4,14.8,19.4,6.1,20.4,9.3,8.7,11.9,9.7,12.6,40.1,19,7,7.4,11.1,7.7,9.9,20.7,15.4,10.8,6.9,8.2,6.1,32.9,4.3,6.9,7.4,10.2,10.8,9.1,17.3,30.4,8.4,5.8,13.2,6.3,11.8,9.1,16.7,9.6,9.5,6.4,13,12.2,6.3,13,36,10,11.8,16,36,8,6,6.5,21.7,25,16,10.3,5,36,8,12.1,12,12.7,9.3,6,7,18.4,15,17.3,15,6.8,0,15.2,16.2,41,11.5,21,30,26.5,26.5,36,0,6.2,0,0,7,3.2,4,3,5.2,0,7,1.6,0,8.4,0,0,4.6,3,0,3,0,0,4,0,7.3,1,2.4,5,5,14.5,5,1.8,7,16.1,10,0,7.8,7,4,8,8,6.7,8.9,12.6,0,0,3.8,11,0,17,5.1,5.8,0,10.8,0,5.4,3,7,10,0,4.1,31,11.6,14,12.5,6.9,10.5,10.2,11.4,10,14,16.5,0,20.3,18.9,19,21,25,13,25,32,40,7,28.6,21.8,10.3,17.5,30.5,19.2,23.9,15,21.7,14.8,14.9,23.8,5.6,8.7,14.7,13.1,16.9,24.8,13.6,16.9,14.5,14.6,16,10.2,19.7,18.4,15.1,16.4,17.4,21.5,17.8,9.4,15.9,15.6,13.7,10.8,20.6,14.9,12.4,17.4,14.1,18.5,19.3,20.1,14,18.5,24.3,28.3,18.2,18.6,18.4,14.8,9.6,17.8,19.5,12.5,13.8,11.1,10.6,7.3,8,16.8,8.3,7,17.1,12,8.4,1,1.6,30.3,19.5,5,6,0,6,13,24.2,5,4,2,0,0,1,13,0,0,19.1
1952-08-01,9,0,3,3.9,91,6.9,12.9,40,0,10,51.7,6,80,5,0,4,46,12,193,2,9,50,14,110,15,5,6,11,24.2,49.4,0,39.7,48,33,0,10,95,40.5,21.2,21,65,31,40,48,11.3,10,23.9,39.1,0,80,28,47,5,33.2,24.5,48,17.5,24,59,6,28,33,55,109,15.3,60,10,10,17,22.6,20.3,3,4.8,7,12.6,22.1,15.3,22.9,19.6,16.3,13.7,18.6,15.9,21.3,20.9,18.7,19.6,21.2,21.8,16.7,15.9,24.1,20.6,15.4,10.2,16.8,16,6.8,11.1,8,8.7,19.4,11.5,7.9,5.7,8.1,10.9,22.9,21.3,25.6,13,42.2,43.1,21.8,19.6,17.5,21.1,18.1,26.8,15.3,22.1,28.5,10.8,24.7,18.8,9.7,13.2,28.2,16.6,25.6,16.7,7.6,13.4,12.7,16.1,6.7,22.3,22.1,16.3,17.2,5,9.5,33.7,10.1,8.5,15.5,9.8,17.3,11.6,24.2,48.7,8.8,21.3,17.2,21.5,14.6,11.9,11.7,10.4,11.9,9.2,18.3,9.5,6,45,51,2,15.3,16,50,0,4,8.9,24.1,23,25,10.6,26,51,8,11,6,12.9,10.3,3,2,22.2,4,22.3,17.7,6.3,0,13.1,21.2,55,13.1,17.3,20,28.8,26.1,38.5,10,12.5,2,0,0,8.8,6.5,0,9.8,0,10.7,4.1,0,13,5,4,5.8,8.5,3,11,16,5,0,2,14.6,2,4.8,0,30,14.9,4,10.9,6.9,15.2,0,0,7,1,5.6,0,0,5.2,7.2,11.2,30,0,5.3,6,0,0,4.5,7.2,30,16.9,0,10.4,0,10.6,0,0,6.8,2,10.3,12.9,12.5,6.1,9.9,9.2,10,10,4,17.2,16,23.4,17.9,32,22,68,28,34,32,32,50,35.1,20.2,14.9,15.9,30.2,15.3,16.9,0,30.4,11.4,17.3,25.2,4,6.7,16.4,12.2,17.7,22.5,15.6,16.5,16.8,16.4,12.6,12.7,21.7,17.6,16.6,13.9,16.1,18.6,19.7,12.7,17.7,19.2,18.4,13.9,28.3,16.1,13.4,17.8,16.2,19.7,25.8,18.9,17.7,17.9,19.4,26.7,16.2,16.5,14.5,15.1,10.4,15.5,15.7,11,11.6,9.4,11.9,8.1,15.3,16.2,9.1,6.7,14.5,6,10.5,4,12.1,40.3,32.3,14,23,11,36,35,30.3,18,27,4,7,18,13,33,20,18,24.1
1952-09-01,2,13,6.9,9.2,32,4.8,33.3,51,0,18,35.5,13,46,7,5,4,32.6,15,88,9,15,11,5,22,2,0,14,0,14.1,38.7,6,42.7,48.8,15,28,6,28,37.1,58,17,18,12,62,60,22.3,0,24.4,31.5,3,5,30,58,6,30,18.5,25,21,9,91,6,43,14,42,21,8.8,49,9,0,45,46.5,45.3,32,4.6,1,10.4,19.3,14.2,26.5,14.3,18.8,17.8,18.6,13.4,20.3,14.6,13.3,14.5,22.8,20.3,22.6,21.1,20.2,20.9,12.9,12.4,24.6,9.5,6.6,12.3,8.6,8.6,15.8,10,13.3,5.6,8.4,10.8,17.6,20.2,15.6,13.6,36.5,27.8,10.9,18,14.2,14,16.7,25.7,13.5,18.1,29.2,13.2,24.9,21.3,13.8,11,18.7,16.6,30.8,31.4,10,13.8,16.2,17,11,26.1,30.1,19.6,17.5,13.6,9.5,35,6.2,9.4,11.2,10.4,17.3,13.3,26.9,32,10.2,14.6,17.4,14,16.3,16.1,12.9,6.7,12.7,9.1,18,31.4,17.5,33,41,52,43.9,47,41,24,45,25,58.9,37,29,39.9,34,41,28.3,38.5,22,27.8,32.9,25,21,43.1,36,44.3,37.7,19.1,43,40,50.6,108,37.4,63.5,47,55.9,55.4,46.5,0,24.1,25,6,30,17.6,14.6,11,21.7,61,20.3,15.3,17,27.5,20,33,12.6,14.9,11,2,15,16,13,26,17.7,19,13,28,46,37.4,30,25.1,22.8,30.7,43,31,16.3,39,27.4,22,23,25.8,32.7,31,0,31,16,27,47,0,19.2,27.1,181,56.8,37,30.4,81,27.2,42,22,23.3,38,28.4,6,41.4,29.2,38.3,33,29.3,31,35,39,37,60.2,40.3,32,44,48,51,39,53,61,53,66.9,46.4,19,42.8,63.3,45.7,44,27,51.6,35.6,32.9,61.7,32.8,28,38.6,33.9,30.7,34,21.3,27,25.2,30.8,32.9,35.9,42,49.7,38,37.2,35.1,42.7,26.9,25.9,24.6,25.8,29.1,26.4,50.9,34.1,38.2,38.7,50.2,33.8,45.7,48.1,30.9,45,47.3,55.4,33,32.9,40.9,45.1,32,44.2,40.7,36.2,30.4,26.7,27.9,19,25.2,28.4,21.2,19.4,53.7,22,37.8,64,43.6,75.2,78.8,55,64,97,88,84,79.7,95,98,77,73,71,88,61,55,80,68.8
1952-10-01,8,14,34.1,28.6,108,25.5,108.7,51,7,20,67.5,36,30,19,64,19,59.8,19,52,53,21,75,33,124,21,22,21,15,37.3,76,103,87.3,70.5,91,22,27,24,72.1,44,39,144,99,12,61,52,42,53.9,65.8,16,135,49,97,21,84.1,58.1,78,41.5,8,39,45,71,19,87,78,27.8,11,30,18,109,116.1,66.5,140,19,50,20.1,53.9,32.5,48.1,44.7,42,50.1,40.2,38.4,50.8,43.3,41.7,39.5,46.9,56.5,47.1,39.9,51.1,51,37.7,26.9,32.4,16.4,26.5,21.7,23.3,27.1,31.5,27.4,29.9,18.8,20.4,26.7,52.6,67.3,75.5,38.6,57.3,58.3,58.4,54.9,45.6,48.2,55.3,49.6,53.3,58,64.3,37.5,53.4,38.5,39.4,36.1,34,30.9,45.4,49.1,27,36.5,47.3,37.4,38.6,36.2,33.7,36.8,40.2,30,39.1,43.6,30,21.8,43.5,21.8,57.8,36.4,57.7,60.8,26.2,34.4,37.2,44.4,41,37.8,23.8,8.2,26,28.8,52.7,134.7,108,120,117,154,117.3,233,117,110,132,71.3,129.8,140,141,112.6,125,117,109.2,116,125,97.5,83.9,166,135,111.6,95,121.8,104.4,76.6,22,98.4,153.6,136,118.5,122.1,49,139.9,134.7,85,6,68.1,42,53,69,72.3,66.5,65,87.1,81,89.2,72,71,86,64,76,47,89.1,96,102,167,96,127,134,51.1,82,61.1,126,41,109.9,132,75.9,83.9,134.2,121,38,63.4,119,90.5,144,109,111.8,95.3,112.6,3,59,73.6,152,115,147,96.6,104.5,140,111,22,146.1,113,86.4,185,54,97.3,138,99,108,133.9,83.5,121.6,126.8,132.1,114,95,110.8,123,128.3,118.8,125,100,130,136,112,74,128,143,126.2,119,81.7,117.5,127.3,107.7,114.4,159,111.7,92.9,124,133.7,108.3,107.9,102.6,87.5,67.1,91.8,70.7,89,82.1,86.6,95.4,105.6,105.3,116.8,108.1,102.2,95.3,124.3,80,90.2,73.3,72.8,50.6,108.5,80.4,110.6,108.1,114,103.3,79.3,98.4,122.9,80.4,107.5,121.9,115.1,92,128.4,124.2,123.7,152.4,140.1,128.3,112.9,102.1,85.9,90.5,79.4,108.7,115.3,105.4,74.6,103.7,125,105.9,134,141.5,147.6,158.2,131,152,214,163,177,116,131,133,158,143,135,118,182,135,119,135.4
1952-11-01,62,28,47.9,39,95,65.8,75.8,53,130,65,91.4,34,146,23,32,79,84,56,247,75,53,102,132,99,38,130,69,44,61.1,90.3,50,90.4,110.2,73,63,58,90,78,30,85,83,36,50,57,61,132,63,88.3,119,79,90,160,55,90.8,62.3,64,77,40,84,108,85,44,54,23,56.6,97,69,67,61,70.6,71.8,53,47.5,86,34.9,69.9,66.3,83,62.1,66.5,73,56.9,66.4,66.1,76.3,74.5,71.9,71.7,79.7,65.7,70.7,84.6,76.2,74.3,49.4,43.2,40.9,43.1,36,37.9,36.4,44.4,43.5,30.5,25.4,29.6,39.1,92.1,86.1,104,73.2,74.1,90.7,82.6,69.8,61.4,77.7,82.7,78.7,99.2,73.5,85.1,58.9,80.5,58.6,65.3,59.5,53.7,58.7,56.2,46.1,36.4,43.9,76.1,64.2,48.3,51.8,42,55.3,69.1,120,59.6,60.9,43.9,37.2,64.1,41.8,80.4,62.9,68.9,83.3,40.4,62.8,62.5,79.9,114,54.2,17.5,7.1,45.8,47,58.2,106.8,146.5,121,86,108,75.1,111,86,76,138,51.4,86,84,142,82.6,128,86,76.9,83.5,91,59,106.1,93,128,101.6,87,88.9,101.1,55.3,101,71.8,105.8,94,78.7,87.1,125,70,76.3,64,7,84.1,100,29,126,85,72.6,143,93.7,62,77.2,69.8,58,80.9,122,88,53.5,76.5,159,24,40,45,30,89,100.1,47,55.2,83,64,97.5,46,65,62.5,101,77,20,46.6,115,61.7,114,167,97.4,67.1,80.9,191,35,56.5,109,117,110,69.4,77.2,114,76.6,37,115.6,111,63.1,177,26,56.6,49,66.9,102,78.4,64.3,65,71.9,89.1,111,87,86,107,87.4,82,71,89,63,47,79,77,39,46,67.1,83.1,76.1,69.3,74.3,79,80.3,88,84.8,76,87.4,85,72.6,75.1,87.3,79.3,61.1,62.9,71.4,57.4,66.5,82.6,82.4,78.3,79.9,88.9,82.8,82,90.3,85.9,60.4,76.5,58.8,68.8,44.7,89.6,68,81.9,76.4,84.8,83.7,67.2,70,88.2,67.5,86.8,84.5,84.6,76.6,113.4,127.5,113.1,107.3,116.6,124.3,95.4,75,68.6,83.8,68.1,77.5,80.7,74.3,59.4,74.6,91,64.6,13,11.6,80,73.4,72,86,17,95,105,59.3,68,72,84,78,89,73,60,42,14,54.4
1952-12-01,27,77,59.2,58.8,97,33.6,92.3,44,35,29,69.7,47,67,54,81,40,69.5,32,30,81,67,139,35,98,39,52,26,35,62.7,74.3,65,79.3,77.8,49,70,53,75,65.3,146,53,74,49,48,66,49.7,87,57.4,62.1,50,69,86,103,21,80,61,69,49.3,47,73,60,98,58,90,116,39.1,64,65,40,103,97.8,91.2,107,37.5,49,43,70.2,58.4,62.3,55.7,55.7,65.6,47.9,56.1,62.7,70.8,52.9,54.8,51.8,83.5,63.3,51.8,64.3,76.1,59.4,40.9,35.4,35.1,44.6,35.3,33.9,41.5,48.2,40.4,28.5,26.1,32.1,34.3,80.3,68.8,91.2,63.2,65.4,82.4,71.4,66.4,60.2,70.8,68.8,74.7,74,70.5,76.7,48.6,73.5,58.6,58.6,49.1,46.5,50.2,50.3,57.2,43.6,51.8,75.6,51.5,43.4,43.1,43,41.7,62,83,47.2,42,40,34.5,47,34.5,82.3,54.2,68.7,72.4,38.8,63.5,48,61.8,24,50.6,19.2,8.8,45.4,40.1,47.9,170,163.5,250,105,141,97.6,152,105,119,128,86.4,88.2,71,14,105.1,146,105,117.6,91.9,134,111.5,98,121,137,120.7,223,96.9,113.4,143.3,203,104.7,113.4,112,105.5,77.4,55,60.9,64.7,49.5,27,79.2,85,92,65,96.9,85.3,54,108.4,85,114.4,96.6,80,92.1,87,71,83.3,124.7,67,146,58,119,126,142,109.8,140,91.4,150,49,145,212,113.2,103.8,138,112,119,83.6,191,116.9,133,143,118.8,82.7,117.1,91,74,120.6,89,172,52,107.4,121.1,165,88,156,176.8,182,104.3,78,96,98,62,118.8,49,110.5,96,99.2,113.9,135.2,199,223,113.9,127,76.6,81.9,51,93,57,72,61,47,35,52,57.1,118.2,96.5,101.4,79.7,112.8,104.8,82,77.7,115,104.7,100.8,91,100.3,96.5,93.3,67.8,95,94.6,82,82.9,100,110.5,91.7,103.7,122.8,94.8,98.5,83,90.9,86.4,88.8,58.2,98.9,62.4,120.2,63.7,131.5,112.7,117.2,113.9,78.8,76.4,90.3,99.1,85,109.7,90.7,76.2,165.3,194.7,204.6,170.9,186.3,170.6,171.3,146.6,140.2,160.7,121.1,149.7,157.4,152.2,95.2,78.6,134,93.2,27,20.3,58,48.9,36,60,20,62,52,40.6,28,29,44,46,29,37,27,31,11,42.1
1953-01-01,121,18,97.5,87.8,138,135.5,131.8,169,282,31,154.6,80,130,77,72,153,153.2,59,186,231,137,141,202,114,215,169,151,124,110,171.4,110,180.6,174.2,192,121,149,193,191.1,275,135,94,212,210,246,107.2,128,140,141,205,157,156,98,58,163.1,137.5,123,95,229,146,139,111,243,341,189,124.2,185,89,63,49,77.5,146.8,14,71.2,94,124,183.7,102.7,178,210.5,173.6,172.1,143.1,150.8,164.6,174.3,159.3,163.3,140.2,181.2,163.8,174.8,187.5,167.6,152.1,97.8,98,77.5,125.9,77,80.6,106.9,85.7,100.1,76.7,64.2,82,80.8,184.1,202.6,208.2,163.1,191.2,180.2,241.5,216.1,173.3,205.3,195.2,172.5,192.2,233.5,191.2,137.2,168.2,150.1,142.5,123.2,131.9,136.1,136.9,103.8,72.1,96.8,135.4,138.3,121.1,119.9,112.6,145.5,134,185,158,148.9,117.1,81.5,166,104.1,178,157.7,198.9,203.1,114,139.6,122.3,162.6,122,147.5,42.4,31.7,116.4,100.9,122.2,170.5,324,84.6,64,199,104.6,73,64,143,133,134.1,112.2,92,120,123.1,71,64,101.6,138,159,104.1,153.2,135,150,134.6,87,116.2,109.9,108.9,110,95.5,120.3,74,110.2,163.8,110,80,92.9,12,28,147.1,117,144,141,151.5,104.8,107,151.1,74,150.8,113.8,130,125.2,133,120,108.8,128.6,153,89,13,170,165,173,96,144,115.1,156,123,176.3,147,133.3,149.6,171.5,105,95,105,176,150.9,148,210,129.9,114.7,165.5,56,53,125.1,157,184,138,137.8,144.5,113,165,141,155.2,75,139.7,117,62,108.6,180,122.4,182,128.6,105.8,130.1,104.8,109.6,118,87,120.8,110,105.3,91.2,81,119,166,195,65,92,71,26,80.3,127.4,129.1,91.2,147.1,92.8,137.9,168,169.9,134.3,132.9,126.4,139.3,131,144.5,137.9,91,121.1,104.9,96.8,112.4,158.7,139.1,141.1,135.1,138.3,136.7,139.9,132.8,147.4,127.6,143.8,185,119.6,98.4,181.3,75.5,112,133.3,113.5,115.4,84.8,80.3,115.8,159.3,142,135.2,125.5,99.3,169,198.3,183.3,179.2,191.8,209.1,157.6,137.5,150.6,145.6,122.2,146.6,142.9,143,115.5,113.2,159,99.7,47,36.5,61.1,47,51,62,66,20,77,56,36,44,0,25,13,26,41,24,41,60.6
1953-02-01,150,68,51.1,35.1,88,23.7,54.2,89,44,23,75.6,57,78,99,88,12,79.9,60,136,86,45,22,66,80,20,68,28,23,47,85.6,76,82.3,87.4,29,102,233,97,68.3,20,76,112,10,58,76,55.3,64,50.1,72,50,19,35,21,78,83.1,44.9,146,42,22,114,78,4,12,22,36,37.8,125,71,59,50,46.2,45.4,43,46.3,64,32.9,70.3,54.3,74.3,73.8,78.5,73.3,52.1,74.5,54,76.8,60.4,64.4,63.7,74.9,71.5,72.5,74.9,96.7,69.4,45.1,36.5,41,38.5,38.2,37.4,36,40.6,51.4,29.4,28.5,32.4,32.3,83.1,78,99.3,65.6,100.8,80.7,81.9,74.6,68.5,81.4,80.2,73.5,92.9,74.3,80.8,47,81,64.6,61.4,45.5,50.7,49.3,58.7,42.5,26.7,37.2,61.8,57.7,40.3,46,41.9,47.9,67.5,136,55.1,55.9,39.9,37.2,55.8,41.6,77.3,56.9,69.5,82.3,35.6,62.5,55.5,78.1,146,54.4,16.8,5.3,45.5,41.2,70.1,82.9,24,66,13,155,51.2,30,13,56,71,39.8,67.4,168,8,68.5,57,13,57.9,66.4,84,59,63.2,37,36,52.4,110,50.1,67.5,69.3,90,52,58.4,147,50,73.4,20,41.3,41.9,32,67,56.4,33,42,48,64.6,54.2,80,66.4,51,54.3,45.8,32,50.4,58,15,51.4,59.7,44,33,6,48,60,106,75.6,51,51.2,73,40,72.1,48,68.8,46.5,73.8,69,82,49.3,52,58,76,56,63.6,48.5,71.3,85,88,64.2,56,101,57,52,62.5,86,66.1,102,110.2,151,56.6,94,117,45,61,56.8,45,70.8,57.4,45.8,55.4,60.4,72,110,64.8,117,67.4,53,33,14,108,53,14,27,4,13,45.9,66,48.1,46.9,71.8,60.4,67.3,96,74.3,64.8,54.7,69.2,54.8,59.4,69.5,55.9,42.4,39.9,45.7,37.3,43.5,65.5,73,61.6,63.6,72.7,78.7,66.1,77.2,66,46,47.5,30.4,52.7,36.3,51.8,59.3,62.7,67,70.9,64.6,46.3,49.8,73.5,57,67.1,84,62.6,60.9,99.6,106.7,105.6,103.9,108.6,98.7,86.9,70.4,73.8,71.1,59.4,62.8,72,65,47.2,73.7,84,50.8,61,52.5,49.2,37,12,63,42,42,48,35.5,50,55,51,49,35,40,70,20,46,50.3
1953-03-01,52,20,64.1,50.7,28,84.8,119.3,32,114,80,85,46,59,43,28,190,67.7,77,50,113,21,107,162,28,44,217,125,87,80.5,84.5,45,86.1,100.7,24,95,100,70,86.8,191,45,62,14,18,5,72.7,53,73,73.2,102,117,123,95,128,68.1,74.4,58,83,12,50,143,162,0,22,53,69.7,30,89,99,15,107.6,93.4,74,41.7,42,65.2,74.6,68.8,91.5,86.1,79.8,94.7,80.1,85.1,93,90,81.9,81,90.7,91,95.4,85.8,96.1,83.7,84.8,44.2,66.4,58,71.2,39.3,41.7,61.5,54.3,39.3,44.6,51.6,52.8,44.3,93.1,108.3,101.4,93.4,120,99.7,91.5,91,82.9,91.8,87.7,92.2,118.5,95.5,91.8,97.4,78.9,63.9,81.5,71.4,56.9,64.2,61.2,77,49.8,48.4,101.3,73.5,71.4,54.4,71.6,64.2,78.4,159,75.7,88.6,64.5,52.2,104.8,62.4,121.7,73.6,118.7,108.6,64.7,83.1,79.5,99.8,155,83.8,33.4,11.6,66.1,60.4,80,152.3,169.5,161.2,47,227,127.6,210,46,144,226,97.9,153.6,61,144,137.8,217,47,123.6,144.9,90,91.2,101.8,94,151,133.5,174,138.5,134.8,95.4,70,121.6,173.8,228,148.2,164.7,61,125.3,115.5,60.5,20,91.9,100,69,87,90.2,78.4,99,110.8,75,113,82.2,114,107.9,128,131,69.8,102.7,129,115,0,101,115,143,85.3,99,80.3,117,100,153.6,224,106.8,123.7,155.4,100,119,82.6,106,119.2,116,116,119.9,106.5,128.2,76,54,86.9,132,52,86,105.5,122.3,5,176.5,102,120.6,114,128.3,88,54,95.7,165,99,128,140.5,91.5,140.7,140.2,125.8,165,174,137.5,183,166.1,137.6,241,92,190,185,96,71,66,102,121,136.8,98.8,131,182.1,120.3,146.1,103,156.3,115.2,140.1,165.9,132.5,133.7,142.5,110.8,75.1,111.2,103.3,90.9,93.3,118.9,124.4,120.2,121.6,134.9,142.1,117.7,125.1,144.5,82.9,132.1,116.8,137.9,84.2,169.4,97.9,126.2,109.1,134.8,125.3,88.8,100.1,150.1,106.9,143.3,161.1,132.6,114.6,153.9,144,151.4,142.1,147.4,160.9,138.7,119.3,117.2,106.1,100,112.8,117.1,121.3,80.5,138.5,90,117.7,149,90.5,111.5,166,124,16,57,164,116,116.4,81,115,143,127,90,141,84,144,119,110.9
1953-04-01,0,3,4.6,7.5,46,24.5,14.7,27,24,17,43.1,5,61,3,2,12,38.6,15,135,10,17,99,7,93,44,6,25,15,25.9,53.8,0,54.1,63.7,14,20,0,63,45.8,22,60,128,10,35,28,14.6,14,25,36.3,115,37,67,71,2,39.9,23.7,44,21,20,58,26,20,8,58,82,12.1,40,0,9,7.3,33.2,39.2,32,6.4,11,9.8,28.1,15.7,26.3,19.9,17.5,19.9,20.4,14.5,17.8,20.8,20.2,22.4,24,29.2,27.7,28,36,29,22.9,11,19,15.1,7.1,13.4,8,9.8,19,11.8,9,8,8.2,10.2,24.7,22.2,28.5,16.5,50.6,39.3,22.5,22.6,22.5,26.3,23.9,35.7,23.3,20.9,40.7,18.8,23.9,27.5,12.7,16.3,22.8,16.5,29.3,23.1,9.6,19.8,15.5,23.4,9.7,29.1,29.9,20.9,17.3,15.9,13,30.4,8.8,11.3,16.4,12.9,22.2,15.6,34,51.9,10.1,24.8,20.3,21,17.6,16.9,12.2,7.6,12.3,10.2,19.6,17.5,8.5,24.1,65,6,22.6,28,65,12,42,10.4,38,22,41,24.8,12,65,18.1,24.1,31,14.1,23.9,18,26,28.5,32,24.6,17.8,11.7,30,24.4,24.6,65,24.8,50.1,63,39.2,43.3,50,10,16.8,8,10,12,12.5,10.7,12,19.2,9,14.3,7.4,12,18.9,13,12,5.8,15.3,38,4,0,8,0,4,13.3,4,8.1,14,32,23.7,13,16.8,11.7,23.6,9,0,11.2,10,11.5,30,15,18.2,20.8,18.9,24,12,12.7,8,11,0,5.5,15.6,7,27.8,7,25.2,9,14.8,0,18,11,61,20.6,50,34,13.9,17.1,18.2,19.5,16,31,26.2,22,39.7,27.6,21,32,35,18,38,43,30,72,50.8,34.1,14.9,24.4,47.7,27.8,34.6,35,47,24.4,20.6,41.1,15.3,18.3,26,20.9,26.6,33.5,20.4,24.5,18.6,26.7,20.9,19.9,34.3,33.5,27.5,21,22.9,25,23.7,18.5,23.4,24.2,24,17.4,38.6,21.3,23.5,27.6,24.8,30,39.9,31.8,30,31.7,36.8,41.2,24.4,30.2,26,28.2,17.8,28.1,28.9,22.1,16.3,15.1,15.6,12.6,14.4,21.3,15.4,9.3,28.2,31,18.3,53,55.7,65.9,91,61,109,41,49,103,58.3,64,75,57,45,66,57,50,55,79,64.3
1953-05-01,10,0,5.7,5.3,69,6.7,15.7,42,0,2,49.4,20,122,0,0,0,44.9,0,172,8,0,82,15,87,8,0,4,5,23.7,50,0,42.7,41.4,0,7,2,77,45.5,33,0,39,0,45,57,8.5,0,20.8,36.6,0,78,98,115,18,36.6,23.9,94,0,2,43,0,31,0,31,110,13.7,20,23,2,0,4.6,15.8,0,8,10,16,25.7,22,22.4,19.4,19,22.8,23.4,23.7,23,40,22.5,25.8,15,30.5,23.4,23,31.2,30.4,21.8,13.1,20,15.1,11,16.4,13,11.9,24.2,14.7,13.7,9,11.5,18.4,33.2,27.4,33.7,21,48.1,43.7,25,26.8,20.6,27.3,23.7,27.8,24.6,24.1,32.8,14.4,39.8,19.9,16.8,13.3,24.2,17,34.4,18.6,7.6,19.9,16.2,21,9.8,23.2,14.3,15.9,20.4,22.4,13.7,32,14.7,12.6,20.6,22.6,28.5,20.5,27,50.2,15.6,23,32.8,24.5,23.6,15.6,12.8,13,14.8,11,16.2,7.3,16,3.8,0,0,4.1,0,0,9,0,5.2,8.9,103,0,8.6,0,0,5.9,10.1,10,8.9,9.7,19,12,10.5,9,8.7,3.2,6,0,7.3,10.1,0,7.5,15,7.5,4,5.3,0,2,9.3,0,5,0,5.9,5.8,3,7.7,0,9.8,5.6,0,10.1,0,6,5.6,6.8,10,0,6,2,0,0,19.9,1,8.2,13,2,12.6,22,15.1,8.9,12.9,0,0,1.6,13,8.5,18,18,7,10.7,8.2,2,0,2.2,14,0,16,4.1,6.6,35,17.8,0,14.1,0,6.2,0,0,2.6,10,6.5,8.7,6.8,2.8,7.5,8.9,5.9,0,3,15.3,0,8,20.3,0,0,0,0,0,0,0,0,7.4,10.6,14.7,8.4,16.7,10.4,10.6,9,19.3,11,9.3,11.3,5.9,7.3,9.7,11.2,6.3,10.1,11.3,13.9,13.1,15.3,14,7.9,8.7,10.5,11,10.1,16,21.2,10,11.4,11.1,11.5,9.7,9.8,17.1,9.7,10.5,13.2,9.1,12.8,8,11,15.8,13.9,13.2,16.9,13.9,17.5,19.2,15.7,16.6,15,18.2,7.6,11.6,12.6,11.3,9.6,10.9,15.8,9.3,5.4,8.9,10,4.2,9,11.9,4.4,1,0,0,4,0,0,6.4,8,10,11,8,5,10,5,5,19,11.4
1953-06-01,14,26,17.3,11,68,8.8,35.9,64,0,17,52.7,5,82,15,39,8,63.2,28,93,31,44,125,21,70,26,18,18,16,35.9,78.4,26,59.4,64.3,52,22,27,98,53.7,7,28,69,43,50,57,31.3,0,30.9,48.9,11,90,135,110,34,40.4,35.8,65,43,22,80,26,97,32,56,79,14.7,10,28,23,26,31.8,43.4,17,13.7,20,14.8,36.5,22.1,43.7,29.2,27.9,30.7,28.8,24.6,44.1,35.7,33.4,31.1,24.3,40,29.8,35.6,40.9,39.9,25.9,17.8,24.6,19.4,21.5,15.6,16.1,16.2,30.7,18.5,17.7,12.2,11.5,14.4,46.4,33.9,43.9,28.3,51,49.6,48.2,38.3,31.5,38,39.2,39.3,46.2,40.9,50.8,29.9,37,43.3,24.2,22.5,30.6,22.3,37.6,29.6,14,27.2,32.6,39.2,14.2,24.5,23.4,21.1,34.1,70,22.5,32,20.5,20.7,29.1,17,33.6,32.9,40.8,64.7,17.5,39.1,29.5,36.1,61,26.4,10.1,5.7,17.7,15.1,26.2,46.7,41.4,35.5,22,79,33,63,22,47,56,22.9,45.6,21,26,35.8,49,22,29.1,42.1,43,32.8,53.3,31,36,36.9,47,30.1,34.6,25.9,0,38.5,43.9,7,35.7,53.9,13,25.1,20.1,31,0,35.5,44,26,40,27.1,24,50,35.5,48,36.9,25.2,59,36.5,59,45,25.3,18.5,0,9,18,3,0,35,27,2,22.9,34,28,49.8,28,38.4,23.9,47.8,36,29,18.2,27,23.8,39,36,41.2,33.3,38.8,16,51,24.2,45,30,52,26.7,35.5,0,41.8,33,42.5,75,34,50,46,30.3,26,25.8,54,36,30.3,31.7,31.4,31.9,3,47,35.7,21,42.4,31.2,32,29,36,26,19,13,2,3,23.8,38.5,33.5,29.3,57.5,41.4,38,43,48,33.7,29.7,61,41.1,40.8,46.6,36.3,24.8,31.6,27,29.4,27.8,32.4,42.1,35.8,38.2,47.8,41.6,36.5,40.3,44,33.1,31.6,25.5,27.4,25,29.6,34.9,34,37.2,33.2,48.6,31.2,26.1,38.9,30.9,41.2,49,36,30.7,42.1,46.9,42.7,36.9,48.5,53.7,42.9,30.9,26.6,34,29.3,33,39.4,33.8,23.9,43.8,43,24.8,8,15.7,11.8,6,7,7,5,6,5,20,7,9,6,4,7,8,6,5,2,14.2
1953-07-01,0,0,0.2,2.9,3,0,11.3,2,0,0,18.1,0,6,0,0,0,4.7,0,10,0,0,0,0,5,0,0,0,0,9,8.4,0,10.4,9.9,0,0,0,0,2.7,0,0,7,0,0,0,2.7,0,0.3,3.5,0,0,0,0,0,9.7,8.7,30,0,0,7,0,0,0,0,0,7.4,0,0,0,1,4.8,22,1,1.5,0,12.6,15.3,19.2,21.6,15.3,18.9,10.7,13.8,8.6,19.4,31.4,12.1,12.7,12,15.7,13.1,15.3,16.4,11.4,3.7,6.5,17.5,11,6.7,10.6,9.6,5.8,24.4,7.3,13.8,6.8,8.3,13.1,19.3,19.3,16.7,11,29,17.6,17.2,12,13.2,10.8,14.7,25.6,8.8,16.2,18.1,7.2,30.5,7.9,6.8,7.2,11.7,18.7,38.7,15.4,8.5,8.6,13.2,8.2,9.6,21.3,13.6,10.7,16,11.3,8.4,32.8,2.9,8.4,8.6,14.1,11.9,12.7,15.1,24.9,11.6,8.7,21.3,9,16.9,11.2,19.9,14.5,8.4,7.7,10.2,2.1,1.5,1,0,0,7.9,0,0,0,0,7.5,5.8,2,0,3.8,0,0,3.8,3.6,0,6.5,6.3,0,0,11.5,0,7.9,0.7,5.9,0,11,12.9,0,2.5,11.7,7.2,4.4,5.6,0,0,2.4,0,0,0,2.5,3.5,0,2,0,5.3,3.2,0,3.2,0,0,4.3,5.4,0,0,0,1,0,0,9.5,2,1.1,0,3,2.4,0,1.2,8,10.1,0,0,2.8,0,0.3,0,0,0.7,3.6,4.4,13,0,0.1,0,0,0,1,4,0,8.4,0,1.5,0,2.5,0,0,0.6,4.2,5.3,14,1.4,4.2,12.9,3.1,7.7,0,0,10.9,0,2.6,3.5,0,0,1,0,0,0,0,0,11.1,14,6,10.6,17.3,12.1,14.1,0,16.8,12.4,13.9,13.6,2.8,6.1,6.2,10.3,6.8,10.4,10.1,12.9,9.5,13.7,11.9,6.2,11.9,11.2,11.8,12,12.9,15.8,15.4,8.2,14,7,9.2,12.2,14,11.2,8.2,14.5,8.9,12.3,7.3,9.7,13.6,13.1,14.8,17.6,12.6,17.1,22.6,12.9,6.7,13.3,16.4,7.1,11.6,16.2,10.5,5.2,9.6,14,7.9,4.9,6.3,0,8,6,4.2,6.6,6,6,3,0,4,2,3.7,3,4,6,10,7,7,2,7,0,4.5
1953-08-01,0,0,1.3,3,0,0,10.5,0,0,0,19.5,0,63,0,0,0,8.8,0,0,0,0,0,0,0,0,0,0,0,8.8,8.6,0,15.1,13.5,0,0,0,0,11.2,0,0,0,0,0,0,2.4,0,2.8,5.5,0,0,0,0,0,12.6,12.8,0,0,0,0,0,0,0,0,0,7.8,0,0,0,1,4.4,23.2,0,2.5,0,12.2,16.1,17,23.3,16.1,19.6,8.1,14.2,10,19.5,23.7,14.1,13.8,12.5,15.5,9.6,15.6,12.2,11.7,4.8,6.4,18.5,10.8,7.2,10.6,9.6,8.8,24.3,7.7,11.8,5.8,7.4,13.8,22.5,19.4,21.3,10.4,30,18.3,14.4,11.4,14.8,8.2,10,25.6,10.4,16.3,16.4,7,29.4,8.9,5.9,8.4,11.9,16.2,34.1,15.7,6,7.3,12.9,14.9,9.8,21.3,10.7,11.2,16.2,7.9,6.6,32.8,5.1,8.2,5.9,13.5,9.2,11.4,16.8,29.1,11.4,7.7,20.4,8.3,14.3,10.7,18.9,14.8,7.6,7.2,14.4,3.6,0.9,2,0,0,4.5,0,0,0,0,11.3,5.7,0,0,5.5,0,0,5.2,6.7,0,8.3,5.5,0,0,10,0,5.2,5.8,6.7,41,10.8,14.6,3,5.5,10.7,9.6,1.7,5.7,0,0,3.3,0,0,0,2.4,3.3,0,2.2,0,1.1,2.1,0,4.1,0,0,1.9,5.1,0,0,0,0,0,0,8.9,0,1.3,0,0,4.1,0,2.1,5.5,13.8,0,0,5.6,0,3.2,0,0,1,5.9,3.4,0,0,4,0,0,0,2.1,5,5,4.3,0,3.2,0,6,0,0,2.4,1.8,3.7,0,2,1.8,7.5,2.5,9.7,0,0,8.9,0,5.3,5.9,0,0,0,3,0,0,0,4,11.8,13.1,7.3,9.7,14,11.7,14,0,13.3,12.2,12.7,14,3.8,3.6,7.5,9.6,6.1,12.6,11.7,11.5,11.8,13.7,11.6,7.4,15,10.8,11.6,13.1,11.8,16.7,13.4,6.6,12.5,8.1,10.6,11.2,15.4,10.8,9.7,15.2,10.5,14.6,7,10.1,12.2,13.3,14.1,15.2,14.8,18.3,22.9,9.3,8,14,17.1,6.8,16.7,13.6,8,6.7,9.2,13.5,7.5,7.9,6,0,3.1,2,5.8,11.1,4,2,0,0,0,2,6,3,6,2,0,0,2,10,0,0,9.1
1953-09-01,0,1,0.7,2.4,13,0,11.6,0,0,0,15.4,0,0,0,0,0,7.2,0,20,0,0,0,0,0,0,0,0,0,2.1,11.7,0,8.4,11.8,0,0,9,0,3.8,0,0,0,0,0,0,2,0,1.3,8.9,0,0,0,0,0,12.5,8.6,5,4,0,5,0,4,0,0,0,4.7,0,0,0,0,6.9,25.2,0,1.6,0,12.1,13.8,15.7,22.2,11.6,15.4,7.2,14.5,9.3,17.3,17.1,11.7,12.9,14.4,14.1,10.5,14.6,15.1,13.5,5.8,7.3,18.2,10.9,8.4,10.5,7.4,11.3,20.8,8.3,10.5,5,6.8,10.5,15.8,20,18.8,7.9,22.8,17.8,12,10.3,15,9,9.4,25.8,10.8,15.9,16.2,7.6,23.8,7.5,5.6,7,9.1,15,33.3,13.7,6.8,6.1,9.8,11,8,19.5,14.6,11.9,12.3,9.7,5.6,34,4.1,7.5,10,13.9,8,11.2,14.6,23,10.6,7.5,19.7,7.6,14,9.9,19,13.3,8.4,7.3,17.4,5,2,3.2,4,0,6.3,1,45,3,1,10.9,7.6,4,2,3,0,4,3.6,3.7,4,6.8,5.2,4,4,15.5,0,12.7,3.8,6.3,32,9,12.6,15,6,10.5,12.1,8.2,15.4,3,4,2.5,2,0,0,3.7,4.1,10,2.4,10,3.2,3.7,0,3.6,0,3,1.6,1.5,0,0,0,0,0,0,10.9,0,2.8,5,0,5.7,11,1.3,8.9,7.3,0,5,5.2,7,3.2,5,4,3.5,7.7,5.9,42,12,2.6,6,0,5,2.6,5,83,6.9,0,5,0,7,0,1,2.6,5,4.2,0,2.2,3.1,6.8,4.1,8.5,0,0,9.5,0,3,4.3,0,0,0,0,2,2,6,10,14.6,14.8,6.2,11.4,16.9,10.2,13.2,0,9.8,13.9,13.7,13.9,0.8,5.5,8.3,9.1,7,11.2,10.1,14.4,12.2,11.6,12.7,8.1,16.2,13.7,12.8,11.2,12.2,16.3,10.3,8.2,13.8,7.6,8.7,8.8,14.1,10.3,9.7,15.6,9.5,13.2,9.4,9.7,11.7,12.2,15.2,15.6,15.6,17.7,25.8,12.6,7.6,14.4,10.6,6.1,9.2,12.5,9.7,10.4,13.6,15.2,6.9,7.1,6.3,4,5.9,17,0,16.4,4,7,4,9,8,6,12.4,13,20,12,11,15,25,33,22,34,21.9
1953-10-01,5,10,17.1,20,85,16.4,48.8,88,0,47,67.9,46,85,38,17,25,67.8,34,50,13,62,205,12,57,43,32,26,38,40.8,84.7,15,73.6,86.2,84,24,7,83,70.1,77,5,125,99,61,35,45.9,46,34.7,58.2,23,85,177,242,11,71.2,47.7,91,37,111,54,14,122,59,20,103,27.6,10,26,31,38.6,51.2,45.2,14,9.3,9,16.2,45.2,26.5,49.5,45.1,34.6,42.6,32.4,24.9,46.8,39.7,39.1,34,31.9,43.8,45.9,36.9,53.8,39.5,29.8,22,33.6,15.2,22.6,14.1,19,17.4,21.2,20.2,20.3,11.2,11.1,15.8,48.8,52.7,55,29,48.4,57.3,61.7,46,43.9,43,49.8,42.9,47.7,49.4,65,34.2,56.4,40,31.6,25.6,31.6,28,38.9,35.5,16,24.1,40.1,28.8,25.3,32.1,36.6,32.1,36.1,33.7,34,31.5,15.5,16.7,26.8,20,30.4,25.4,45.5,53.8,15.5,33,37.6,41.5,30.9,31.5,17.5,7.8,15.7,18.3,34.7,68.1,97,67.5,40,102,59.5,78,40,98,91,40.6,82.1,206,73,71.2,77,40,50.7,67.2,56,48.9,57.4,61,66,67.3,89,62.2,72.5,37.8,25,65.5,78.2,72,67.8,78.2,42,68.6,62.9,57,72,45.7,41,22,40,39.1,29.2,43,43.7,62,36.3,28.4,51,42.2,22,42,25.9,40.7,48,51,42,36,29,61,36.3,24,29.5,50,81,72.2,47,57.8,38.5,70.5,40,60,33.5,38,50.8,81,44,50.4,52.5,53,116,44,27,51,45,56,50.7,57.1,233,84.3,32,64.6,87,36.5,75,30,45.7,62,52.3,61,68.5,41.7,50.2,54.6,52.5,98,89,62.7,57,76.9,71,72,59,119,113,51,48,52,29,59.8,63.4,35.5,57.3,80.2,65.5,62.2,48,74.8,51.2,51.5,85.4,57.1,57.5,65.3,49.7,42.9,43.7,37.8,37,54.8,54.6,57.7,59.8,59.8,68.9,64.9,58.1,61.1,70.7,33.4,52,27.1,40.9,33.6,51.6,67.1,58.7,53.5,60.5,66.2,50,62.5,78.3,49,67.4,70.5,70.9,63.1,71.9,74,70.9,58.2,75,72.4,59,52.2,46.6,50.3,40.6,50.8,55.3,50.1,37.2,86,56,57.6,92,97.2,69.1,54,38,78,85,73,46,56.4,94,121,80,91,87,108,120,81,74,78.7
1953-11-01,15,12,59.2,47.2,35,79.9,143.4,22,99,34,71.6,35,10,29,71,109,56.8,68,55,38,27,67,107,51,24,148,97,105,58.8,70.8,30,73.1,108.7,68,102,31,32,64.5,55,67,35,21,41,75,61,90,82.4,70.9,129,107,84,85,72,70.2,66.5,29,94,22,29,92,48,30,34,82,46.4,51,21,70,94,120.8,77,41,29.7,14,32.1,66.4,57.7,71.2,73.1,60.2,63.9,49.7,59.9,70.4,60.5,60.3,63.4,61,87.2,66,52.1,74.6,74.1,63.2,37.3,42.1,35.5,42.3,27.6,28.1,41.6,45.8,34.8,30.6,29.7,32.8,41.4,83.8,78.5,88.5,78.6,82.2,80.4,68.8,66.8,65.4,75.2,66.4,88.6,77,78.8,76.5,59.9,83,46.5,59.4,58.5,45.9,47.5,49.5,68.1,44.2,47.8,84.4,54.2,60,43.9,44.3,52.4,66.9,39,49.4,57.1,41.4,36.2,65.7,48.5,89.1,65.1,83.7,85,40.4,65.7,61.6,68.9,25,46.8,28.1,10,40.3,36.9,53.7,150.9,171.5,118.4,77,76,105.1,55,76,113,59,108.1,124.9,198,176,111.1,121,77,102.5,131.2,112,98.4,147.1,137,138,120.1,99,125.7,105.6,128.1,97,104,157.4,167,127.3,146,270,169.1,178.5,179.5,79,128.3,80,74,137,127.7,101.6,158,125.2,204,141.8,118.2,255,124.8,255,211,90.2,133.7,279,176,207,93,113,237,92.4,136,84.2,193,186,175.2,227,129,132,177.6,113,182,89.9,147,125,129,176,134.5,99.5,143.2,100,64,99.5,117,48,100,96.9,124.3,249,149.1,101,140,47,116.3,57,27,107.6,127.6,102.7,37,124.5,96.8,118,115.2,115.8,61,99,118.9,89,119.9,130.4,199,227,271,261,216,160,164,118,154.2,116.5,125.5,109.7,134.1,123.9,133.4,71,151.4,117.8,149.9,137.7,129.5,145.5,146.1,124.5,89.4,119.7,117.2,93.7,103.4,112.9,127.5,124.6,108.3,128.6,117.9,127.5,130.3,132.8,105.6,119.4,101.4,147.1,92.1,182.6,104.4,106.3,113,123.3,109.5,84.1,94.4,115.9,101.8,118.2,123.9,121.2,92.8,144.5,152.5,162.9,153.2,154.3,152.4,147.9,142.5,123.9,133.1,121.9,136.9,143.6,130.1,112,112.3,112,113.9,80,42.8,113.2,103,72,91,60,78,140,84.9,60,12,40,24,51,70,75,52,42,90.6
1953-12-01,24,69,52.2,44.5,25,84.3,125.4,63,111,35,73.5,55,76,33,76,16,68,43,50,32,23,175,93,40,22,48,44,30,57.7,72.4,56,78.7,78.7,59,23,5,44,71.5,15,31,37,48,37,58,55.7,141,52,69.7,83,80,104,68,36,65.2,68.3,51,0,32,83,54,117,17,92,58,34.3,100,23,37,140,128.9,85.7,157,36.2,116,31.6,69.6,53.2,51.1,62.3,60.1,66.2,52.9,59,75.1,60.7,57.7,53.9,61.7,79.9,53,50.9,65.7,67.9,56.5,40.6,40.6,41.9,43,29.3,32.1,40.1,46.8,32.8,35.5,29.8,34.7,36.7,74.1,69.4,90.5,62.3,71.5,79.8,67.2,64.5,57.9,71.4,70.6,86.3,60.7,66,74.2,57.2,69.1,50.6,54.8,50.1,49.8,49.5,53.1,60.8,43.7,41.3,80.3,53,53.2,38.7,40.9,50.4,65.9,38,48.2,57.4,41.4,35.8,45.4,38.5,95.4,57.9,80.8,87.3,42.9,53.9,56.4,71.4,30,43,31,9.7,42.7,43.4,58.9,184.3,154,180.3,238,183,157.7,209,258,211,193,97,158,93,149,147.5,314,238,145.2,145.3,172,117.7,91.8,148,129,140.7,273,152.6,167.8,118.7,224,167.9,181.5,162,151.9,150.6,187,171.7,186.2,173.5,63,78.9,48,50,52,78.4,80.1,30,90.9,36,100,84.5,92,95.2,40,98,73.5,103.7,118,126,111,47,85,97,79,67,77.6,156,139,150.6,134,115.5,122.3,176.2,114,176,92.8,149,141.7,186,99,140.2,112.6,150.9,92,124,116.7,129,154,168,127.8,148.2,118,178.3,129,167.5,119,142.9,125,99,108.7,143.2,120.8,189,152,97,178.2,173.8,158.4,296,273,177.4,235,163.2,143.2,98,186,185,149,160,168,295,213,158.9,157.2,92.2,149.5,188.8,164.9,156.1,157,142.9,144.3,146.8,159.7,126.4,138,128.1,102.4,76,120.9,105.5,97.8,93.5,121.5,114.5,139.5,130.2,147.5,129.2,128.7,119,137.1,91.1,110,106.6,126.8,73.7,139.3,110.8,153,134.9,175.8,135.7,84.9,131.7,155.6,126.7,126.4,175.2,130.1,124.3,194.5,205.6,166.9,189.8,193.8,182.9,162.8,137.8,129.8,116.9,113,129.5,128.8,134.6,83.2,131.7,172,142.2,70,67.4,182.2,171,200,203,172,21,254,123,153,247,198,94,173,172,88,48,70,127.9
1954-01-01,18,0,46.5,32.8,43,96.3,54.5,20,86,39,54.2,86,70,115,92,77,58.8,45,68,156,68,22,77,29,47,86,58,55,67.3,71.7,183,71.2,83.9,56,100,133,70,63.3,64,29,54,48,22,43,54.5,281,39.9,52.2,73,33,73,64,103,70.1,49.7,29,25,9,37,88,73,19,23,95,45.9,30,63,32,57,69,54.2,82,46.7,73,33.7,71.6,60.8,79,73.7,75.4,77,53,79.2,58.3,82.3,63.9,74.1,61.5,76.7,72.7,65.2,79.7,94.7,69.7,45,43.2,46.4,43.6,35.3,36.5,38.1,40.1,55.9,34,30.4,31.7,30.1,79.8,82.5,94.3,71,89.5,94.4,84.4,70.4,79.6,83.2,75.8,74,88.2,73.8,83.5,52.8,79.2,63.3,62.4,52.3,56.3,50.8,53,48.8,32.7,40.3,65.8,59.9,45.4,43.2,49.9,48.9,73.2,120,55.4,48.9,46.4,39.1,60,41.6,79.1,60.6,74.1,99.2,38.3,67.8,65,79,155,65.1,19.2,5.8,50.8,46.6,68,74.9,39.5,66.9,62,77,57.5,59,62,35,51,42,76.9,69,146,64.1,83,62,53.3,63.7,78,54.6,67.1,40,34,73.9,52,81.5,77.3,56.6,70,63.9,74.7,115,61.2,80.7,145,83.4,88.5,123,78,60.6,43,65,117,60,47.2,78,68.7,67,54.7,41.6,42,49.5,63,40,47.9,55.3,55,136,15,60,39,61,70.8,45,38.2,120,49,63.8,43,60.5,39.4,71.3,46,26,41.6,41,45.5,36,50,50.3,50,69.2,149,30,39,61,62,101,49.1,65.1,49,70.6,36,101.3,101,49.9,104,29,40.9,98,50.6,65,64,47.5,47.6,57.7,58.9,64,51,60.1,60,74.4,69.4,76,55,75,59,132,89,86,50,66.5,62.4,49.4,48.8,80.5,70.7,62.6,69,69.9,57,51.6,75.6,51.1,58.6,67.9,55.3,43,43.3,53.5,39.2,54.8,60.4,66.6,57.6,61.4,67.3,73.5,65.3,86.5,66.1,49.7,56.2,38.9,63.8,38.6,62.5,62.8,64.1,62.4,69.7,63.9,55.9,62.7,73.5,57.3,68.7,81,57.9,64.1,93.8,85.5,94.6,87.7,93.1,91.7,87.6,57.9,61.8,52.1,50.8,62.8,60.5,55.7,43.8,76.5,78,50,50,29.6,37.8,25,23,14,46,34,32,30.8,27,43,25,12,21,8,12,37,16,44
1954-02-01,179,83,68.7,50.1,31,58.4,54.9,56,23,107,56.2,158,20,98,100,84,83.9,124,40,132,226,77,107,12,40,101,63,72,94.8,103.8,67,77.8,69.2,149,68,196,34,115.5,60,44,53,75,129,65,57.7,61,78.1,52.8,105,92,124,66,153,70.8,81,126,34,90,66,79,124,85,68,74,76.7,64,115,70,44,47.7,107.7,29,78.2,147,82.9,116.8,98.7,120.5,123.8,129.4,107.7,117.5,137,131.6,126.2,122.5,127.6,102.1,104.5,152,128.5,167.3,113.2,134.6,93.7,88,72.2,102,62.4,87.2,89.4,78.1,84.6,65,64.8,68.4,65.6,145.7,172.2,157.5,119.5,176.7,187.8,210.6,155.5,117.1,142.6,141.1,157.4,154.8,168.6,162.2,83,126.4,108.9,135.6,83.4,83.4,94.8,117.1,71,64,69.8,101.1,104.2,88.3,85.6,78.4,89.6,123,103,112,121,95,68.2,124.5,75.5,167.7,137.7,137.4,159.7,84,118,114.9,121.2,306,120.7,27.5,22.3,95.6,92.2,109.2,82.6,29.5,39.7,41,73,42,51,41,34,55,63.7,45.6,30,46,58.5,0,41,47.7,56.1,63,49.9,91.4,24,14,51.3,17,27.2,48.5,86.9,63,43.3,39.2,9,32.2,52.4,42,25.9,32.6,56,91,79.5,94,70,103,83,79.1,45,104.9,95,82,81.1,76,54.1,116,19,77.2,76.5,30,159,23,25,56,155,83.5,49,87.9,88,6,86,55,98.9,59.6,72.5,11,22,74.2,45,60.6,27,25,56.8,41,72.4,80,105,68.3,15,95,30,49.9,53.2,150,40.9,88,130.3,83,63.5,83,52,40,40.4,53.1,27,44.9,51.9,40.6,44.5,46.6,72,16,60.1,0,37.8,25.4,34,9,33,12,34,15,20,17,35.2,52.6,63.5,31.8,54.1,51.6,47.9,43,60,62.9,55.8,39.1,48.9,54.9,63.7,60.2,30.9,38.9,63.2,33.1,45.2,68.8,76.1,58.7,57.2,62.8,73.6,59.2,73.7,57,66.5,74.4,87.6,65.4,41.3,80.4,37.8,51.9,59.6,56.9,65.6,53.8,40.5,54.4,78.8,46.5,72.3,43.3,42.2,90.1,106.2,108.9,94.2,116.2,105.1,99.1,90.7,84,96.8,78.1,72.5,98,98.8,56.7,52.9,63,41.6,17,29.9,31.1,13,19,51,7,18,19,25.6,21,25,26,6,44,10,24,28,26,32.4
1954-03-01,82,64,92.2,68.9,150,21.1,141.7,129,34,118,140.9,84,139,84,103,97,129.9,135,288,128,92,117,67,214,88,183,56,235,95.1,159.3,97,147.7,150.1,64,106,68,128,155.2,28,163,138,75,149,187,92.2,72,136.1,137.1,117,128,73,108,10,143.8,107.2,170,143,82,202,50,73,134,142,98,89.1,210,102,91,13,63.6,114.7,64,71.8,72,84.7,129.6,90.2,129.8,138.4,104.5,108.7,110.3,112.2,135.2,127,114.8,124.9,104.8,128.1,141.5,121,153,115.6,128.8,81.6,96.6,49.9,98.1,66.6,77.3,83.5,66.3,79.5,66.9,66.6,62.2,69.2,149.5,171.5,151.8,119.1,152.2,131.7,153.9,141.2,150,148.3,149.3,143.5,139.5,159.5,109.2,120.3,140.2,91.3,119.4,88.3,90.6,106.9,111,97.7,52.9,88.1,111.4,84,115.9,85.9,76.8,91.9,120.4,173,95.1,132.9,96.3,69.9,133.5,69.8,149.4,102.2,122.1,152.3,78.4,112,84.1,105.1,50,107.3,26.5,15.1,92.7,75.2,112.3,165.5,168,89.2,36,107,95.2,107,35,100,86,111,92,70,78,99.9,100,36,88,108.3,66,96.5,165.7,113,129,118.8,103,93.6,88,123.6,133,74.4,94.5,75,80.5,129,27,71.3,86.4,18.5,96,137.9,102,31,179,145.2,100.1,142,145,206,155.8,139.3,220,123.6,137,103,110.2,137.3,181,174,183,173,259,264,98.6,172,102.8,207,136,152.3,172,135.4,125.6,162.9,127,150,90.1,107,139.8,146,118,115.3,101.7,160.1,183,132,107.6,97,98,124,101.1,129.3,92,128.2,130,128.6,133,134.8,100,63,101.2,56,106.9,91,104.6,93.7,114.8,87.3,113.2,104,103,106.3,120,99.2,69.6,49,54,48,49,24,28,80,45,96.1,93.6,131.9,74.2,124.7,87.7,113.8,57,132,105.3,153.8,121,123.5,125.5,143.6,131.2,98.8,125,106.3,90.4,94,113.3,141.8,114.5,114.9,112.1,121.4,115.4,135.7,127.5,121.1,140.6,146.8,133.5,83.9,167,66.6,106.3,112.2,97.8,97.3,85.5,68.5,92,118.3,119,100.1,107.9,84.6,151.7,180.2,167.3,177,167.8,179.8,154.4,156,148.3,148.1,129.3,142.8,154.7,146.1,121.2,105.3,66,103.5,33,54.3,75.5,64,21,26,60,40,74,84.3,101,87,80,105,69,71,54,53,100,89.5
1954-04-01,11,7,30.5,27.1,75,26.4,119.6,42,7,16,90,31,68,29,27,50,62.9,26,100,13,17,32,28,98,28,14,24,26,33.2,79.3,10,70.9,101.1,59,0,15,29,73,95,33,42,58,27,56,53,33,51.2,69.9,28,100,2,67,25,67.9,38,44,33,26,47,15,2,25,44,50,18.3,19,46,22,79,112.8,61.7,62,13,8,23.3,46.2,30.3,40,37.3,41.7,44.9,33.9,40.9,46.9,44,37.6,32.7,37.9,39.3,40.5,31.4,46.1,44.7,29.3,26.9,39.2,25.6,24.8,21.1,19.1,25.5,29.4,25.6,30,20.4,19.6,25,41.6,42.4,55.5,32.2,49.6,49.9,55.3,40.7,38.5,38.7,46.3,44.7,46.6,44.5,61,30.8,48.6,33.1,36.8,30.9,35.1,31.7,43.4,50.4,28.7,28.5,47.1,32.1,31.5,34.9,34.6,32.9,38.6,18,35.4,38.7,27.6,21.3,30.7,16.4,46,32.8,50,56.7,24,31.1,31.6,36.2,15,31.4,32.6,8.7,23.5,21.8,46.3,129.8,193.5,144.9,191,173,117,136,191,60,90,89.2,150,162,151,122.1,236,191,113.8,132.3,89,83.4,95.3,75,110,119.1,124,138.2,117.8,69.9,23,110.9,169.2,93,130.5,178,177,179.2,177.5,205.5,8,69.5,42,90,59,79.3,69.4,30,87.3,78,92,73.3,68,98.7,56,73,47.7,101.9,160,143,161,78,84,180,45.6,64,48.9,104,149,132,137,83.1,102.5,133.7,125,56,63.3,185,96.4,79,76,111.9,108.3,113.2,21,11,64.8,76,84,90,91.4,97.5,11,177.3,7,112.3,120,87.5,60,77,91.3,208,95.6,49,144.7,77.8,144.3,146.3,114.4,86,124,127.3,180,136.6,141.8,165,120,117,126,207,186,172,191,148.8,124.9,78.3,127.7,176.3,133.4,133.4,162,172.5,101.7,131.2,152.6,115.8,112.3,129.6,98.9,72.9,88.8,92.8,93,91.5,93.1,100.8,121.4,115.4,117,121.4,113.8,113.9,149,98.7,101.5,108.1,119.4,65,115.9,96.6,125.2,93,123.9,108.2,78,103.2,137.1,86.7,131.2,139,128.6,113,126.1,125.7,123.8,127.7,139.4,112.7,105.5,80.4,83.6,83.4,83.1,105.4,98.4,94.1,74.8,118,89,105.9,150,203.9,134.8,152,131,122,104,151,151,115,130,154,155,239,179,119,163,268,278,141.2
1954-05-01,5,0,3.6,3.9,0,5,15.4,2,4,0,10.7,0,0,3,3,7,6.9,5,0,2,6,0,0,0,0,0,8,0,8.3,9,0,12.8,12.6,2,0,0,0,7.8,42,0,3,0,0,0,5,0,5.9,10.3,0,0,0,3,0,11.7,8.8,0,9,0,2,4,0,0,5,0,1.6,0,4,7,21,10.1,20.8,4,2.7,5,11.8,14.1,16,20.4,13.6,14.4,11.6,15.6,11.7,20.2,12.5,10.5,13.6,16.1,11,12.4,11.3,16.2,10.9,8.2,8.7,15.9,12.7,5.6,9,7.3,9,15.6,10,8,4.1,7,9,20.4,17.4,18.6,12.6,21.4,23.1,12.2,10.4,12.4,11.1,9.1,21.8,10.8,14.3,17.7,5.7,24.9,8.5,8.2,10.1,8.8,12.7,36.5,18,8.7,8.2,10.4,8.1,9.8,20.8,15.5,10.9,7.7,9,7.8,32.5,4.3,7.6,7.9,11.9,11,10,13.7,27.4,9.2,6.4,13.5,7.5,15.1,9.1,17.5,11,8.7,6.5,13.8,19.4,24.5,8,12,12,9.2,0,12,23,5,9.7,12.4,3,2,17.6,0,12,9.3,14.2,12,9.7,18.1,29,21,16.1,1,10.9,9.4,9.8,0,9.2,12.5,9,5.4,24.2,9.1,8.4,7.8,4.5,3,9.9,1,0,0,4.5,3.8,0,10.2,0,12.2,5.8,11,13,13,20,4.2,7,25,14,17,14,24,27,15.6,9,6,44,28,18,33,10.8,9.5,21.2,32,0,5.8,8,12.2,23,6,15.2,12.3,13.9,7,0,7.4,36,0,20,10.3,11.1,4,9.8,0,9.7,0,5.6,0,3,9.9,25,8.2,0,12.4,5.9,8.6,12.5,13.6,3,1,15.2,0,12.5,10.6,0,1,1,1,16,7,7,18,13.3,18.4,10.1,13.8,27.9,13.6,22.6,15,21.6,15.4,19,19,14.2,12.8,18.9,18.6,10.1,14.2,11,17.5,15.1,21.8,19.9,10.6,15.6,16.8,20.5,13.4,22.9,25.4,18,12.8,16.2,15.7,14,13.2,19,12.5,15.2,14.6,13.8,15.7,10,14.3,14.9,17,21.6,25.5,17,21.6,24.8,15.3,14.8,21.1,22.5,13.4,16.1,18,14.2,11.6,19.8,23.2,16.5,11.2,14.9,12,5.7,34,37.4,12,9,12,8,8,7,15,13.1,13,14,16,13,14,8,6,24,37,24.2
1954-06-01,6,23,5.7,4.3,15,0.8,13.5,14,2,0,18.4,5,5,0,0,0,7.7,0,9,6,1,0,0,9,0,0,1,0,4.4,11.4,0,17.9,21.4,0,0,0,12,11.2,51,3,13,0,5,10,11.3,0,11,19.1,2,0,0,8,15,13.1,16.4,2,7,0,8,0,0,0,2,2,4.4,0,0,5,74,69.3,38.5,18,3.1,12,13.7,14.9,15.4,21.6,10.9,24.4,10,14.5,19,17.9,10.6,8.9,14.3,19.4,11.7,15.3,15,18,13.2,6.8,9.1,19.9,11.8,6.4,9.6,7.3,10.5,17.5,10.3,11.4,4.9,6.6,9,14.7,16.9,21.2,10,26.6,21.4,12.5,13.6,15.2,8.2,12.6,24,11.8,16.6,25.6,8.8,17.2,16.8,11.2,12.9,9.6,13.2,39.6,26.4,7.1,7.4,10.9,12,11.4,25.6,25.5,14.7,9.4,10.8,8.7,28.5,5.9,10.6,7.6,13.9,11,10.4,24.7,28.5,11.5,9.4,10.9,10.8,13.3,13.4,16.4,8.4,11.4,7.6,17.9,29.4,33,56.6,69,66,49.8,57,68,10,10,12.7,79.6,100,66,28.4,88,69,27.3,30.3,6,21.6,18,8,15,48.9,21,63.1,44.8,12,1,48.2,66.3,49,62.4,44,102,77.2,61.1,82,44,12.1,5,0,7,8.2,6,9,10.7,0,9.7,8.5,19,14.8,17,0,5.9,8.9,7,0,10,6,0,17,19.3,4,6.9,18,12,23,9,9.8,9.9,23.9,10,0,18.3,3,12.2,3,19,16.3,21.6,22.1,19,0,11.4,0,0,7,8.4,20.2,0,20,0,18.8,35,17.5,0,18,15.3,33,25.5,7,36.1,25.1,26.9,31,32.6,40,20,44.2,51,63.1,75,93,81,97,101,81,89,49,56,55.4,39.6,10.7,43.1,62.8,57.1,37.3,14,30.8,27.9,24.3,62.9,13,13.1,26.4,20.7,28.7,35.1,14.9,22.2,28.8,22.7,20.6,31.3,37.2,44.1,27.9,29.2,29.2,27.6,26.6,16.5,26.5,21,29.9,17.9,47.2,35,30.7,44.4,49.7,39.9,68,46.3,26.4,39.9,41.5,49,38.6,26.5,40.3,39.9,19.9,34.7,37.1,28.2,16.6,17.3,16.8,11.7,21.4,20.8,16,10.9,45.6,6,29.7,31,38.1,53.6,54,46,50,33,47,52,52.1,26,21,39,61,27,17,19,39,46,37.7
1954-07-01,6,0,1.6,4.7,0,0.2,8.9,2,0,0,12.9,0,0,2,0,3,7.8,0,2,1,0,15,0,0,2,0,0,0,5.8,14.1,0,12.1,11.1,4,0,0,13,7.9,39,0,0,0,5,0,4.9,0,3.3,9.6,0,21,11,11,0,9.2,9.3,0,0,2,0,3,11,9,19,48,1.6,0,0,0,5.4,4.9,22,2,3.5,11,12.2,18.9,14.9,18.7,15.9,12.1,11,15.8,12,13.1,18.2,8.3,14.9,10.6,15.3,9.7,13.5,13.9,11.8,7.6,6.6,15.1,14.8,6.5,10.2,9,7.5,20.9,12.1,10.2,5.6,8.4,10.2,20.4,19.2,16.4,10.7,19.9,18.6,13.2,10.1,14.3,10.1,8.4,23.1,9.2,15.3,17.2,5.8,26.6,8.5,7,9.7,11.5,14.5,30,15.8,5,5.9,9.1,7.5,7.7,20.9,12.6,11.3,10.2,5,6.9,32.7,6.9,8.5,6.1,11.3,9.6,10.9,14.5,28.8,10.7,5,15.5,8.1,13,8.3,19.6,12.2,9.4,7.8,15.8,4.2,2.5,3.1,3,5,7.2,0,3,9,0,16.5,7.3,0,0,4.8,0,3,2.4,5.1,1,7.4,4.7,1,1,11.4,25,6.6,7.4,7.3,2,7.9,11,9,3.5,13.6,8.7,5.5,7.8,0,0,3.2,0,0,0,4.2,5.7,0,1.4,0,5.5,0.7,0,4.5,0,0,4.1,2.4,0,7.8,0,2,0,0,10,0,1.9,0,3,5,0,0.8,4.7,8.7,0,0,4,0,1.8,0,1,1.6,5,5.2,0,23,0.8,0,0,2,2,5.5,19,9.1,0,9.2,6,4.8,0,0,2.5,10,4.2,0,7.3,3.6,8.1,2.6,7.5,4,25,7.1,0,5,5.1,0,2,1,0,0,0,0,1,12.8,14.9,8.1,10,22.6,11.1,16.6,0,13.8,11.1,12.5,16.5,3.6,2.6,10.5,11.6,6.2,13.1,8.5,16.6,11.9,15.6,17.7,10.7,10.3,11.1,14.1,12,15,17.3,12.5,7.8,15.4,10,9.8,8.9,17.9,9.7,9.6,12.8,10.1,13.6,10.4,12.2,15.7,17.6,17.8,21.7,16.6,17.2,20.7,12.5,12.8,14.8,15.4,11.1,13.1,11.2,10.8,5.4,14,13.8,8.1,5.3,8.2,1,4.1,3,5.5,14.3,6,2,8,0,13,25,10.6,3,0,3,2,0,3,14,0,20,13.2
1954-08-01,12,18,8.3,3.8,0,0,16.9,2,0,0,12.5,0,0,0,0,0,3.3,0,10,2,0,0,0,0,0,0,0,0,4.9,5.2,0,10.8,17.3,0,0,0,1,6.9,23,0,0,0,0,0,11.9,0,8,13.4,5,4,0,8,0,7.7,10.8,0,13,0,0,0,0,0,0,2,4.6,0,0,0,18,30.5,34.8,9,4.8,19,9.3,16.4,19.4,21.7,13.4,13.6,11.7,17.1,14.7,17,11.7,8.5,11.8,17.2,12.8,11.7,14.2,15,10.9,9.7,11.9,19.6,15.1,7.1,10.6,7.4,10.5,20.7,11.3,12.1,6.1,7.3,10.1,21.1,16.6,17.8,13.6,23.2,29.8,13.9,10.4,19.8,12.7,11.3,23.2,12.1,14.7,22.3,7,18.5,13.1,11,12.2,6.8,14.4,38.7,26.4,9.4,7.5,11.2,8.8,9.3,22.4,17,11.1,11.2,8.8,9.1,29.8,7.4,10.7,10.3,9.9,16.2,12.1,21,23.4,9.1,8.7,15.7,9.6,17.6,7.8,15.1,8.2,12.8,9,19.1,26.4,30,29.2,29,32,28.3,28,29,21,25,12.8,27.2,39,3,25.4,49,29,17.9,22.5,26,17.3,17.9,20,24,30.4,52,30.2,32.1,11.8,21,25.9,27.6,3,32.5,38.5,33,31.5,29.4,35,0,12.3,7,18,0,9.2,5.1,12,10.6,0,11.8,7.6,21,14.7,16,11,6.7,4.6,22,0,3,27,2,0,19.1,0,8.2,16,29,17.5,17,6.2,10.5,27.1,24,0,12.7,15,16.4,27,17,19.1,22.5,19.3,0,0,9.7,0,30,18,9.7,18.6,13,20.5,0,15.8,39,19.6,10,22,14.6,25.9,23,46,22.7,19,21.2,22.6,24.9,45,51,32.4,25,36,29.1,29,31,30,34,30,20,33,27,21.2,31.1,10.4,24.1,50.3,27.3,28.8,14,27.7,27.1,21.6,42.3,15.4,14.8,23.1,21.6,18.4,27.3,14.3,20.2,17.1,22.8,18.2,19.7,28.6,26,21.4,21.1,27.3,26,23.7,18.1,23,20.2,17.1,16.4,25.3,19.9,20.4,26.7,23.1,23.5,24.8,25.6,20.1,27.2,34.8,37.6,21.4,31.3,31.2,36.7,15,30.5,33.4,24.9,16.8,17.3,17,13.4,24.6,22.3,20.4,13,27.3,26,17.2,4,7.3,18.6,15,16,19,10,17,20,25,5,7,6,2,5,3,8,3,6,10.2
1954-09-01,7,0,7.5,6.5,17,1.1,20.2,13,0,0,16.8,0,21,5,0,0,9.6,0,20,8,0,0,0,6,7,0,1,0,8.6,17.2,0,25.6,20.8,10,2,3,18,13.3,41,0,9,10,30,16,16.2,0,10,16.2,0,0,0,3,0,15.6,8.2,32,13,15,21,0,0,16,21,4,3,0,0,0,41,45.2,46,13,3,5,10.7,17.7,14.8,20.9,10.8,13.2,11,19.1,16,17.7,10.7,7.9,12.4,19.5,12,13,16.9,15.6,10.1,8.8,13.9,18.8,11.2,7.2,8.9,8.1,10.4,16.9,9.1,10.1,4.7,5.1,9.2,16.7,16.8,18.5,11.2,27.5,24.2,15.4,12.5,11.7,9.8,8.6,23.7,13,15,23.1,8.1,18.4,17.1,12.3,10,8.3,13.9,35.1,33,10.3,10.6,11.4,10.3,10.8,21.8,23.5,12.2,9.1,9.6,8.8,31.4,7.1,8.3,10.6,9.5,15.7,12.3,18.5,23,9.6,10.9,12.4,7.9,15.3,9.5,14.7,7.4,9.7,7.7,18.7,30.8,30,41,27,25,34.1,35,27,14,24,28.9,42.2,69,41,29.4,64,27,27.5,26.7,9,24.1,33.3,15,12,38.7,39,41.8,37.7,23.2,27,36.5,41.6,12,47.1,39.6,30,37.3,31,36.5,0,22.9,28,33,51,16.3,12.6,42,16.7,52,23.2,17.3,52,25.5,46,39,11.7,13,57,3,30,27,26,53,18.6,26,15.8,46,24,31.3,36,15.4,17.6,38.6,26,12,15.2,7,21.4,10,24,24.2,25.1,29.5,0,18,13.7,14,40,18,12.4,26,40,20.7,28,22.8,37,24.5,35,31,22.2,32.5,23.9,35,32.1,25.1,27.5,23.1,29.6,50,38,39.7,35,47.2,38,26,82,26,45,29,30,26,22,28.2,33.3,16.3,29,53.2,39.6,33.2,21,29.4,28.6,21.9,56.8,26.6,24.4,29.6,26.5,23.5,32.6,18.3,25.8,20.1,24.4,22.5,25.4,32.9,37.2,26,26.3,34.2,30.4,29.6,21.3,22.7,24.1,22.9,23,30.1,26.5,27.4,36.1,35,32.3,31,36.7,23.1,32.8,40.2,37.1,25.6,34.7,40.6,41.3,29,39.3,42.4,30.9,23.9,27.2,24.5,23.4,22.9,30.6,26.7,18.4,36.9,9,24.8,33,32.9,23,3,5,14,8,2,7,33.8,22,28,32,28,33,38,24,42,50,35.4
1954-10-01,0,3,14.5,14.3,88,18,47.6,61,29,16,57.8,71,74,60,2,23,65.3,44,152,27,41,62,23,91,27,24,11,38,39.1,81.6,32,67,94,12,51,1,102,68.1,18,47,64,39,19,17,41.6,17,37.2,60.4,15,106,37,96,0,61.7,29.9,90,18,70,92,12,37,74,110,84,23.4,25,89,11,36.7,62.9,48.3,32,11.6,14,14.3,40.1,22.9,45.1,30.6,38.7,31.9,27.5,23,37,38.6,31.1,32.9,22.9,35.8,35,29.9,40.4,28,27.2,18.3,27.6,15.1,15.4,14.4,17,13.4,22.4,16.4,20.8,9.9,9.4,18.1,43.8,46.6,45.8,26,52.3,53.7,54.4,36.7,38,36.4,42.8,39.7,38.9,36,61.4,27.8,41.4,39.6,23.1,22.3,29.4,23.7,37.2,28.4,14.8,21.1,31.5,28.9,19.1,28,37.9,29,33.3,30,24.3,29.4,12.9,15.5,26.3,18.1,34.1,20.8,41.5,67.6,14.5,28.9,26.4,39.6,30.8,30.6,12.7,4.7,15.3,15.6,28.5,61.5,91,61.2,99,84,57.9,56,98,144,44,39.4,78.3,77,67,60.3,85,99,36.6,55.8,33,33.5,48.8,71,44,52,49,64.3,53.5,29.8,20,60.2,68,110,56.6,77,128,95,81,153,20,38.8,35,10,28,30.6,24.3,24,36.3,7,29.8,21.6,27,44.2,36,26,28.4,36.9,76,17,75,26,36,42,26.8,40,26,50,103,64.2,68,54.9,34.9,61,74,40,32.2,42,42.3,56,23,45.8,44.5,52.6,55,22,26.8,53,36,61,47,49.7,72,84.5,0,43.8,39,33.4,11,0,35.5,64.3,39.9,30,52.9,36.7,39.1,44.8,44,58,49,49.3,89,64.5,63.9,91,35,88,97,144,150,97,81,70.9,59.2,35.5,47.8,68.8,61.4,58.9,57,75.2,45.2,46.1,60.9,50.4,57.4,63.7,49.6,39.4,40.6,30.9,31.5,43.8,41.7,55.3,52.3,57,58.4,55.5,49.9,60,64,34.8,44.3,27.8,35.2,33.2,44.9,59.9,55.9,48,54.7,66.7,41.8,61.5,67.5,43.3,54.9,62.3,51.5,57.6,62.8,69.8,63.5,55.1,60.9,57.7,48.2,42.1,32.5,41,38.4,43.1,46.7,39.4,31.6,62.4,33,43.7,45,64.3,72.6,75,72,65,41,61,59,57.5,64,43,39,37,33,35,90,42,62,66
1954-11-01,22,62,17.4,13.5,0,16,36.9,29,61,19,27.2,55,0,15,0,20,30,16,10,38,85,22,14,0,49,32,54,37,28.5,57.1,8,40.6,41.1,33,31,84,3,33.8,25,4,49,42,29,20,38.5,33,23.1,24.2,58,44,20,28,8,36.8,24.1,20,2,48,23,21,20,56,39,44,13.2,18,38,25,42.5,43.3,46.3,78,17.1,61,20.1,44.2,23.4,39.9,29.1,37.1,35.8,25.1,30.8,32.3,42.2,26.3,32.1,32.4,36.2,36.3,33.8,40,36.6,31.7,24.2,31.9,17,25.8,21.5,26.7,18.3,32.9,22,17.5,13.5,12.7,13.3,40.9,38.5,45.9,28.8,44,55.3,51.4,40.9,41.7,37.3,34.5,37.9,48.1,34.5,58,23.5,41.2,33.6,28,22.8,27.8,25.9,35.6,42.7,16.6,25.5,32.9,32.7,21.7,28.9,33.9,28.2,29.1,37,23.6,31.4,16.9,17.3,28.2,19.2,28.3,32,47.1,59.8,18,29.9,22.9,31,5.7,37.4,11,5.7,18.4,23.6,31.4,66.4,72.5,51.4,31,48,45.3,35,31,45,90,35.2,50.8,40,20,56.7,78,31,46.4,62.4,60,48.3,47.7,66,75,54.3,90,46.7,50.7,38.9,89,46.5,47,43,39,56.2,16,41.1,39.7,15.5,50,40,0,0,0,37.1,31,24,37.3,10,32.8,24,11,34.2,10,13,29,38.9,17,11,42,25,48,29,37.7,37,26.4,45,46,56.8,82,59.3,46,67.6,26,33,39.8,115,47.1,65,59,51.6,45.2,56.6,107,44,44.4,61,73,46,54.8,56.5,22,64.5,116,73.3,105,46.2,74,117,45,42.6,45.7,149,50.6,47.9,44.6,46.3,52.9,44,89,55.8,115,52.3,40.6,47,51,58,30,48,40,30,85,41.5,57.2,21.4,37.7,60.8,48.8,47.6,46,50.6,54.6,39.7,49.6,46.2,53.7,45.4,36.9,29.7,39.7,30.7,26.5,31.8,46.5,53.3,52.6,47.5,57.1,54,54.7,50.3,42.1,33.2,36.8,24.1,25,25.6,40.5,54,53.5,56.7,49.2,61.3,41.5,47.7,54.2,37.1,45.3,64.2,44.8,46.6,68.9,92.1,92.4,63,79.4,70.1,59.4,51.2,46.5,48.1,41.6,49.9,54,50.6,42.2,70.2,60,49.7,58,63.3,59.2,71,59,55,86,51,52,44.5,83,64,63,60,56,63,41,72,37,46.7
1954-12-01,21,56,15.3,12.5,103,8.3,38.1,64,75,19,47.8,12,45,23,54,25,49.3,16,93,20,8,69,49,59,16,39,11,4,31.8,70.5,30,50.2,62.2,54,14,10,57,53.3,28,30,31,40,54,68,24.6,27,29.7,45.4,46,70,46,69,24,40.7,27.6,68,29,12,51,28,46,51,69,82,11,0,23,23,31,37.6,40.8,61,12.2,48,15.8,32.8,25.4,46.6,28.5,28.9,31.6,25.8,23.6,40.4,33.4,28.8,35.2,24.4,43.8,31.7,32.9,38.3,32.4,32,19.7,24.3,14,20.2,19.1,15.5,14.6,28.6,17.7,14,11.5,10,15.6,40.7,31.9,42.2,27.5,51.3,47.9,47.9,37.4,34.3,35.2,42.5,42.1,43,35.3,55.3,26,34.7,37.8,22.9,21.7,28.1,21.1,36.1,27,12.4,21.4,29.3,29.2,18.2,26.2,25.1,28.7,29.6,61,21.3,35.2,16.5,17.6,25.9,15.6,34,27.1,47,63.2,14,28.8,32,32.6,10,27.8,12.9,7.2,16.9,20.1,23.4,40.6,35.5,45,39,57,32.9,73,39,35,22,23.6,53,59,51,36.6,93,39,33.6,39.1,11,29.2,34.4,25,29,41.4,95,33.9,38.7,16.1,34,38,45.9,64,36.5,66.5,25,32.9,30.6,40,40,25.8,10,0,7,19.5,12.9,11,27.1,17,23.1,14.8,16,30,28,4,19.4,17.1,37,14,37,10,16,26,25.3,23,15.7,45,70,41.1,43,32.2,22.1,41.7,47,16,17.9,25,25.9,22,22,34,33.1,36,140,47,18.8,44,40,37,23.7,34.5,101,52.3,19,66,39,27.4,21,0,27.4,40,29.5,8,41.2,28.3,37.8,28.6,31.7,89,94,42.6,81,53.9,35.4,17,39,32,27,31,39,16,45,36.9,44.4,19.6,30,68.2,37.9,41.5,14,66,32.4,28.4,54.3,29.6,31.5,42.3,31.2,27.5,34.9,28.1,26.6,25.7,31.2,40.9,35,39.4,47.1,36,35.1,40.2,44.1,27.1,26.1,26,27,28.1,26.8,38.9,32.7,36,36.3,47.6,34.6,35.5,41.5,32.7,39,46,43.5,31.3,41.7,47.3,46,33.3,48.4,47,36.4,27.3,24.1,29.3,22.1,31.6,29.6,28.9,20.6,46.9,11,30.3,46,17.7,42,53,40,52,18,17,44,36,12,16,27,27,125,26,19,30,27,36
1955-01-01,67,68,53.6,57.6,87,18.4,118,60,58,147,87.2,102,31,53,27,22,71.4,109,95,31,31,39,23,58,56,31,20,51,45.8,78.5,38,83,101.3,23,88,67,36,74.5,67,108,73,46,22,61,59.3,112,68.8,70,112,58,83,22,79,79.5,52.4,95,80,65,122,54,55,23,75,46,35.2,90,62,49,67,88.1,82.5,101,30.6,65,32.1,67.3,52.1,61.7,55.2,54.7,58.8,54.2,45.5,55.7,67.4,56.1,57.7,54,68,67.8,50.6,65.1,67.2,57.5,38,34.5,29.3,39.6,35.5,29.9,37.9,47.5,31.6,30.4,25.8,29.8,33.6,74.7,70.4,87,69.2,68,76.4,68.1,74.8,59.6,74.1,69,75.5,79.5,66.1,71.4,51.4,71.3,54.9,53.3,51.5,48.8,48.6,54.6,53.7,41.4,43.6,81.1,49.1,46.8,46.7,50.1,47.6,57.2,32,45.1,55.2,34.4,29.9,50.1,39.7,87.4,56.5,71,75.1,36.5,47.8,54.8,63.4,19,62.9,20,5.8,38.9,39.8,52.8,154.9,119,120.9,81,150,109.2,108,81,149,193,94,99.1,84,74,103.2,138,81,112.4,102,137,103.8,101.8,165,197,115.4,110,104,106.6,134.2,218,106.7,124.4,135,120.5,111,78,96.9,100.6,129,36,95.6,87,105,75,97.5,89.6,81,105.7,64,111.5,102.4,91,105.7,100,127,79.6,114.6,129,111,141,134,161,118,93.1,114,71.8,66,130,133.3,123,107.5,104.4,150.2,124,141,80.9,77,119,165,122,122.5,94,137.3,66,151,108.6,120,178,129,101.9,121.2,113,120.9,118,193,111,108.7,127,87,112.7,102.9,102.5,145,127.7,93.3,112.1,107.2,131.5,165,111,127.5,121,101.1,93.9,140,107,172,54,91,50,78,74,106.7,123.3,94.8,96.5,101.3,100.4,129.2,123,128,114.8,131.9,120.7,113.3,130,110.5,114.8,73.2,114.4,100.5,94.7,91.9,104.3,115.6,118.5,107.5,123.4,107.9,113.3,105.4,107,92.5,97.7,92,118.4,74.4,151.5,79.6,125.9,126.5,104.7,111.9,88,94.1,104,96.6,104.9,121.4,110.2,82.8,162.1,166.3,167.2,166.3,170.7,160.3,155.1,141.2,130.3,144.9,116,138.7,151.4,141.8,100.9,94.3,137,107.8,115,89.8,104.5,117,88,100,60,100,138,82.7,96,102,111,99,76,83,85,67,67,85.8
1955-02-01,41,55,93.4,70.7,253,14.5,149.7,148,137,118,211.7,107,286,157,105,210,146.5,125,315,181,92,173,108,201,166,140,116,113,128.3,152.2,101,155.6,251.7,106,199,189,135,200.2,36,134,228,135,130,173,128.7,115,124.9,164.9,115,131,110,172,181,189.2,129.4,225,146,138,168,162,206,97,182,160,136.8,132,182,128,68,95.4,124.1,24,76.6,31,116,188.6,102.3,172.5,187.2,133.8,167.2,145.9,156.9,144,165.6,149.4,166.2,134.5,162.5,169,165.6,207.1,172.3,160.8,100.1,90.2,87.4,125.4,89.1,79.5,98.4,92.4,109,74.9,73.9,78.1,101.9,201.5,212,224.8,181.3,184.9,180.8,218.1,219,200.5,224.6,217.5,167.5,202.2,224.3,200.7,143.5,163.9,150.2,144.8,129.8,109.9,117.4,114.7,117.2,86.5,87,133.7,128.6,144.7,125.8,95.5,118.5,125.3,182,160.2,154.2,126.7,84.6,161.9,136.2,190.9,172,198.2,214.4,123.2,145.8,127.4,160.1,236,158.4,43.1,28.8,117.6,101.7,141.8,158.7,89,131.1,51,176,122.2,173,51,257,168,94.6,156.2,39,68,155.7,193,51,110.6,160.1,194,97.1,151.3,93,95,154.4,131,149.6,127.6,101.1,83,112.3,153.3,181,137.7,190.6,113,137.4,133.9,60,60,123.5,188,28,137,133.7,115.5,138,130,75,143.8,102.1,124,118.7,97,124,76.8,105.6,156,81,118,125,60,151,88.6,94,94.2,156,128,150.6,86,107.1,124.6,159.8,101,72,100.3,122,129.6,159,141,121.4,112.9,154.5,26,60,93.7,100,58,96,116.5,145.2,32,187.9,104,86,96,144.8,76,48,96.7,175,126.4,120.9,144.3,111.5,141.6,129.6,115.8,244,129,141.5,238,155.4,116.3,99,97,221,192,45,70,110,119,135.5,125,111.9,116.7,202.9,114.5,152.2,144,196,126,137.3,143.7,147.4,120.3,167.3,140.8,100.4,122.8,115.8,106.3,94.2,143.7,131.3,143,130,125.8,142,153,135.8,163.9,111.3,176,183.2,139.5,85.1,187.9,100.4,132.6,124.9,142.8,131.7,102,102.8,154.8,155.8,142.4,162,140,122.8,163.5,163.3,157.3,135.2,160.1,163.5,134.8,115.6,106.1,106.7,96.5,110.8,108.5,104.3,81.8,132.2,194,124.2,172,288.3,147.4,106,173,94,127,95,91,159,109,157,108,161,114,208,319,191,270,167.4
1955-03-01,105,16,43.4,36,87,98.9,72.2,49,60,69,107.3,56,125,63,80,80,105.3,75,100,107,92,139,42,85,145,55,105,118,87.8,135.4,75,109.3,125.9,114,95,46,134,137.3,70,101,92,105,102,97,71.7,49,71.6,98.8,49,147,155,235,101,92.4,75.3,75,83,153,87,57,103,112,191,143,64.4,75,93,54,63,51.5,60.6,24,42.1,57,32.9,97.3,71.1,100.8,97.8,66,82.1,70.6,75.3,71.5,87.9,95,86.2,83.1,94.3,87.7,92.9,118.8,99.5,77,47.9,50.2,40.4,36.1,40.6,37.7,40.7,46.7,56.4,35.5,27.2,33.4,36,100.9,123.5,120,70.5,126.2,90.2,123.6,107.2,104.1,90.8,103.4,91.7,114.3,113.7,90.5,81.1,98.9,81.9,73.3,63.2,59.3,59.9,54.4,54.6,30.1,40.9,79.1,67.2,53.8,54.7,73.9,65.2,76.7,113,82.5,68.2,40.3,37.2,75.1,48.7,91.6,62.4,78.7,96.5,40.7,69.1,65.4,79.4,139,76.4,17.2,7.1,45.6,48.6,70.2,75.3,70,58.5,87,86,51.5,43,87,180,33,42.9,69.9,283,82,64.7,106,87,50.3,65.2,77,45.5,94.1,54,61,59.8,84,60.5,68.6,59,16,56.3,60,67,46.6,82.1,40,59.9,56.8,84,49,75,82,64,78,80.4,65,75,84.1,114,69.2,56.1,84,67.3,83,118,56.7,62.9,58,62,36,40,58,76,58,72,45.4,71,54,77.9,66,57.9,46.4,81.9,71,28,40.3,52,54.7,49,83,62.6,50.3,78.1,55,16,40.1,70,56,76,53.7,68.3,60,70.8,48,111,102,52.1,42,23,39.9,78,53,97,60.7,51.6,46.5,58.6,64.2,96,84,61,51,61.8,62.7,46,64,40,22,48,49,77,104,57.2,74.4,60.8,51.2,76,62,69.1,186,78.2,66.5,83.7,65.3,59.9,62.3,82.7,68.8,45.4,60.5,54.6,38.2,63.1,68.4,78.1,67,69.3,72.5,79.7,74.7,82.4,71.8,52.7,70.7,52.1,65.4,38.9,83.3,66.7,69.3,57.7,61.1,71.6,58.5,62,77.8,63.1,68.9,83.4,64.3,61.7,91.1,87.3,99.8,85.7,103,91.8,90.6,64.7,58.2,62.5,58.5,67.4,63.2,63.8,46.3,64.1,77,46.6,82,49.6,63.1,89,97,97,62,58,84,48.7,79,55,63,123,58,83,38,76,52,58.2
1955-04-01,0,0,9,12,111,5.2,52.2,30,23,6,62.9,29,115,10,16,26,46.7,6,188,2,36,0,0,149,8,9,9,3,15.8,63.5,0,71,97.3,16,10,15,131,46.5,20,108,120,20,12,7,41.2,7,36.6,62.3,7,3,7,2,0,56.5,19.6,57,44,22,69,0,0,18,15,20,6.8,23,4,0,35,45.2,50.1,52,5.5,0,14.3,25.6,22.4,23.9,16.8,17.4,20.6,17.1,15.3,21.8,24.9,18.2,15.7,19,22.9,25.7,25.9,27.9,24.7,21,15.6,26,12.1,11,12.1,12.4,12.7,17.9,12.6,13.8,8.1,8.6,13.2,23.9,22.8,23.1,18.3,35.9,37.5,24.8,21.4,19.4,22,23.4,26.8,23.6,20.1,40.4,15.8,46,28.4,16.6,12,15.6,21.5,38.9,40.9,12.6,16.3,21.2,20.2,14,27,25.9,22.3,19.9,2,18.2,35.2,8.2,13.4,13.4,14.3,19.2,18.1,24.7,44.9,13.9,20,19.7,20.1,18,26.2,14.1,7.1,14.5,12.5,21.9,56.7,50.5,45.5,44,65,43.6,30,42,49,64,37.8,58.4,10,25,60,57,44,40.6,59.9,73,34.4,54.2,56,68,48.6,63,43.9,36.4,33.6,22,45.4,58.9,50,36.9,81.5,72,49.7,49,19,10,40.9,45,3,31,33.9,24.5,34,38.7,24,38.2,23.2,71,45,67,39,25.7,35.1,97,4,64,26,48,58,26.1,32,24.9,67,53,59.2,66,54,32,61.6,54,31,26.9,47,43,41,43,60.3,42.8,49.7,104,23.5,29.3,50,51,54,48.6,55.6,40,101.9,36,36,40,33.7,88,24,34.2,105,40.2,50,50.1,41.3,40.3,40.2,39.2,42,63,38.6,45,60.7,42.6,13,49,26,41,70,61,49,65,49.8,55.5,36.8,35.2,79.7,45.7,65.8,79,77,47.3,47.7,59.2,46.1,52.6,58.6,49.6,35,39.4,27.6,31.8,39.6,44.6,55.1,53.9,53.7,58.4,61,49.5,61.6,64.1,36.1,38.8,33.7,37.2,30.3,38.7,49.6,45.2,51.3,45.9,61.5,35,45.8,52.6,36,58.5,67,57.6,45.6,54.1,64.6,62.4,46.3,58.5,52.8,49.2,43.9,36.6,46.9,39.6,45.5,47,44.3,36.2,63.6,73,34.9,46,78.9,52.1,59,45,56,32,64,53,43.2,33,33,26,24,33,29,67,36,96,58.7
1955-05-01,2,5,8.5,7.6,11,6.2,33.2,11,0,0,17,0,10,11,6,5,16.2,0,13,0,0,13,0,11,7,5,5,9,7,28.8,0,30.2,34.2,13,82,3,37,22.1,8,4,0,25,10,22,26.6,12,13.3,22.4,12,0,0,43,0,23.3,13.1,11,7,7,6,4,14,0,6,19,2.5,0,0,24,6,45.2,47.8,58,6,0,15,18.6,18.2,21.7,18.3,16.9,13.2,18.3,16.6,17.6,13.8,12.6,13,17.4,16.9,16.9,21.9,19.5,17.4,13,15,21.9,11.2,9.1,11.8,10.8,12,20.6,13.2,13.1,6.9,6,9.4,20.5,16.3,23.9,12.6,41.8,33,17.3,16.9,18.6,14.4,16,21.4,15.6,18.2,30.5,10.8,26.4,19.5,16.2,15.2,10.6,15.5,28.7,31.4,9.4,14.2,17,18.4,13.1,27.1,23.6,14.2,14.2,1,10.9,29.1,8.8,11.2,11.7,11.3,15.3,13.1,24.8,27.1,13.2,14.5,17.7,15,17.1,14.1,13.4,6.1,11,10.1,25.3,48.5,40,54.5,54,66,49.2,35,53,39,47,41.9,59.2,0,70,51.6,84,54,39.9,51.7,45,34.4,39.9,31,35,52.2,65,54.1,47.6,22.3,29,54.3,61.4,11,49.8,49.9,58,58.7,48.9,58.5,14,27.1,20,3,30,17.3,15.2,18,22.1,38,26,20.6,35,28.8,32,35,15.3,21.5,38,20,48,40,32,48,13.2,38,18.4,43,39,39.8,38,26.3,21.2,42.7,43,35,26.2,28,30.3,47,30,37,33.1,33,41,22,29.8,31,30,31,34.1,33,0,53.8,44,47,78,27,56,12,33.6,47,29.4,36.1,42.6,39.4,36.9,38.2,31.9,73,64,44.9,72,56.9,53.1,107,57,75,93,61,59,39,25,48.8,46.2,15.2,39.1,66.5,56.8,41,56,44.9,37.1,28.6,65.8,45.7,41.3,43.9,34.8,28.5,41.6,19.7,29.4,27.4,32.7,35.6,43.3,45,53.1,39.4,40.6,37,38.4,29.7,27.8,23.5,25.2,29.9,27.5,48.6,44.6,43.1,44.4,56.3,41.5,51,49.8,24.1,39.4,52,44.2,38.7,45.7,46,52.5,36.1,49.5,50.9,37.2,33,31.9,32.2,28.4,36.7,36,30.8,26.9,53.6,45,41.5,10,20.7,32.5,37,33,38,22,46,42,37,13,9,7,7,12,7,23,8,20,26
1955-06-01,1,0,1.7,3.2,9,2.3,9.4,2,0,0,13.3,1,0,20,0,1,6.3,0,11,30,0,0,0,16,9,0,0,14,4.7,8.6,15,9.5,9.3,15,0,0,3,8.2,10,0,4,5,13,0,3.1,0,1.6,8.5,0,35,14,4,0,8.7,7.9,0,0,16,3,0,1,5,0,10,5.2,0,0,0,2,9.4,20.7,10,1.3,1,12.2,16.2,15.5,20.8,16.4,15.1,8.2,15.7,12.1,19.2,12,10.6,13.2,16,16.7,9.2,13.9,14.2,12,7.6,7.6,13.9,14.1,7,11.5,9.1,8.5,18.6,9.4,9.1,4.6,6.4,10.6,14.4,19.6,17.3,8.4,21.3,20.7,14.3,10.2,13.7,13.4,10.4,22.4,9,13.9,18.7,6.4,22.3,9.7,6.1,8.6,11.2,13.4,31.6,17.9,6.7,6.4,8.8,12,8.7,18.9,15.9,11.1,11.9,16,5.5,32.8,4.5,9.2,6.2,10.1,10.8,8.7,18.2,28.6,9.2,8.4,12.4,7.8,10.7,9.8,19.8,11.4,8.1,6.6,14,8,6,6.7,11,3,5.6,8,11,0,2,8.8,13.7,45,7,4.1,14,11,7.1,2.7,2,9.4,3.9,3,3,14.9,17,12.3,10.4,8,0,9.5,15.3,25,8.6,12.7,12.9,14.9,18.8,0,0,4,0,0,0,5.3,5,4,1.4,0,1.7,1.3,2,4.2,0,3,2.2,3.2,0,0,0,0,0,0,9.6,0,3.7,0,0,10.4,34,2.8,5.5,13.4,0,0,4.7,0,4.5,0,0,3.5,3.6,7.8,19,0,1.2,0,0,6,2.6,4.3,0,7.4,0,0,24,3.7,0,1,4.1,5.2,6.2,3,2.4,5.3,5.8,6.5,10,20,17,11.1,15,10,10.9,11,9,0,11,15,13,26,15,19.3,15.6,9.6,15.8,17.6,12.1,12.8,0,15.4,11.5,13.8,19.2,3.1,4.8,8.8,9.9,10.9,16.1,9.7,14.5,12.7,15.3,11.6,8.3,13.6,11.9,12.1,11.8,16,20.8,13.7,5.9,16.8,9.2,10.7,8,15.5,12.3,9.9,14,11.1,15.2,11.3,11.4,12.1,15.3,21.7,23.2,14.7,17.5,21.5,12,11.4,16.1,18.2,9.8,15.2,9.8,10.7,5.7,8.4,15,8.3,7.2,7.4,2,6.5,13,14.3,19.8,21,11,19,24,23,20,16.5,10,15,11,6,7,11,19,15,13,17.9
1955-07-01,0,0,1.2,3.9,0,0,13.1,0,0,0,13.7,0,0,0,0,0,6.1,0,0,0,2,0,0,2,0,0,1,0,4.3,8.8,0,11.3,9.2,0,0,0,0,12.3,0,0,0,0,0,0,5.7,0,4.5,14.6,0,0,0,0,0,10.2,9.3,0,0,0,0,0,0,0,0,0,5.3,0,0,0,2,11.5,28.5,12,2.5,0,12.5,13.2,14.2,21,12.6,13.7,9.7,15.6,11.9,18.7,20.1,7.2,13.3,20.1,14.8,12.7,14.8,16.5,15.5,4.8,7.2,17.4,10.4,6.8,11.8,9.3,10,20.2,7.5,11.8,5.8,8,9.1,16.7,22.1,20.3,9.7,23.1,21.5,11.1,11.1,13.5,10.7,9.4,26.3,10.2,16.5,17.7,9,24.5,13,7.8,7.1,12.5,16.1,41.7,26.4,9.6,5.4,10.7,8.8,10.3,28.6,26.1,13.6,9.1,13,5.6,34.4,9.5,9.1,5.8,13.6,10.6,13.5,16,27.7,10.1,5.2,16.4,6.5,12.8,8.8,17.3,12.3,10.1,7.1,14.8,7.5,4.3,5.3,16,1,9,4,16,0,0,9,17.2,0,3,7.5,0,16,6.4,5.8,1,9.3,6.2,0,0,17.4,8,12.6,8,6.3,0,14.3,16.9,67,6.6,13.3,14,20.6,27.1,0,0,8.7,0,0,0,3.3,3.7,1,2.3,0,4.3,1.8,0,8.5,0,6,2.3,8.4,17,0,0,0,0,0,10.2,0,2.9,0,0,14.2,0,2.7,6.4,12.5,0,0,6.4,0,3.8,0,0,4.2,4.7,8.4,2,0,3.3,0,0,1,6.8,5.2,0,9,0,0,7,4.4,0,0,4.2,7,6.7,0,5.1,4.8,6,5.8,6.6,3,8,14,2,10.8,9.7,4,4,18,3,20,9,30,42,39,18.3,10.8,15.5,16.3,15.9,18.9,1,13.1,13.1,17.1,16.4,7.4,5.2,9.2,13,16.4,18.4,13.3,15.6,13.6,15.1,11.8,8.5,16.6,13.9,13.1,10.3,16.9,20.1,14.9,9.4,15.3,11.2,14.1,8.9,30.4,12.2,12,18.9,12.5,15.3,27,10.3,17,14.3,17.8,24.4,15.2,15,26.2,18.4,10.4,14.6,17.7,11,12.3,11.9,10.2,7,11.5,16.9,7.7,8.4,9.4,1,5.3,118,117.6,66.8,68,64,44,61,53,60,61.4,81,74,161,108,113,88,67,101,115,81.5
1955-08-01,0,0,0.4,3.5,4,0,12.4,6,0,0,17.4,0,10,0,0,0,5.2,0,3,0,0,0,0,5,0,0,0,0,6.7,8.8,0,9.4,13.4,3,0,0,6,7.1,0,0,16,0,7,8,2.3,0,2.6,7.5,0,0,6,0,0,11.9,11.3,9,0,1,12,0,0,0,10,5,4.2,0,0,0,0,1.6,21.6,0,1,0,12.9,13.4,18,21.7,15,14.8,9.4,17.7,10.4,18.1,16.5,13.1,11.8,10.4,15.4,11.2,12,18.7,10.7,5.6,7.6,20.2,11.4,7,10.5,11.8,7.5,23.5,9,15.8,4.9,6.6,13.4,21.7,18.5,14.4,10.2,24.6,23.1,15.4,11.8,12,12.2,11.9,25.1,8.3,15.9,18,4.7,31.1,7.6,6.9,8.2,8.6,17,36.8,18.6,5.5,6,10,8.8,10.2,21.7,10.8,11.3,13.1,8.7,5.5,32.7,4.2,9.8,8.3,10.2,9.5,11.6,17.3,29,11.6,7.5,22,8,11.8,10.2,20,13.8,8.2,7.4,13.9,1.7,2.2,3.8,0,0,4.6,0,0,1,0,6.5,6.1,0,0,3.4,0,0,1.2,5.5,1,5.7,6.7,0,0,10.4,0,12.2,3.9,6.8,0,9.4,10.7,0,2.4,13.4,3.4,1.8,4.5,0,15,5.3,0,0,17,0.6,5.2,5,2.4,0,2.5,0.6,4,6.8,14,4,2.8,2.2,13,0,0,0,1,0,4.9,0,0.5,0,14,3.6,0,0.3,5.3,6.1,0,0,5,0,0.3,0,0,2.1,5.2,6.1,28,0,0,0,0,0,3.7,3.4,0,10.2,0,0,0,3,0,0,0.5,6.3,3.7,0,2,2.8,7,2,4.5,0,0,8.7,0,2.8,2.5,0,0,0,0,5,0,0,0,11.5,11.8,6.8,8.4,20.6,12,12.8,5,12.9,14.2,10.5,15.2,3.6,5.2,8.6,9.2,6,11.1,9.8,12.5,10,12.5,10.3,6.8,14.3,11.2,12.9,13.6,14.8,14.8,12.8,6.8,14.6,9,9.1,11.8,16.8,9.5,9,14.3,9.8,13.6,7.9,11,12.8,15.1,15.9,15.6,14.1,15.8,21.8,14.8,10,15.2,17.3,8.3,10.5,14.4,11.3,5.9,10.7,14.7,8.2,6.1,4,1,4.5,6,0,7.9,0,2,0,0,0,0,6,0,0,3,0,0,1,9,0,0,5.9
1955-09-01,0,0,1.9,2.8,0,0,8.8,0,0,0,14.4,1,8,0,0,0,5.1,0,0,0,3,0,0,0,0,0,0,0,7.5,4.5,0,11.3,7.2,0,0,0,3,4.4,0,0,0,0,0,0,3.1,0,2.2,6.9,0,0,0,0,0,5.5,13.5,0,0,0,0,0,0,0,0,0,6.6,0,0,0,0,3.8,16.6,0,0.6,0,13.6,14.2,16.6,21.7,15.5,14.4,10.1,15.7,9.1,16.2,25.4,10.8,14.7,15.3,15.6,10.9,11.3,13.8,10.5,6.6,7,16.7,12.4,7.1,10.8,8.1,11,19.7,8.5,11.7,5.2,7.5,12.8,21.4,18.8,19.1,11,21.7,19.4,13.6,11.8,16.6,12.1,9.6,25.2,9.1,15.3,18.9,5.3,30.9,8,6,8.9,10.8,15.5,34.7,20.6,4.2,7.2,10.1,12.2,10.5,20.8,12.7,10.2,10,8.8,5.4,33.6,4.8,8.1,6.1,13.1,10,11,17,32.1,10.4,6.4,20,6.9,14.3,10.3,18.5,16.2,8.7,6.8,13.1,4.7,2.9,2.9,3,0,5.6,3,3,0,0,6.2,8.8,5,10,5.3,11,3,6.1,4.5,0,7.9,6.7,0,0,13.9,0,14.7,5.2,6.4,0,10.4,13.5,10,5.8,12.5,9.9,3,6.4,0,30,3,6,0,0,4.4,4.6,0,1.5,0,1.8,2.5,0,4.3,0,0,2.3,0.6,0,0,0,0,0,0,11.8,0,0.9,0,0,4.2,0,1.1,5.9,9.4,0,0,7.5,0,1.1,0,0,1.4,5.3,4.3,17,0,1,0,0,0,1.5,4.5,149,5,0,0,0,4,86,0,0.9,7.5,4.2,0,1.7,3.7,6,7.1,8.4,0,0,8.5,0,7.1,7.4,0,1,0,0,0,3,4,1,11.6,16.4,11.2,11.3,23.1,12.7,16.7,0,12.4,14.8,10.4,16.8,3.7,8.2,7.2,10.3,8.9,10,10.6,14.4,11.2,14.4,16.7,9,17.3,17.1,15,14.5,13.2,19.2,12.2,8.2,19.9,8.2,9.2,10.4,17.3,10.6,12,14.7,11.7,17.4,10.2,12.5,17.8,16.6,16,23.4,18.9,15.9,20.9,8.3,14.3,16,17.8,10.7,11,12,12.8,7.2,11,14.1,6.7,6.8,6.3,0,4.6,17,3.1,5.9,3,0,0,2,0,1,8.5,2,0,2,0,10,3,5,6,7,14.4
1955-10-01,50,130,48.5,48.6,43,40,113.5,51,41,27,54.5,67,20,57,58,65,52.8,39,41,73,64,3,25,53,28,67,57,29,40.7,58.6,56,66.5,69.8,37,40,53,2,46,3,48,48,35,51,20,54.2,32,62.9,58.4,32,10,6,0,41,65.7,44.3,48,85,29,32,16,6,27,20,21,32.5,65,55,53,185,128.4,78.2,108,24.5,36,37.5,63,43.2,46.9,56.4,56,57.9,40.1,52.1,68,59.6,46.8,51.1,47.2,66.7,43.4,41.2,51.5,59.1,54.3,34.9,38.7,32.8,35.9,24.7,27.9,33.5,42.9,32.3,30.2,25.4,28.3,33.6,65,49.2,72.3,56.6,49.9,66.8,52.6,60.5,44.7,48.8,59.9,66.1,51,44.6,66.1,35.6,60.6,37.2,51,43.1,40.5,42.6,45.2,48.1,33.2,45.8,73.1,47.2,41.8,35.6,35.6,35,50.8,86,36.7,44.3,34,28.3,35.8,25.9,63.4,44.8,61,80.1,30.7,48.9,36.1,53,53.2,44.2,27.1,7.5,33.9,31.4,50.9,170.5,112,168.2,109,175,140.7,200,109,125,218,100.6,136.3,99,172,119.9,198,109,139.4,115.1,145,111.3,108,125,129,139.2,178,148.3,145.9,120.5,150,141.2,172,32,152.5,122.2,178,151.2,152.7,178.5,8,93.9,101,80,96,98.2,87,96,107.9,128,100.4,92,114,103.2,125,81,71.2,110.6,83,0,104,73,67,152,87.7,63,80.7,96,79,131.5,75,95.1,105.6,141.3,70,110,93.2,109,113.2,125,145,121.7,96.6,137.8,91,120,112.8,117,228,134,126.2,144.4,119,111.8,183,189,213,114.9,187,78,113.4,115.1,115.6,148,128.7,88.9,155.6,168.4,148.9,159,118,166,146,147.8,161.2,152,101,171,168,205,166,88,105,108.4,147.6,93.5,140.8,141.4,159.7,135.8,121,105.1,124.5,125.1,133.4,96.3,109,111.4,100.8,62,98.6,86.6,89.7,84.6,115.8,104.6,116.5,119.3,144.6,112.7,108.4,91.8,116.7,89.3,95.7,79.6,111.7,72.2,140.1,99.7,154.9,131.7,130.7,129.7,87,114.2,135.4,103.2,112.8,158.3,120.7,107.6,189.5,182.2,174.1,181.6,187.4,171.4,168.5,134.1,115,119.4,97.6,129.8,152.3,126.3,85.1,108.2,145,118.5,21,57.7,82,78,97,84,69,83,92,62.6,55,63,67,61,74,43,53,48,25,62.7
1955-11-01,55,104,37.6,28.7,77,50.9,98,31,41,27,62.3,30,34,27,74,68,54.8,41,59,132,59,73,47,78,56,53,98,108,54,67.7,40,68.7,70.4,27,30,67,56,56,55,30,42,52,29,23,46.1,59,52.5,57.5,59,37,89,94,26,64.8,52.2,38,48,58,64,77,78,48,11,61,34.7,37,23,84,271,132.9,68.5,103,28.2,67,29.5,66.2,36.9,44.7,54.4,55.7,54.5,42.1,46.9,49.7,56.7,51.7,51.6,55.3,69.6,47.1,40.7,56.9,53.4,51.3,37.8,34.5,24.6,35.4,24.1,31.5,30.2,41.4,34.6,28.8,24,27.6,29.5,70.1,62.5,90.5,56.6,57.8,67,57.7,61.6,53.6,53.9,65.4,71.1,55.9,49,68.7,35.2,59.7,42.8,50.8,41.4,35.3,39.8,43.9,49.8,32.5,38.4,60.6,46.9,39.6,36.1,35.4,39,50.6,72,41,47.4,32.4,29.3,47.3,25.8,68.8,44.5,68.8,71.6,27.6,47.7,39.3,53.5,72.3,44.1,20.3,6.6,34.9,36.3,54.4,149.9,180,142.2,97,80,119,75,97,181,130,79,105.4,240,168,109.4,171,97,123,103.5,134,103.7,83,156,169,124.2,147,139,130,88.2,57,110.1,162.9,94,128.2,103.9,133,126.5,122.5,128.5,30,64,26,53,53,74.8,69,59,82,153,84.7,73.5,45,78,60,56,53.7,88.8,102,94.7,98,43,77,139,72.3,55,64.2,142,101,110.2,127,94.4,86.5,121.6,110,66,69.6,180,97.3,146,165,120.1,92.8,115.9,80,37,80.4,142,121,169,105.2,118.9,27,85.5,64,449,235,98.4,238,89,92.9,91.1,107.8,144,117.5,80.6,116.1,124.8,135.5,145,142,125.2,160,120.7,124.9,137,144,143,131,147,121,110,81,121.3,129.4,75.5,121.7,96.8,119.2,101.4,86,82.3,104.4,96.7,116.7,88.2,99.5,92.1,78.4,62,87,65.4,83.4,78.1,91.4,87.1,102.8,97.2,129.2,103.1,98.8,91,109,80.1,84.8,70.7,65.9,45.5,106.5,86.2,138.9,119.1,121.8,113.1,74.9,102.4,113.8,88,95,119,100.6,89.7,143.5,151.8,134.5,146.6,160.7,137.1,124,99.8,95.5,102.8,87.4,113.7,112.9,104.8,74.2,104.7,134,107.5,92,76.4,104.3,106,38,118,119,102,105,80.8,125,38,22,39,38,72,122,30,86,77.3
1955-12-01,21,56,15.8,11.9,23,18.9,41.9,5,0,29,31.4,52,0,12,41,6,26.3,45,23,17,39,78,0,15,8,11,28,20,19.2,53.3,17,42.1,46.9,40,9,60,10,32.6,114,6,8,39,30,24,37,5,23.8,26.6,5,66,25,30,66,34,27.1,4,37,42,2,19,80,20,49,33,8.6,0,13,31,69,49,51.2,59,12,6,16.4,35.7,20.4,31.3,26.6,33,33.5,24.7,24.7,22.8,35.6,29.2,31.2,20.6,37.5,32.8,29.8,37.5,36.9,30.1,21,25.9,18,21.5,13.8,18,15.8,25.5,17.8,17.3,9.2,9.3,14.2,40.7,30.4,43.2,26.7,43.6,46.8,50.7,38.1,34.6,32.8,34.3,32.7,44.7,26.5,60.1,22.8,44.1,34,28,19.2,25,25,34.2,36.7,13.7,23.6,34.2,27.2,17,26.5,28.7,27.4,32.2,46,21.1,28.9,15.1,16,24.9,17,29.6,21.5,40.7,46.9,15.6,30.7,26.5,32.2,80,36.5,13.8,7.5,15,16.7,31.2,72.1,52.5,66,42,68,61.4,131,40,42,46,58.1,76.5,123,68,58.7,175,42,55.7,62.7,39,51.8,55.6,40,40,59.3,121,55.6,70,38.8,46,61.7,67.4,39,57.1,60,20,41.9,42.8,17.5,23,41.7,30,26,33,32.4,29.2,41,39,19,33.4,26.1,31,36.7,45,33,33.2,42,36,129.6,52,58,66,51,33.3,89,34.4,52,45,72.8,66,56.6,38.4,60.1,42,71,32.8,46,43.6,25,41,48.9,45.3,51.2,40,14,36.6,25,55,46,42.9,51.7,207,67,29,63,56,40.7,30,22,43.1,53.3,49.1,47,58.9,43,48.7,50.4,53.2,166,123,57.9,91,66.2,59.4,44,28,44,36,32,16,50,32,40.6,55.6,29.5,57.6,71.8,62.4,51.2,38,56.1,49.2,37,64.7,47,44.5,50.4,40.2,29.4,46.1,33.9,31.4,38.5,46.8,54.9,52.1,52.2,74.5,58.5,53.2,48.8,49.4,38.8,40.5,25.7,32.9,35.2,45.2,57.1,63.3,50.9,65.6,74.9,51,68,72.2,36.9,55.5,68.9,56.6,52.1,62,82.3,83.4,67,74,69.9,58.5,48.3,47.1,44.3,42.2,52.3,55.1,51.2,33.1,65.7,39,52.8,32,35.3,30.4,22,34,24,30,10,15,34.3,21,29,42,35,40,22,62,19,47,38.9
1956-01-01,23,76,95.4,98.7,164,170.8,134,76,46,142,156.8,123,140,120,129,140,99.5,98,84,120,126,198,105,83,160,149,133,149,122.5,144.5,142,139.4,164.9,70,220,53,122,160.3,62,126,48,112,93,94,105.8,83,126.6,126.7,84,189,175,159,147,125.2,115.3,110,117,142,100,84,140,87,137,154,103.9,140.9,110,216,107,140.2,112.2,133,59,40,119.7,169.8,94.3,132.3,158.7,123.7,153.4,136.1,141.6,132.8,148.8,127.1,152,109.1,143.3,160.4,147,159.3,141.5,137.8,92.6,86,68,121.5,70.9,68.6,96,74.5,96.4,69.2,65.2,69.1,88.6,161.5,179.6,179.4,156.1,138.6,150.9,214.4,166.9,152.7,155.1,160.8,168.4,173.2,197.8,158.2,137.5,154.8,118.3,132,104.8,110.5,122.5,114.8,109.2,75.8,102.6,121.9,102.2,131,109.7,88.8,107.3,121.6,113,134.6,148.8,113,72,152.9,108,167.4,148.2,183.3,220.2,94.7,139.2,102.1,138.8,131.9,133.4,33.6,15.6,107.5,84.4,132.8,199.2,146,149.1,120,130,135,104,120,157,139,115.8,172,253,4,152.2,186,120,139.9,162.9,141,137.4,160.8,156,132,153.5,162,163.9,144.4,125.6,110,128.7,166.7,117,147.9,186.6,217,173.9,155.3,183,80,138.4,145,130,222,147.7,123.9,140,166.1,126,143,122.3,28,135.8,131,124,109.9,124.2,134,149,160,78,129,155,81.9,89,109.7,158,200,196.3,216,139.3,149,193.4,189,212,107.9,126,163.3,163,145,140.6,125.4,181.2,145,101,136,105,153,95,148.5,166.3,9,192.5,121,231,187,150.3,141,121,122.9,174,138.2,148,151.1,126.3,144.1,139.1,145.9,199,161,154.8,137,160.8,130.3,134,135,163,120,206,168,206,144,146.8,140.2,125.3,137,194.1,133.9,154.4,133,190,150.9,141.5,147.4,153.4,144.3,165.9,133.4,89.2,119.9,114.8,117.5,115.4,158.6,150.5,154.1,151.4,147.8,145,159.5,157,159.6,126.7,187,174,142.4,101.2,187.8,106.5,157.1,152.4,151.2,153.2,104.3,120.9,147.9,175.8,141.3,177.8,139.2,124.7,213.2,239.2,204.2,215.2,242.5,204.5,174.6,162.9,157,143,126.9,151.5,154,157.1,118.6,150.8,141,143.3,74,118,126.3,125,111,175,123,137.8,164,109.2,88,66,36,31,89,91,156,31,65,110.5
1956-02-01,1.9,6,47.3,41.1,94,116.3,73.5,65,107,74,94.9,100,49,78,63,139,88,133,113,95,87,62,132,90,150,149,159,109,108.1,104.8,32,88.7,115,106,84,87,84,94.4,42,149,54,119,111,57,62.1,95,78.4,80.4,177,70,95,130,123,87.5,65.9,90,112,162,88,184,126,141,77,93,66.6,95.4,49,103,23,44,63.5,24,52.3,47,46.2,97.6,87.5,113.5,96.8,87.6,89.3,95.8,84.4,93,102,109.5,103.7,98.2,104.7,105.1,102.4,123.7,98.8,88.8,58.2,59.1,49.6,68.2,44.8,49,61.2,58,52.6,43.6,49.6,51.8,44.1,135.2,128.5,135,85.4,136.8,109.2,125.4,112.9,123,118.1,126.8,105.9,123.8,123.6,97.6,81.9,108.6,90.1,96.6,67.1,73.8,73.7,75.9,65.5,42.2,43.7,100.5,83.6,73.5,76.1,71.6,73.5,91.4,88,99.6,83.8,66.7,51.3,93.9,60.6,129.4,87.5,104.6,120.8,51.8,90.9,93.8,101.4,100.2,89.8,23.1,12.3,70.5,62.9,65.4,86.4,52.5,61.9,63,120,58.8,51,62,27,28,53.4,82,73,63,76.7,71,63,57.2,74.1,11,52.5,90.7,47,44,67.5,82,61.9,78.7,58.2,59,55,84.2,39,59,99.9,25,38,46.4,19,30,73.7,63,32,181,80.6,57,68,84.1,97,69.2,54.4,47,65.3,67,0,67.5,68.6,52,42,23,63,53,56,77,69,57.5,31,102,73.9,46,60.8,42.4,82.7,28,41,50.7,53,59.9,44,42,66.6,61.7,71.7,186,42,43.5,105,52,98,52.8,64.8,73,90.9,90,97,93,58.7,82,48,46,67,48.4,46,69.3,52.6,59.3,60.3,66.2,123,70,73.7,18,73.8,60.7,29,42,29,30,24,36,40,52,44,79.4,60.7,54.5,103.8,69.8,75.2,51,100.6,63.2,76.5,81.6,57.1,63.4,86.7,67.4,46,48.2,52.9,50.1,56.5,67.4,71.3,70.5,64.2,78.5,86.8,75.3,93.3,93.7,54.5,65.4,53.9,60.5,42.1,80.9,56.8,68.2,61.9,62,72.8,58.1,50.6,87.6,76.7,95.4,95.6,73.4,67.5,92.7,92,98.8,91.4,105.2,97.5,75.2,71.6,62.2,65.5,56.3,73.6,63.2,69.9,48.9,92.2,11,57.8,21,23.7,40.8,28,32,18,33,39,40,32.2,30,24,38,57,52,38,40,72,33,43.5
1956-03-01,0.8,9,25.9,22,172,45,82.3,45,9,28,88.7,40,96,21,44,69,73.7,40,105,91,26,52,29,122,26,33,35,16,41.9,79.4,35,91.8,96.9,31,23,34,35,76.4,104,127,72,61,42,56,53.7,44,56.3,74.7,49,89,5,40,15,103.1,39.8,73,59,24,163,15,0,77,75,24,25.7,62.6,0,56,95,74.7,46.9,171,18.7,28,22.5,50.2,33.5,46.2,51.3,44.9,49.9,38.6,35.2,51.3,46.9,46,40.2,43.2,50,49,41,57.1,52.9,41,28.3,39.7,23.1,24.3,18.6,24.2,22.1,27,31.7,26.8,16,19.2,21.7,57,61.4,71.9,43.5,53.2,65.6,65.4,50.1,56,52.6,58.3,61.4,63.3,53.5,74.5,34.9,58.6,43.7,46.4,31.6,35.4,32.3,49.6,49.5,27.8,29.2,47.8,42.7,36.5,38.6,37.1,40.4,43.4,91,40,46.2,27.8,23.5,34.6,21.5,41,33.5,57,78.1,22.4,37.6,42.2,46,39.2,37.4,23.9,6.2,29,26,52.3,99.8,95,93.9,97,103,88.4,81,97,77,111,57.4,103.8,11,78,98.7,60,97,91.5,95.4,69,67.7,76.7,101,86,95.1,67,85.3,97.6,53.8,26,89.2,124.9,147,101.5,125.7,77,90.9,94.8,93,109,66.7,77,50,54,60,47,46,64,40,62.5,43.2,49,65,35,77,37.3,57.6,47,58,45,38,50,93,49.8,67,43.2,77,60,86.5,77,62,51.4,85.3,50,34,44.8,70,58.6,68,124,89.1,93.7,76,140,64,52,52,53,75,72.1,69.3,9,100,87,93,127,60.1,159,32,64.7,122,67.4,127,94.8,62.1,90.7,81.6,96.9,155,67,90.7,66,87.3,82.2,77,82,96,79,62,106,102,87,92.6,88.7,56.7,86.8,119.8,84.9,86.8,87,109.3,78.1,86.3,113.5,71.1,71,80.2,66.8,55.7,51.4,56.7,58.1,60.8,65.5,71.6,80,79.7,92,94.3,73.2,83.6,104.8,51.6,71,39.5,52.9,37.7,80.2,65.1,80.9,74.2,89.5,90.9,60.6,78.5,99.4,65.7,102.1,91.8,106.6,81.4,101.3,104.2,96.3,100.1,107,99.7,82.9,71.7,66.7,66.6,55.4,69.7,68.3,70.4,52,93.6,69,86.9,143,179,100,78,80,132,124,93.8,115,87.7,60,35,127,50,123,23,296,105,156,118.8
1956-04-01,0,5,10.3,11.9,29,29.7,43,50,0,27,46.1,15,32,35,7,21,42.3,25,36,11,47,86,23,23,12,32,61,5,31.4,60.2,30,48.9,62.2,39,28,0,28,50,7,45,32,28,49,39,32.6,5,41.5,35.6,11,82,68,90,17,31.6,26.7,54,94,33,43,4,9,28,36,40,13.3,35.1,0,10,29,40.7,46.7,14,8.3,3,12.9,30.1,19.5,30.1,22.3,22.6,19.9,24.3,18.4,24.4,25.7,25.1,24.4,26,30.2,31.8,27,35.3,29.7,21.6,17.7,24.3,15.6,10.7,14.8,12.4,12,21.9,14.8,13.9,8.8,9.5,13.2,34.4,22.8,34.5,18.8,41.5,39.5,33.8,26.2,25.3,30.1,27.8,31.4,31.3,24.4,45.3,21.6,33,26.9,20.1,15.2,19.8,19.8,33.9,33.4,13.8,21.4,25.8,26.7,12.9,27,31.2,21.5,22.8,8,18,30.1,11.7,15.1,21.3,12.9,28.6,19.4,33,51,11.6,23.4,21.4,25.4,22.8,25.7,10.2,6.2,14.4,11.3,21.8,37.6,25,50.5,44,21,43.3,31,44,69,58,28.9,53.2,131,38,44.9,68,44,30.3,45.1,10,27.4,59.3,18,25,42.6,64,47.2,37,27.2,3,44.4,55.3,89,47.6,56.8,101,67.8,60.7,87,6,40.6,53,0,83,42.9,25.1,44,40.3,75,41.8,27.6,118,47.1,130,211,18.5,26.6,149,9,41,39,45,35,25.7,27,16.9,35,75,52.9,23,38.9,31.4,44.2,39,18,20.1,22,28.7,62,12,39.5,37.2,39.2,57,5,16.1,53,20,72,24.9,39.7,31,45.6,4,16,21,23.3,25,14,27,22,33.1,21,40.7,28.1,36.8,37.6,32.5,61,63,42,85,51.5,53.7,42,13,52,85,41,63,60,40,65.6,47.7,41.8,36.1,61.7,44.3,45.6,43,59.2,40.9,50,51.7,38.1,40.1,57.2,50.9,39.9,48.3,32.9,27.4,36.7,39.5,48.4,41.4,40.2,50.6,48.4,41.7,46.3,47.9,34.9,37.1,24.9,46.3,36.2,42.7,55,42.3,41.2,43.3,60.4,38.7,55.7,48,34.4,38.1,47.6,45.2,42.3,42.1,52.6,40.9,39.6,54.3,45.8,38.1,39.5,33.2,37.9,30.8,37.8,40.1,36.8,27.1,45.8,10,35.9,128,202.9,71.3,111,68,142,56,62.1,118,59.2,42,45,92,79,72,55,109,138,142,80.3
1956-05-01,0.1,17,7.1,6.8,0,15,25,2,9,23,14.8,36,0,18,13,27,11.4,31,0,11,9,4,5,0,0,17,16,0,9.4,12.7,15,18.9,16.4,0,20,0,0,15.1,0,13,0,0,0,0,12.9,8,9,14.9,10,10,1,0,2,13.6,9.1,0,14,0,0,10,9,7,0,0,5.2,10.6,25,21,38,48.3,44.4,28,6.4,18,11,25.3,17,20.2,16.2,15.4,14.9,17.4,17.9,18.3,15,13.4,14,20.7,21.4,17.9,21.5,21.7,17.1,13.9,13.9,23.7,12.7,8.7,12.9,9.7,10.8,19,10.9,11,7.3,6.7,9.9,18.7,15.7,19.8,14.1,33.9,32.1,22.9,18.1,16.2,18,11.8,25.3,22.5,16.7,27,9.9,23.3,23.7,14.8,11,11.8,15.8,35,25.4,7.7,11.7,16.3,22.2,9.3,25.9,24.7,15.8,16.8,11,8.5,31.2,7.1,10.6,12.3,16.5,21.2,13.2,24,28.4,9.7,15.4,13.6,10.1,20.5,12,12.2,5.7,11.2,10.6,19.1,37,27.5,46.4,54,25,33.5,41,54,30,67,36.8,46.5,63,55,35.6,75,54,27.8,33.5,30,25.5,29.5,40,41,43.3,14,44.4,38.9,22.7,33,38.6,46.4,23,38.8,49.1,71,55,47,78,3,20.5,22,0,36,14.3,10.2,10,19,20,19.9,13.7,24,21.1,24,22,14.1,14.6,35,18,32,20,24,31,22,29,16,39,35,32,40,20,19.3,39.8,32,55,17.2,48,24.8,40,24,34,27.7,32,29,30,15.7,8,26,32,21.9,26.5,7,27.8,21,43,34,24.4,50,12,23.4,26,24.7,60,34.8,27.5,31.7,26,30.9,45,13,41.6,74,49.1,43.6,19,58,79,64,81,87,48,49,42.4,35.7,9.1,30.5,56.9,40.9,39.5,39,33.2,33.7,25,46.2,30.6,28.5,33,30.6,27.7,33,20,24.9,22.1,29.9,24.4,27.9,33.3,41.4,34.2,32.2,33.3,30.6,25.7,20.6,22.6,22.6,25.9,25,35.1,28.7,32.6,35.5,42.3,32.1,40.6,37,25,33.3,40.5,38.3,28.3,42.2,41.8,40.6,34.5,39.7,45.7,33.1,28.6,24.1,27.9,21.8,28.3,27.7,26.5,20.9,45.7,30,29,24,2,43.9,55,50,58,36,33.3,43,44.8,27,25,41,40,32,27,23,22,9,33.4
1956-06-01,0.6,4,6.4,2.7,51,16.1,15.3,12,5,10,21.3,3,39,2,0,14,13.9,2,48,6,2,45,14,63,0,18,23,0,9.8,18.7,12,30.3,26.9,3,0,0,12,21.8,8,0,0,0,11,3,13.4,15,7.7,19.7,21,22,49,0,6,20.5,13.5,18,0,2,35,17,11,0,14,11,2,9.6,0,10,7,13.4,30,4,2.7,0,12,17.5,19.2,19.2,13.2,13.9,12.2,21.4,14.6,16.1,16.8,8.1,14.2,16.7,15.2,14.3,14.5,17,11.8,10.9,10.4,16.8,10.8,6.9,10.8,9.2,8.9,16.6,8.9,9.8,6.6,6.3,10.6,17,18.1,22.7,12.2,29.6,32.2,13.7,14,14.5,14.1,10.7,25.8,13.1,15.8,27.9,9.7,28.6,13.4,10.2,13.4,9,14.9,26.5,19.6,5.9,10.7,8,10.1,10.5,20.2,18.3,14.3,10.2,9,8.4,32.6,8,8.3,10.1,11.4,14.9,11.9,19.4,25.2,8.8,11.3,16.2,11,15.9,10.5,14,9.1,11.3,7.5,14.7,21.6,9,19.4,0,25,22.2,10,0,16,8,21.6,35.7,43,10,27.7,19,0,15.8,28.3,9,20.1,23.4,15,6,23.5,53,18.6,22.4,13.8,6,17.5,20.1,42,27.4,41.6,10,16.1,15,26,0,12.6,7,5,44,10.6,8,12,14.9,0,17,7.3,28,19.1,36,10,5.4,8.7,10,0,31,13,16,33,14.4,1,5.7,0,8,20.2,10,13.5,11.1,31.3,15,6,12.1,6,14.8,9,16,11,21.1,20.2,1,10,9.1,18,12,19,9.6,17.1,0,21.9,34,23,55,17.2,13,35,15.2,17,19.3,12,28.7,15.9,18.1,17.8,19.6,11,52,29.1,20,33.4,25.1,6,1,6,6,0,3,5,1,21.7,29,11.8,19.9,53.1,23.6,31.7,8,32.7,21.9,19.4,50.6,16.3,16.1,28.4,22.1,18.4,26.1,13.6,25.4,18.5,24.2,25.5,17.9,25.5,29.2,26.6,21.6,27,27.6,26.7,14.3,19.4,21.6,19.1,16.4,27.3,18.5,24,19.2,20.8,23.8,21,30.3,21.1,31.7,38.9,37.7,25,27.7,28.3,29.9,17.1,31.5,28.1,23.8,14.5,17.8,18.2,14.8,18.2,22.7,18.5,13.9,31,9,14.9,4,4.4,9.1,0,0,0,0,8.2,1,14.3,0,0,10,0,0,0,6,0,5,11.6
1956-07-01,0,0,1.2,2.3,0,0,8.9,0,0,0,12.6,0,0,0,0,0,17.5,0,0,0,0,20,0,0,0,0,0,0,10.2,13,0,15.8,12.8,95,0,0,0,18.3,21,10,0,9,35,18,3.4,0,8.5,16.6,0,15,21,17,0,9.6,14.1,0,11,0,0,0,0,0,58,30,7.3,6.1,0,0,0,10,20.1,1,2.4,2,11.3,11,18,24.2,20,16.9,11.8,19.1,12.5,15.6,21.2,16.7,19.7,17.2,20.2,16.7,15.4,24.3,19,10.7,8.7,15.5,15.6,7.2,11.3,8.3,7.7,19.2,9.9,12.6,4.9,7,10.3,27.4,27.5,26.6,10.2,26.5,25.8,20.2,20.9,17,13.8,15,26,11.7,21.2,17.4,9.5,24.9,15.9,7.1,11.4,14.3,17,34.3,17.5,8.8,8.1,13.1,13.5,11.6,22.4,15.6,11.4,12.7,11.4,5.7,32.6,7.1,9.2,9.5,15.4,12.2,10.6,20.1,35.9,10.8,11.4,19.3,11.6,15.3,10.3,17.9,10.4,10.7,8.3,14.5,3.8,4.8,5.3,22,0,2.5,0,22,0,0,6.8,8.7,26,10,7.6,0,22,4,4.4,0,7.9,4.5,0,0,12.8,20,13.6,6.7,5.8,0,10.1,16.1,30,6.3,11,5,9.4,12.8,0,0,2.5,10,0,0,5.4,6.3,17,1.6,0,4.7,0.5,0,2.7,0,2,3.2,2,1,0,0,0,0,18,9.2,0,4.5,0,0,7,0,3.9,5.2,7,4,0,4.4,0,0.7,0,0,0,4.3,5.5,2,0,0.4,0,0,0,1.3,2.3,1,9.4,0,0,0,3.4,0,0,2.8,2,5.8,0,2.1,4.3,3.7,5.5,6.5,1,20,13.1,30,7.2,9.9,5,0,8,10,21,6,5,38,16.2,15.9,9,9.3,23.7,10.4,13,0,14.4,8.9,13,18,4.4,2.4,7.5,12.1,7.8,12.3,12,16.6,11.8,15.6,9.1,9.1,14.3,10.9,11.6,13.2,17.5,16.2,8.8,7.7,11.1,10.9,10,8,16.7,11.1,9.5,14.3,9.7,14.1,8.1,10.8,12.2,14.6,17.6,20.8,14,17.2,19.7,21.6,8.4,14.3,12.2,7.5,9.1,10.7,7.5,7.1,4.8,12,6.2,6.4,7.6,0,6.4,3,4.9,9.7,0,0,0,1,11.3,1,11.1,0,0,0,0,0,0,27,7,3,15.3
1956-08-01,0,0,1.3,4,36,3.7,10.5,26,0,0,24.6,0,37,6,0,0,25.4,0,33,1,7,35,2,20,9,1,2,0,10.7,25,0,33.8,27.1,22,0,0,50,27.3,0,17,27,25,19,46,7.3,0,9.8,28.5,0,33,50,23,0,25.4,20.2,25,14,19,38,6,44,20,64,37,7.9,22.2,0,0,21,13.4,21.7,6,2.4,0,16.1,14.4,14.6,20.1,16.4,13.5,14.1,14.7,11.7,20,15.6,14.2,14.6,16.6,19.1,12.5,11.1,14.4,12.4,11.1,9.3,12.1,12.1,6.1,9.9,9.6,10.7,15.8,9.5,7.2,4.1,5.8,10,14.8,18.2,18.9,11.1,35.3,27.3,13.6,14.6,17.3,17.9,12.2,27.9,8.9,15.6,22.5,8.2,24.1,12.7,7.1,12.9,14.5,11.8,23,12,5.6,8.1,8.1,11,7.1,19.4,19.1,14.9,12.3,2,6.6,31.3,7.5,9,9.8,9.1,12.4,8.4,14,28.1,9.1,9.5,17.9,12.7,12.8,9.5,13,11.7,12.2,6.9,14.3,11.5,6.2,8.1,23,6,8.9,11,23,12,3,10.2,15.4,20,0,9.7,10,23,4.8,10,7,8.6,11,7,4,13.1,5,13.8,12.6,7.3,1,9.3,14.2,15,8,23.4,20,17.4,18.9,15,23,8.4,7,10,22,7.3,7,29,7.5,0,8,2.8,10,12.5,13,11,3.2,5,11,0,11,1,0,0,9.4,0,2.9,2,11,10.5,0,2.5,7.3,10.9,10,0,2.4,0,4.2,11,2,6,8,10.2,3,0,2.1,0,0,2,4,8.7,38,14.1,0,4,2,3.3,0,0,4.6,23,5.2,6,10.3,3.9,7.4,7.6,10.2,12,5,11.9,18,16,14.9,13,9,22,1,6,29,27,20,24.8,17.1,13.5,12.7,35.5,12.1,20.6,9,28,12.2,15.5,19.8,4.1,9.5,16.8,13.7,12.9,16,12.9,19.9,13.3,17.8,17,8.9,12.4,14.6,17.3,13.9,16.6,20.3,16.2,12.6,15.9,16.6,10.6,9.8,15.8,13.1,13,15.1,11.7,14.6,15.2,13,15.6,16.4,21.8,25.6,16.6,15.5,17.7,11.3,9.5,15.5,13.7,11.1,12.6,11.7,10.4,7.9,14.5,13.7,9.2,6.5,11.5,7,5.9,44,38.1,21.8,42,22,27,31,21.1,14,20.7,16,23,28,16,13,34,57,38,45,36.3
1956-09-01,2.2,33,5.5,5.9,17,0.7,23.7,14,0,0,20.5,3,4,4,0,0,12.5,0,26,5,4,2,0,15,0,0,2,0,4.1,14.5,0,28.9,32.6,10,0,19,15,19.4,20,16,16,8,6,15,12.7,0,12.2,22.6,0,0,7,5,0,17.3,9.5,6,24,0,10,0,0,0,15,3,3.5,10.4,0,0,12,31.2,40.7,9,4.9,9,14.1,17.9,13.1,21.7,11.3,13,11.5,17.7,14,17,9.9,12.3,12.8,22,14.2,12.5,17.3,15.4,14,9.2,13.1,17.2,11.1,7.4,10.9,8,8.8,17.3,11.7,9.9,6.5,6.6,8.8,15.8,15.9,17.3,10.9,25,25.6,14.5,12.6,11.1,9.4,9.2,26.3,12.5,14.4,24.7,7.8,21.2,18.1,12.7,11.8,7.5,14.6,35.8,30.4,9.7,11.8,12.1,12.6,9.3,29.8,24.2,13.8,8.1,15,7.5,33.2,4.9,9.1,8.1,10.1,14.2,9.8,15.2,31.8,9.7,8.8,12.7,9.4,13.8,11.1,14.3,9.1,10.8,8.1,18.9,33.6,49,25.9,49,28,24.8,16,49,23,10,31.2,34.7,10,6,32.4,5,49,20.1,30.5,38,21.1,25.7,60,48,31.3,32,22.9,19.9,20.2,20,26.6,25.2,44,28,40.1,11,36.7,38.9,22.5,0,16.2,13,30,19,13.5,12.8,18,17,10,25,12.6,11,21.6,7,25,15.4,18.1,48,84,52,34,15,32,15.6,32,15.9,34,43,31.9,55,17.8,19.8,38.5,25,12,15.4,49,23.2,30,13,19,25.7,30.3,0,12,13,8,20,17,16.8,26.6,257,27.3,13,12,14,21.4,12,19,21.6,2,24.5,9,29.2,22.9,23.8,17.6,23.9,11,31,30.9,42,34.4,26.3,38,27,37,64,45,23,65,45,42.8,35,13.5,24.4,51.3,25.7,34.8,61,40.5,30.4,24.8,40.3,29.2,26.7,34.2,27.1,23.9,30,19.6,21.6,17.6,30.8,24.4,25.8,30.9,31,30.8,31.3,31.8,32.9,24.2,21,22.2,28.9,28.2,24.1,35,20.4,25.4,26,36.2,26.5,34.5,30.2,29.6,27.9,38,42.7,24.2,34.7,40.3,42.7,30.1,40.5,39.5,32.4,26.3,22,25.5,20.2,27.5,28.9,24.7,16.6,27.4,38,22,16,38.5,43.1,28,20,35,38,38.7,37,45.7,28,34,52,43,56,57,55,57,45,46.6
1956-10-01,82.6,156,120.7,131.2,95,121.9,194.3,117,102,94,188.3,163,224,66,154,80,136.2,101,130,146,71,184,119,110,113,89,90,90,132.2,148.4,198,166.6,213.1,80,130,137,156,175.7,78,127,149,84,105,183,131.5,99,145,127.6,103,164,107,36,133,157.7,120.4,186,167,97,202,127,75,88,157,160,169.5,136.8,88,78,116,143.4,125,91,83.6,97,132.4,182.4,123,153.4,161.9,164,193.8,146.3,157.1,135.5,154.3,157.3,139.3,139.5,160.3,169.2,169,176.5,169.7,171.2,105.2,99,85.9,142.8,93.3,84.5,106.1,110.2,110.9,94.6,78.2,85.5,96,177.6,204.2,207.9,174.6,156.6,175.2,248.2,180.1,172.2,214.3,189.8,166.8,191,221.1,194.1,147.8,165.2,124.3,141.4,140,115.4,139.6,106.4,121.2,90.6,108.1,139.9,145.9,131,140.6,101.5,138.7,139.6,140,178.4,155.4,127.2,96.2,172.5,151.4,186,180.9,229.1,259.1,123.6,171.5,143.7,174.9,146.6,153.4,53.3,31.6,140,104.5,146.5,231.9,189,183.4,108,205,167.4,224,107,201,277,166.4,182.7,220,15,253.8,260,108,206.4,214.3,218,180.7,204.1,199,188,199.3,276,184.5,172.4,156.5,196,182.2,176.1,178,193.7,196.8,180,178.5,162.3,193,15,159.1,88,125,186,163.7,135.2,167,192.9,141,201,137.8,96,157.6,87,125,141.1,163.6,149,88,170,142,118,197,76.6,126,148.5,180,176,228.3,112,190.1,180.4,261.5,200,186,132.3,183,205.8,180,225,243,149.1,197.4,119,109,147.3,217,148,232,197.9,202.6,173,203.7,127,282,293,181.1,301,83,209.6,272,186.8,240,221.2,171.9,181.4,174.3,182.8,259,276,175.8,241,187.5,153.5,167,82,115,125,100,168,174,141,160.8,177.5,150.2,149.3,221.7,164.4,176.8,305,217.2,195.5,177.6,199.9,194,181.6,202.9,155.9,111.5,149,133.7,151,148.4,182.7,159.8,186.6,175,176.8,163.2,173.9,196.8,184.9,171,196.6,212,166.7,120.5,199.4,143.2,181.3,178,171.8,161.1,124.8,124,185,216.2,153.2,212.8,159.9,156.4,234,297.5,257.5,233.4,283.4,288.2,185.2,161.2,178.9,169,141.7,177.6,170.1,164.8,130.7,201.8,218,183.9,112,135.8,150.2,198,165,231,172,174.1,157,164.1,144,142,161,138,166,97,57,173,128,142.2
1956-11-01,90.1,98,124.2,143.2,200,96.7,195.9,156,31,110,196.9,138,228,289,196,211,238.2,185,248,189,193,163,83,165,187,212,171,167,138.9,193.6,143,205.6,236,194,97,123,201,244.5,157,153,220,283,205,224,150.1,101,163.8,184.4,149,195,188,197,180,220.5,173.5,186,173,210,242,78,174,241,243,147,180,190.1,118,105,123,130,168,66,94.5,122,149.2,269.1,144.9,235.4,256.2,194.1,239.6,195.3,170.9,204.5,168.7,219.5,229.9,223.9,274.2,224.8,194.4,246.5,209.1,198.9,121.7,121.7,113.2,152.3,89.7,93.6,128.3,129.2,128.8,103.4,116.1,129,96,251.5,242.7,264.1,237.2,303,211.9,285.7,251.5,226.9,285.8,283.3,178.8,223.4,289.7,228.8,186.4,180.5,160.5,174.6,187.7,140.5,169.4,154.2,148.7,112.5,124.9,176.9,185.5,127,138.7,150.7,165.8,167.3,124,205.1,160.1,134.8,143.1,245,188.6,268.5,230.1,258.2,280.7,138.6,194.1,201.6,215.4,121.5,180.3,60,68.4,148.4,142.4,153.1,249.7,304.5,134.6,130,120,144.2,129,130,157,173,135.5,133.4,135,45,165.7,222,130,174.2,156.6,202,172.5,204,145,290,191.3,122,146.8,176.2,147.1,130,149.6,141.6,91,147.9,136.4,122,134.9,120.1,119,60,155.2,216,130,279,181.2,134.6,153,185,192,65,161,117,159.5,188,180,155,174,238,104,236,110,197,280,92.8,143,185,190,268,235.2,237,188,177.8,267.8,180,267,157.2,197,197.5,150,225,261,147.2,181.4,85,225,134.1,186,172,209,167.9,190.9,77,166.9,213,238,161,167.3,135,87,156.7,95,186.4,167,155.8,146.2,167.9,142.2,177.3,109,122,154.6,151,137.6,111.6,114,135,142,107,80,178,105,121,105.7,163.1,160.2,127.6,132.9,122.4,157,127,184.9,176.2,196.8,150.1,160.9,157.5,200.4,167.2,122.3,174.4,130.8,124.6,124.1,170.4,154,165.3,179.9,184.5,130.9,148.6,181,132.8,170.1,167.3,253.1,142.1,104.1,205.9,104.7,184.7,192.5,157.2,149.8,150.4,102,147,200,137.9,172.2,145.4,116,279.8,292.1,308.5,263.5,305.5,306,179.8,191.5,172.9,174,145.6,188.2,187.4,177.3,143.2,158.4,202,138.4,116,66.5,118.1,158,152,142,146,129.9,120,127.7,129,140,147,91,135,82,111,136,80,87.2
1956-12-01,36.3,86,62.8,48.7,70,48.2,85.3,110,70,22,63.3,48,107,36,64,67,78.1,10,81,20,51,109,68,78,55,78,60,46,64.2,72.2,37,76.7,73.2,54,12,72,33,61.1,149,52,46,71,69,71,50.4,128,56.2,53.7,117,74,108,74,15,86.8,61.6,82,48,49,85,47,131,42,58,43,34.9,52.5,26,55,37,74.2,93.2,61,45,32,55.4,72,65.8,65.9,54.2,53.7,65.7,54.2,63.4,62.5,69.1,60,58.4,60.9,78.2,73.3,52.5,74.4,83.8,72.6,49.5,35.8,40.9,51,38.8,40.3,46.7,51.8,47.7,34.5,32.8,37,37.8,78,72.9,91.4,72.3,70.9,94,72.7,61.4,59.4,68.4,67.2,80.1,84.4,64.5,74.2,47.7,77.1,59.2,59.8,53.5,52.2,61.6,62.9,53.3,49.5,53.4,76.7,61,48.5,52.7,40.3,44.6,75.1,19,53.9,52.7,45.6,35.5,64.5,38.9,79.4,61.7,66.7,79.7,42.1,65.1,53.7,70.9,59.2,52.9,17.9,8.6,54.2,45.6,54.9,146.7,176.5,86.1,17,92,74.1,63,17,121,23,84.5,68.5,62,71,88.3,117,17,87.6,82,98,98.3,87.1,142,143,104.5,91,72.5,105.1,139.5,112,72.3,82.5,12,72.6,68.8,6,41.7,47.8,77,80,71,23,20,102,90.8,80.6,51,98.9,45,148,84.2,118,79,78,66,79,112.3,85,122,68,94,120,97,96.9,114,97.9,76,86,137.6,182,113,117.8,110.7,66,171,80.2,174,118.8,132,139,136,63.4,96.6,16,85,116.5,105,141,94,94.5,115.1,49,72,113,144,132,100.7,170,83,88.8,40,94.9,129,82.2,87.8,68.7,79,98.2,134,91,80.1,210,62.2,57.8,44,130,34,15,42,4,33.8,25,32.9,91.8,94,52.3,74.2,70.6,84.7,87,73.3,100.9,84.1,77.5,78.9,88.1,90.9,84.4,55.3,74.3,72.9,61.7,69.9,89,101.6,87.3,81,98.3,81.2,87.8,81.6,73.2,67.7,81.4,51.4,68.6,48.1,90.8,47.5,97.7,100.4,96.2,96.3,62.2,50.8,72.8,75.7,76.2,87.3,57.8,59,170,184.9,145.6,142.3,169.9,162.2,146.6,145.3,135.9,144.6,114.2,129.5,154.1,144.1,88.7,76.3,98,68.3,20,22.3,27.5,23,15,19,10,19.7,14,25.8,23,160,20,3,0,30,12,19,15,35
1957-01-01,38.4,127,87.2,69.8,95,118.4,89.4,180,25,117,108.6,145,124,159,185,56,136.1,108,88,111,142,70,81,90,62,84,119,133,104.7,152.2,93,128.4,115.2,113,94,141,141,143.7,108,128,159,250,92,146,74.8,128.2,100,106.2,60,80,124,58,88,126,103.6,243,40,151,281,121,123,239,118,106,91.9,122.4,79,114,47,57.9,129.6,43,83.5,29,98,142.2,104.6,142.2,151.6,138.2,144.8,127.7,114.8,157.1,131.8,131.9,146.2,106.1,126.3,167.7,146.9,164.3,127.3,143.6,102.9,97.7,62.5,103.3,70.1,90.9,107.1,79,88.8,65.9,64,74.4,69,157.6,191.3,176.5,144.1,151.4,159.8,218.6,174.9,155.9,147.4,146.2,152,165.2,183.4,159.8,102,154.8,111.5,139.8,103.3,100.8,115.2,125.8,94.4,67.1,82.9,114.9,100.8,104.7,97,88.6,111.3,119.7,98,113.9,138.7,102.8,78.2,124.5,79.9,179.1,138.5,133,169,86.1,126,110.2,121.5,96.2,119.4,25.9,20.8,101.2,85.3,114.4,137.3,100.5,60.4,26,100,56.4,6,26,80,45,72,68.6,28,62,78.5,81,26,60.2,81.8,122,83.8,136.8,80,108,95.2,75,66.7,64.6,116.8,89,50.5,59.8,23,46.9,81,80,47.7,53.7,42.5,25,123.7,57,155,147,158.4,102.6,145,147.8,126,94,110.1,125,108.7,126,103,92.3,107.7,82,136,78,183,170,98,93.3,144,113.9,114,78,134.2,110,108.3,107.8,132.9,138,172,98,81,115.2,163,128,118,66.9,92.4,181,91,112.1,82,120,66,68.8,96.1,87,95,85,108,46,113.8,56,75,61.6,62.4,85.2,58,68.2,68.6,72.9,66,75.5,86,75,75.5,78,65.1,49.4,30,31,11,52,26,42,23,48,50.2,88.3,107.9,48.6,80.3,61.5,91.8,117,100.7,88.4,108.5,67.5,79.3,86.6,91.6,109.7,67.3,87.9,84.5,53.3,68,97.4,110.1,85.7,83.5,91,91,90.4,102.6,82.5,94.4,118.9,108.9,99.2,69.5,147.1,41.3,77.6,83.2,83.4,77.7,75.8,54,71.1,103.3,74.6,83.2,69.1,55.3,135.7,166.5,139.5,129.8,157.7,152.8,139.2,137.3,144.6,147.1,122.8,118.2,153.4,135.2,91.9,78.9,122,63.1,22,70.9,49.9,14,40,11,69,44.2,40,51.9,51,41,18,14,13,47,47,53,22,48.9
1957-02-01,20.7,58,55.7,46.6,28,53.7,77.9,96,50,58,66.7,57,55,44,75,28,69.4,69,63,97,77,70,43,35,52,37,41,26,58.1,65.2,90,77.8,70.9,76,59,143,61,64.3,85,92,53,57,115,131,50.2,84.9,62.2,49.8,75,81,103,25,35,73.9,51.8,47,46,94,49,60,42,55,79,112,47,61.4,53,96,83,84,71.4,124,45.7,104,39,73.2,60.6,83.5,63.3,65.9,64.7,53.1,66.3,65.8,72.3,72.3,70.1,64.9,80.4,73.4,60.9,80.8,76.2,71.2,46.6,39,34.7,40,33.9,35.6,35,45.4,45,34.1,31.4,33.6,40.1,83.4,84.4,101.6,73.9,75.1,84.2,82.7,76.4,68.8,75.6,78.8,81.9,89.1,81.5,80.4,63.5,71.8,57.3,64.2,60.4,56.6,46.6,52.5,50.3,36.5,49.6,76.4,63,48.1,44.5,50.4,52.2,74.5,85,53.7,57.9,43.7,34.6,49.3,39.4,81.2,61.4,72.4,73.9,41.3,60.6,52.3,73.4,84.2,63.2,20.5,6.8,49.1,45.4,61.6,128.6,151,122.2,79,49,99.3,107,78,131,51,93.5,107.3,124,61,97,161,79,84.3,91,75,98.4,89.6,107,118,127.4,133,98.1,109.5,112.9,111,93.4,119,43,114.3,101.1,67,79.2,83.2,84,100,70,25,28,138,79.9,75.1,62,102.7,97,131,82.3,15,73.7,75,37,74.4,99.1,76,111,46,101,120,190,98.3,101,74.4,145,61,130.4,170,95,98.8,109,84,99,71,147,104.8,63,116,81,87.8,102.5,49,75,97.1,68,82,52,90.1,99.5,113,84.5,99,176,135,97,112,23,87.1,86.9,86.5,92,103.5,79.4,96.4,102.7,116.3,101,132,110.2,156,119,96,52,76,96,64,83,102,86,63,74.9,104.1,74.2,94.6,106,102.4,98.8,106,84.3,89.1,92.6,132.7,74.9,78.8,83.1,71,52.8,72.5,76.4,77.2,72.8,78.3,94.8,82.8,93.6,106.6,84.9,83.4,80.2,96,81.7,80,57.4,76,55.1,103.7,77.4,107.3,100.6,106.2,95.2,64,75.4,104.5,67.4,107.7,95.8,100.9,82,144.9,145.9,139.8,137.9,141.5,146.4,123.4,117.8,115.5,111,92.6,109.7,125.3,118,73.2,110.6,75,89.9,20,14,44.3,74,30,69,43,47.5,59,37.5,21,27,27,24,39,15,11,24,11,42.5
1957-03-01,23.1,71,88.6,75.4,129,108.1,115.6,63,82,158,111.1,132,97,202,197,106,109.4,144,130,120,142,634,122,110,87,123,100,106,111.9,136.8,239,137.2,101.7,108,231,98,17,141.4,82,133,125,91,84,115,86.3,147.2,115.1,101.2,188,131,100,56,108,119.1,113.7,87,160,83,167,70,25,29,107,118,110.8,127.5,194,91,158,112.5,123.2,74,83.4,70,110.1,156,107.7,138,144.7,145.9,162.2,142.1,144.3,146.1,157,137.9,153.9,118.5,138.8,158.4,144.5,174.8,153.8,145.5,87,92.2,57.4,124.5,89.5,93.1,105.1,95.7,89,72.5,75.7,83.2,88.7,157.6,173.3,199,167.8,148,161.1,201.7,177.4,159.3,174.2,179.2,163,165.8,212.2,199.2,121.6,171.4,122.1,144.6,118.6,120,109.9,141.2,98.1,82.6,86.3,129.4,103.2,119.9,112.1,95.4,101.8,124.4,122,132.1,148.5,118.7,80.7,141.6,103.6,181.3,146.1,152.7,175.9,112.5,128.8,125.7,124.1,107.5,125.2,31.7,27.2,123.2,101.7,131.3,141.2,82,118.5,66,120,98.9,94,65,118,100,72.9,114.8,197,247,95.7,157,66,85.5,93.7,103,79.9,147.8,81,76,120.6,111,118.3,111.6,92.8,94,73,145.6,106,111.7,99.1,57,99.3,105.7,28,0,120.7,166,113,239,132.8,103.5,173,123.8,101,74,107.4,152,111.2,122,101,76.3,100.3,130,121.6,77,58,107,89,102,132,104,54,78,133.7,157,96,94.7,150,100,127,90,125,118.3,96,118,100,93.6,103.9,133,15,91.2,72,55,109,90.9,122.6,42,109.8,55,120,78,113.9,127,60,82.4,93.3,109,87,101.7,79.4,101.4,83.9,104.7,103,110,110.3,72,115.2,120.1,237,112,159,91,59,24,66,109,100.5,93.4,111.2,74.6,94.4,95.9,95.2,116,120,92.1,117.2,103.5,92.7,97.8,89.8,135.1,75.2,94,87,72.4,84.3,103.9,115.6,94.9,90.1,104.7,95.6,107.6,112.1,106.2,98.2,142.9,127.9,99.7,71.8,151.4,71.8,101.2,105.8,116.7,102.2,86.4,84.4,111.6,106,115.7,113.8,95.5,77.8,153,156.5,140.4,138.9,150.4,157.9,117.9,116.7,119.3,116.7,106.4,115.6,110.8,104.9,79.7,93.1,103,103.8,146,270.4,109.3,57,47,56,147,104.1,90,125.5,153,154,234,136,115,161,232,203,287,129.8
1957-04-01,3.8,2,20.3,14.3,79,27.6,64.9,27,0,15,61.8,7,28,14,12,27,43.8,18,81,40,1,39,18,102,8,23,27,13,20.5,55.5,29,57,75.5,15,15,31,50,42.8,62,37,49,13,23,38,41.7,29,33.3,46.2,34,54,100,68,15,54.4,26.9,25,41,6,29,12,56,0,25,27,9.6,24.8,12,15,84,80.2,56.1,53,14.3,18,13.5,34.1,20.5,26.6,21.7,36.4,28.5,25.3,22.5,14.1,28.6,22.8,18.8,22.2,30.4,32.4,25.3,28.7,31.3,24.2,21.3,29.7,14.5,18.4,14.8,17.6,14.4,24.2,20.7,20.8,10.8,11.5,13.4,25.2,24.8,32,24.4,33.6,50.9,31.3,28.7,27.7,26,28.5,22.5,36.3,23.5,53.7,19.2,44.5,27.1,27.6,15.6,17.8,23.3,37.3,40.6,18.2,26,30,26,19.4,26.8,31.4,30,29,36,26.3,33.7,12.1,16.1,18.7,15.3,31,20.5,32.3,34.4,16.4,21.2,21.1,22.6,17.6,27.1,17.9,4.8,16.5,18.4,35.6,86.3,99.5,96.3,100,49,82.3,117,100,58,44,61.1,93.5,86,88,85,87,100,71.3,80.6,77,60.2,63.2,51,63,76.3,96,73.3,83,47.3,42,75.3,101.7,98,82.8,86.4,126,118.3,114.4,118,34,50.7,38,35,55,46.6,42.8,60,52.1,67,47,39.1,69,58.7,81,58,31.8,62.6,84,73,106,49,61,48,35.5,45,38.6,87,36,89.5,76,69.6,52,80.7,68,80,45.8,125,53.9,54,120,27,62.1,64,32,20,40.8,58,46,51,66.6,56,40,90.4,50,93,74,48.8,61,37,66.2,83.5,61,75,73,56.8,65.6,71.2,80.3,63,95,80.2,119,102.1,77.6,77,88,76,109,128,110,142,105,108.5,78.8,46.3,69.3,84.4,80.7,72.7,106,70.8,64.5,68.6,92.1,62.7,60.4,70.2,56,47.1,51.6,35.3,47.8,62.4,61,62.1,68.7,71.3,69.9,78.2,63.4,67.4,91,43,61.4,41.5,50.5,30.8,67.7,69,67,59.3,68.4,72.7,54.5,77.1,88,53.6,86.1,82.5,78.4,76.4,90.5,87.9,86.4,72.3,95.5,85.8,68,60.2,64.8,62.1,53,62.6,61.9,57.6,49.8,97.6,77,77.9,104,66,89.9,94,72,91,102,89.5,98,83.1,105,114,108,91,113,73,72,85,98,84.7
1957-05-01,5.4,16,12.6,14.2,28,3.8,37,16,0,7,27.5,17,14,0,0,11,19.7,8,23,0,1,20,0,17,3,0,5,5,6.8,41,0,42.3,57.5,5,5,0,25,27.9,0,8,9,0,13,35,29.5,9.2,19.9,28.7,0,12,19,46,0,28.3,16.6,15,13,4,19,0,31,0,21,32,4.1,11.5,6,5,0,29.4,47.8,4,4.4,4,14,16.7,18.2,22.1,10.5,17.7,16.2,19.1,14.6,16.8,18.9,13.2,12.4,19.7,19.1,15.9,22.8,17.8,14,15.3,15.7,20.7,12.6,8.7,14.3,11.9,10.9,15.9,11.9,13.6,6.6,7.2,12.9,16.9,17.5,16.4,13.2,28.1,31.6,16,13.9,13.4,13.5,16.5,27.2,14.7,22,30.5,12.7,35,20.2,14.7,11.4,10.1,18.3,37.4,41.2,14.3,14.5,17.3,13.9,11.1,25.9,21.8,17.2,15,14.4,11.2,32.6,7,9.5,12.2,12.6,17.8,15.1,24.1,30.4,13.7,14.4,21.1,15.2,18.4,16.9,15.3,7.1,9.9,11.2,24.4,50.9,51,37.9,5,65,43,64,4,44,60,32.1,47.1,17,2,61.1,24,5,39.1,62.3,52,35.6,42.9,57,70,46.7,44,33.1,37,31.5,15,39.5,47.9,72,39,71.4,29.4,27.5,28.6,0,0,28.7,28,25,8,24.2,22.5,9,30.4,21,0,20.1,18,31.8,28,19,24.2,29.9,24,18,99,37,3,98,21.3,55,20.9,59,28,53.2,72,41.9,30.8,49.3,12,25,23.2,68,39.8,20,57,104,39.6,49.8,30,20,26.1,55,25,43,44.2,45.4,7,72,34,35,0,31.1,52,25,34.5,61.7,34.5,31,46.4,37.5,38.3,32,31,42,43,45.9,18,59.9,33.8,6,0,5,24,10,0,0,5,35.8,49,19.8,34.8,74.9,42.5,49.1,37,69.7,43.4,34.5,62.7,41.1,50.2,49.5,36.9,26.9,34.5,23.1,29.6,29.4,35.4,42.8,49,46.8,52,47.5,46.2,50.4,53.7,30.9,32.2,28.7,31.2,27.8,36,37.7,41.8,44.1,38.2,55,35.3,38.8,43.8,28.9,50.5,55.8,48.6,38.1,44.8,60.4,57.1,42.2,57.3,57.9,43.4,37.2,35.4,38,31.9,39.5,40.7,40.1,33.6,61.6,52,34.8,16,23.3,21.7,6,3,4,0,22.8,10,34.5,11,17,12,79,22,84,66,23,39,40.2
1957-06-01,6.3,26,4.3,3.5,29,6.8,6.7,17,6,16,19.7,5,21,5,14,1,13.8,16,38,16,4,40,6,22,5,8,8,6,9.9,20,0,25.1,27.5,25,11,10,24,21.3,50,8,37,0,23,11,8.4,9,9,17.4,11,40,41,5,2,22.6,18.7,12,7,6,27,15,26,0,55,44,4.2,10.9,15,5,42,30.3,29.5,59,3.5,7,11.2,18,13.4,21.9,13.1,13.8,13.1,16.7,15.7,18.1,10.9,10.8,14.7,20.4,17.2,14.5,14.9,18.3,11.6,7.4,9.8,17.1,12.4,7.5,11.3,6.8,10.1,14.7,11.2,8.3,3.9,5.6,9.2,12.7,18.9,18.9,10.4,28.6,32,12.2,14.4,14.1,14.8,15.4,26,14.9,16.5,23.4,8.8,16.4,14.7,8,10.3,10.3,11.5,28.7,24.1,8,9.1,10.3,13.6,9.4,25.2,27,16.3,10.4,15,8.3,33,7.3,8.1,8.1,6.5,15.2,11.1,22.2,36.4,8.3,12,13.7,8.2,12.1,9.1,14.4,6.8,9.5,7.6,18,15.2,10,24.4,52,23,21.9,18,50,13,12,27.7,27.4,25,30,15.3,34,52,10.5,14.6,10,15.1,10.8,14,11,23.9,16,23.8,18.6,8.3,5,19.9,22.6,42,18,21.8,30,42.5,38.9,38.5,21,11.5,12,17,14,7.8,4.8,16,7.3,0,12,3.8,1,13.2,6,7,5.8,9.6,15,0,5,9,4,1,16.6,24,6.2,10,9,19.7,9,7.7,9.7,16.4,19,0,11.5,14,11.4,8,18,10,13.7,16.6,5,0,11.1,11,17,21,7.6,12.7,0,13.4,0,66,0,13.9,14,12,10.6,15.1,17,14,18.1,8.5,14.4,14.6,13.2,18,15,25.6,23,30.2,25.5,36,42,37,24,57,44,26,55,43.3,29.2,11.2,22.3,32.7,21,26.9,20,30.3,15.9,20,29.7,9.4,8.9,15.6,14.8,20.1,25.9,15.7,18.8,16.1,17.7,16.1,12.8,21.3,19.1,20.7,14.5,20,15.7,23.4,11.4,18.7,15.2,19.7,12.2,33.4,18.2,16.4,23.7,18.7,18.7,30.9,21.7,20.9,23.2,26.6,29.9,21.1,18.4,15.9,17.6,14.2,19.1,18.1,14.3,14,11.8,12.2,9.8,12.8,21.4,11.9,7.8,23.4,10,14.2,66,113.2,60.3,51,54,58,60,44,57,59.6,63,49,66,62,72,105,89,70,106,71.6
1957-07-01,1.6,0,1.1,5.5,0,0,7.5,0,0,0,16.9,0,0,0,0,0,3.5,0,0,3,0,0,0,0,0,0,0,0,5.4,8.4,0,5.9,10.4,0,0,0,12,4.2,0,0,0,0,0,0,2.5,3.5,2.5,5,0,0,0,0,0,11.3,13.2,0,0,0,0,0,0,0,3,0,8.4,0.1,0,0,0,2.6,20.1,3,3.5,9,12.5,17.1,16.9,21.6,15.5,16,8.9,14.1,11.1,16.7,22.4,10.6,12.9,12.1,14.2,9.3,16.4,16.8,12.5,4.5,8.9,18,10.4,7,11.4,8.6,8,20.9,9,14.3,4.6,7.8,13.4,22.5,19.6,17.8,11.9,22.2,17.5,14.3,10.5,15.6,8.3,10.8,21.7,9.2,20.3,17.7,5.1,27.6,8.7,5.8,8.2,12.2,17.6,42.4,13.6,7.3,6.9,17.1,14.7,11.1,21.3,10.9,10.9,12.8,3,6.5,32.8,4.4,7,6.7,12.8,9.5,12.2,16.9,27.5,11.6,7.4,19,8.5,14.6,9.8,19.6,13.5,7.9,7.8,12,3.4,3.5,0.8,0,0,5.1,0,0,0,0,9.3,5.4,3,0,3.9,0,0,2.5,6.1,3,5.9,5.1,4,0,15.2,0,3.5,1.5,6.1,0,11.7,14,0,3.5,9.9,8.5,4.3,7.3,0,0,2,0,0,0,2.6,2.5,0,2.5,0,0,2.1,0,4.3,0,0,4,2.7,0,0,0,0,0,0,9.8,0,1.7,0,0,3.1,0,2.5,2.8,5.2,0,0,2.2,0,0.4,0,0,0,5.2,4.3,0,0,0,3,0,0,5.1,3.8,0,11.7,0,0,0,3.4,0,0,0.6,2.6,3.6,0,2.4,2.1,4.9,3.6,8.1,1,0,7.9,0,3.6,2.4,0,2,0,0,0,0,0,0,12,14.6,8,10.4,14.1,10.2,15.9,0,11.4,11.9,12.6,14.9,4.1,6.5,7.4,8,6.4,8.9,11.1,12.1,9.5,11.8,9.9,6.9,10.5,10.2,10.6,11.5,11.9,16.9,15.2,6,16.3,7.8,8.4,10.3,16.1,9.9,7.7,13.7,8.9,14.8,7.1,10.3,11.3,14.7,12.9,17.3,14.2,15.1,21.7,14.6,9,13.6,15.9,8.4,14.7,16.7,8.9,5.5,10.8,13.7,7.4,6.3,4,3,1.9,3,1.9,9.9,0,0,0,0,4.7,0,6.6,0,0,0,0,0,0,0,0,0,6.2
1957-08-01,0,0,0.2,1.9,12,0.6,9.4,6,0,6,18.9,9,15,3,0,3,8,5,11,0,0,17,2,35,4,2,0,12,6.4,12.8,0,12.9,11.5,8,0,0,0,5.6,0,0,2,5,7,7,3.2,2.8,1.5,6.5,6,12,0,0,0,13.9,12.8,29,0,3,7,0,0,0,45,30,7.4,1.2,7,0,0,1.9,19.7,0,2.2,0,12.5,16.1,20.2,21.8,15.8,17.5,7.7,15.1,11.2,15.4,32.2,8.9,10.6,12.3,16.8,13.7,14.1,10.8,11.2,5.3,7.3,18.9,10.8,8.1,12,10.3,6.6,25.5,8.8,14.7,4.8,8,14.3,20.2,19.7,16.4,11.2,30.9,20.7,19.9,16.9,13.8,11,13.6,26.2,8.3,22.1,22.8,7.8,29.6,9.7,6.7,7.1,13.3,15.4,28.9,14.1,7.9,9.1,13.6,13.3,10,21.3,12.2,11.1,13.4,11.7,6.6,32.7,6.1,8.9,7.9,12.7,11.1,12.7,18.4,27.8,11.6,11.8,22.2,10,14.2,11.6,19.8,13.6,8.4,7.3,10.9,1.2,1.4,6.7,4,0,7.7,0,3,0,0,11.6,5,0,0,5.5,0,4,4.5,1.5,0,7.2,5.3,0,0,10.1,0,6,2.4,6.3,0,7.2,12.1,2,4.2,11.1,10.8,1.2,5.8,0,0,2.5,0,0,0,0.9,2.4,0,2.3,0,0,2.5,0,2.5,0,0,2.2,4.5,0,0,0,0,0,0,10.3,0,0.9,0,0,7.6,0,1.9,4.8,5,0,0,2.5,0,1.4,0,0,0,2.6,4.6,11,0,0,0,0,0,1.1,2.1,27,5.8,0,0,0,2.4,0,0,1.1,1.9,4,0,1.4,0.9,7.8,4.3,8.9,1,0,7.8,0,4.2,4.9,0,0,0,0,0,0,0,0,10.6,11.1,6.7,7.8,15.3,12.5,10.2,0,13.4,11.4,13.8,12,3,1.2,8.8,10.4,5.7,8.7,8.9,12,9.3,10.9,14,7.7,10.8,11.2,10.7,11.8,12.7,12.9,13.4,6.2,14.9,7.1,9,9.8,14.7,9.9,7.7,14.9,8.7,13.2,6.7,9.2,10,13.6,12.2,16.9,14.2,15.6,20.9,16.1,5.5,12.6,14.8,5.7,9.4,11.8,6.9,7.2,11.7,12,9.8,7.5,3.5,0,0.8,10,1.5,5.2,5,0,6,0,3.6,3,4.1,0,0,0,0,0,0,0,0,0,3
1957-09-01,8.4,0,11.5,9.3,26,18.5,22.5,18,6,26,27,32,13,12,21,23,33.5,33,55,11,15,85,6,32,20,10,18,22,15.1,39.5,15,44.1,39.6,15,32,0,25,32.1,7,23,60,36,30,27,19.8,11.6,17.4,26.4,14,25,61,113,23,36.5,21.2,22,21,16,20,14,37,41,30,32,8,28.5,22,37,49,32.4,31.4,29,10.5,28,13.1,32.6,18.8,24.7,20.3,19.2,22.5,23,20.6,24.6,26.2,21.7,24.2,18.7,32.8,25.3,26.3,35.7,29,23.5,13.5,17.9,18.5,13.3,13.7,10.2,12.6,24.7,14.5,12.2,11.5,10.6,12.5,29.1,19.5,32.8,22.6,49.9,39,33.2,26.1,25,27.7,24.4,29.8,28.8,21.2,39.5,15.5,25.7,25.1,18.9,15.7,18.7,18,26.7,22.2,11.5,18.9,19.7,27.5,11.4,23.6,23.9,16.5,22.5,11,13.8,29.5,13.2,16.4,18.8,9.9,30.6,17.4,30.1,50.3,12.2,23.5,21.7,21.3,23.4,14.2,10.5,6.7,15.3,14.5,18.6,26.2,40,28.5,29,26,19.5,25,29,53,33,28.8,25,18,49,27.6,44,29,18.8,24.6,26,18.9,36.4,43,44,24.4,36,22.3,23.7,24.6,10,22,25.3,12,23.7,33.5,29,27.6,25.4,44,0,24.6,42,40,36,19.5,17.8,26,26.6,25,26,16.1,7,27,35,19,16.9,15.8,20,14,49,21,46,37,25.2,45,19.1,48,22,35.9,36,24.2,22.7,40.4,12,15,12,30,21,32,25,47,24.4,27.5,13,5,3,25,5,25,20.1,22.5,2,24.6,25,12,56,22.5,59,16,19.6,20.6,21.2,20,19,16.9,20.5,19.3,18,22,34,31.1,44,26,25.5,29,39,31,15,38,35,23,35,25,27.6,17.4,18.9,38.7,16.5,23.7,34,35.8,25.6,25.4,35.4,32.7,33.5,28.3,30.4,17,25.8,21.2,21,18.6,23.8,24.5,23.9,24.3,23.7,27.2,20.9,25.4,29.1,24.9,23,21.4,24.8,16,25.9,20,19.1,22.4,20,18.1,19.5,21.4,21.6,19.9,24.1,30.2,30.1,20.2,38.9,32.3,33.2,29.6,35.9,31.6,28.8,25.7,24.1,26.1,20.3,26.3,27.6,27.2,20.3,26.9,26,19.7,50,45.1,30.9,44,44,27,34,21.4,36,27.5,31,20,55,50,40,25,36,48,29,32.9
1957-10-01,1.4,0,7.1,12.5,122,8.9,30,61,3,18,63.6,0,50,25,0,9,51.4,10,105,16,31,102,10,63,41,0,6,25,33.6,76.8,0,65.1,79.6,44,0,0,111,58.8,71,23,69,64,61,62,19.7,18.1,32.5,48.2,0,61,85,91,0,47.7,32.2,87,18,43,80,16,50,50,60,145,21.6,40.1,28,0,11,13,32.6,8,6.6,5,15.6,29.8,21.9,34.2,27.8,27,24.6,24.8,27,30.3,32.5,28.1,30,23.2,34.5,33.2,31.5,38.4,28.8,20.5,12.3,18.3,17,13.8,15.8,12.9,11.5,27.1,14.7,9.9,9.9,9.4,16.9,39.9,30.9,38.7,20.1,55.4,41.2,35.2,30.8,31.3,35.1,33.1,33.3,36.5,37,45.5,24,32.3,37.3,18.6,18.1,41.8,21,42.6,21.2,9.5,22.5,24.5,24.6,15.1,24.2,21.5,19.3,30.3,25,19.9,31.6,14.8,16.2,24.8,19.5,27.3,26.2,31.5,50,13,33.2,28.7,29.2,29,22.8,11.7,9.2,14.6,11.1,14.6,18.4,6.5,18.3,4,3,15.1,1,4,50,10,21.8,18.9,16,38,19.1,12,4,12.6,21.4,1,12.8,37.3,2,2,17.5,14,10.9,10.3,13.2,3,13.9,18.7,14,16.9,41.9,17,12.9,12.6,9,0,28.5,22,5,44,18.5,17.5,23,31.9,21,22,13,59,25.7,20,24,11.5,10.8,43,2,0,14,12,4,23.7,21,12.4,26,50,26.4,16.7,26.8,12.4,24.7,0,2,7.2,18,13.9,4,16,3,18.4,19.3,201,0,0,2,0,3,9.3,16.3,116,29.6,0,16,0,14.8,0,0,8.6,32.2,15.9,16,23.4,9.2,13.3,12.4,15.3,11,14,20.7,23,24.6,18.5,8,8,2,2,11,3,1,8,17.7,28.7,27.4,13.2,44.7,14.3,21.7,15,48.4,18.2,23.7,33.2,16.2,17.2,32.2,27.1,18.6,20.4,23.6,22,16.1,24.8,30.4,17.5,20.6,22.6,22.3,18.8,29.2,37,19.1,21.1,19.7,32.7,18.1,17.3,26.3,12.6,15,15.3,12,21.2,14.6,17.7,28.5,27.3,26.6,29.7,16.7,27.9,23.2,22.2,18.7,23.2,21.2,16.8,15.9,12.7,17.6,13.5,13.2,23.5,16.1,10.4,19.4,1,15.7,35,78.5,12.6,6,7,11,7,11,10,16.5,17,21,24,29,35,35,52,34,72,37.3
1957-11-01,14.6,28,41.8,42.1,74,42.2,106.9,50,113,62,68.7,16,60,17,8,34,60,30,41,45,33,49,114,35,29,45,43,14,45.8,64.7,18,70.5,77.2,87,22,65,62,75.2,43,113,72,40,101,74,48.8,70.9,58,73.2,78,45,24,20,22,72.1,55.4,97,57,13,68,65,14,3,92,33,38.4,59,21,73,167,123,68.2,125,27.6,36,27.8,67.7,48.9,55.8,55.2,56.5,56.8,46.3,48.1,60.2,55.8,53.2,52.5,52.3,69.8,64.5,45.5,62.3,61.6,54.4,35.7,35.2,27.6,35.5,23.2,28.5,30,40.6,30.9,30.5,24.5,28.5,36.5,70.8,77,86.4,54.5,58.1,75.3,63.2,70.2,54.3,63.6,65.3,65.9,75.2,70,71.2,46.8,59,45.1,51.5,43.6,41.7,37.4,44.4,41.4,32.9,37.1,67.2,47.3,43.9,36.5,43.6,48.3,57,51,43.7,58.6,33.7,30,46.9,25.3,85.6,48,74.5,81.4,32.2,53.5,48.8,59.5,47.1,48.8,22.5,8.9,33.8,29.4,51.7,137.4,119,154.3,117,193,129.9,152,116,128,111,85.9,146.1,175,183,108.2,192,117,121,118.7,160,106.6,79.3,85,56,132.3,188,144.7,134.6,114.2,96,121.5,181.8,67,137.7,121.8,176,139.7,160.2,119,75,69.2,59,16,14,65.8,75.9,32,77.3,40,31,73.7,22,76.7,27,65,64.1,92.2,77,109,114,111,130,85,84.3,117,65.2,94,60,120.9,168,89.4,97.4,126,112,113,79.6,93,106.9,82,102,76,100.4,115.7,109,80,122,97,140,108,98.3,111.3,122,114.4,108,139,66,109.6,88,144,97.8,105.7,108.3,130,126.6,82.9,128.6,140.5,130.8,136,188,129.5,126,149.2,140.7,216,195,183,196,136,103,121,82,114,137,65.9,136.3,153.6,130.9,113,130,94.5,107.9,110.4,152.2,86.8,96.3,93.4,81.7,67.4,85.3,69.1,87.5,77.1,91.4,92.7,100.7,105.3,124.5,113.2,102.2,96.4,117.8,80.5,84.2,70.9,84.1,55.1,103.8,102.8,129.3,111.9,133,110.9,75,114.1,130.3,90.8,111.1,138.6,123.5,105.4,151.6,145,146,160,145.1,138.3,127,121.2,101.3,111.2,90,120,130.5,119.9,80.6,115.3,160,114.8,138,68.9,91.5,100,145,154,19,71.4,82,69.9,37,53,119,137,135,98,42,106,34,77.8
1957-12-01,38.5,48,109.1,146.7,115,137.8,208.4,227,426,114,183.7,89,135,166,80,175,200.6,130,104,102,153,324,319,156,284,166,141,203,130.7,198.2,65,189,207,186,100,90,118,244.4,42,81,153,204,293,251,132.6,186.2,156.4,151.7,413,271,296,223,148,221.5,166.9,156,148,200,165,266,165,170,313,325,199.4,144,124,66,96,160,165.5,85,112.3,75,146.5,261.8,140.1,192.2,231.3,190.1,223.2,188.6,159.9,175.2,171.8,210.2,220.2,209.5,269.6,229,205.2,212.8,209.6,193.8,120.2,129.5,127,163,104,92.1,121.5,134.4,125.5,91.7,118.9,122.4,116.4,275.1,255.8,268,212.9,276.3,221.1,276.6,234.7,210.7,297.3,275.2,187.7,204.5,264.4,219.1,168.3,169,162.6,175.4,183.5,130.4,161.6,125.7,146.6,111.1,121.6,166.5,188.5,131,171.7,140.2,148.6,151.2,95,180.8,157.9,146.8,136.8,222.8,189.5,236.9,210.7,274.1,297.8,143.4,239.6,203.5,229,145.5,194.8,64.9,73.9,144.5,141.3,143.8,245.4,160,180.6,225,299,172.1,287,221,246,148,170.1,194.4,152,162,242.1,220,225,188.3,231.9,187,188.8,221.4,112,134,201.5,179,189.5,175.8,134.6,135,179,178.6,242,196.6,204.4,171,198.4,223.3,203,110,162.4,100,45,306,166.3,136.1,109,197,191,268,152.7,164,175.7,164,183,155.4,164.6,135,129.6,163,252,244,249,89.2,204,182.1,145,271,242.1,247,196,188.9,262.7,115,247,155.2,324,214.3,79,171,130,146.4,207.4,93,75,90,150,182,136,176,206.2,166,193.1,122,121,91,191.2,158,99,219.1,229.3,197.3,98,226.2,168.3,181.5,190.2,185.4,211,178,178.4,304,187.7,164.6,130,176,182,185,267,208,218,211,178,187.7,149.8,144,248.3,168.1,179.3,218,216.7,193.6,220.6,190.8,194.7,179.7,209.6,159.7,118,168.4,136.7,156.8,146.7,182.7,166.8,179.1,184.9,169.4,164.1,172.7,196.9,188,167.4,195.5,252.2,160.2,118.6,193.3,153.9,185.6,171.8,178,159.4,136.2,129.3,201.2,211.6,161.6,211.5,187.8,166.9,294.6,299.2,272.6,229.3,297.3,308.7,156.5,163.9,171.8,147.4,140.2,185.3,176.1,161.6,131.2,205.7,187,203.9,152,166.2,160.5,91,95,126,143,171.2,121,162.8,176,120,127,96,117,217,139,203,176,158.9
1958-01-01,100.9,95,101.2,97.8,83,139.4,166.6,55,24,174,148,85,55,72,122,265,122.8,146,231,186,237,73,137,55,151,273,133,254,112.8,107.8,68,110.7,191.6,160,167,148,44,112.6,103.7,88,100,186,137,115,86.2,144.4,146.7,122.6,211,82,78,52,71,146.3,111.1,82,156,278,69,120,61,282,59,68,131.4,128,96,62,90,103.3,139.9,155,84.5,121,121.3,197.1,103.1,173.4,201.2,145,175.5,152,165.1,136.8,156.3,156.6,179.2,136.6,191.6,175.8,180.1,198,161.3,153.4,100.5,101.2,80,125.3,90.7,86.1,106.8,85.8,106.5,88,77.5,80.8,87.2,192.5,188.1,209.4,177.4,184.5,171.1,225.1,207.9,184.9,234.6,211.1,158.3,201.6,221.5,210.3,127.6,162.6,135.5,151.4,130.6,129.1,134.8,119.5,115.5,80.5,99.2,144.4,136.7,125,134.9,119,143.7,138.4,157,165.9,153.1,118.7,96.4,168.8,131.3,192.1,153.9,205.1,237.2,135.9,161.9,133.3,170.1,128.5,155.4,40.8,24.4,124.1,102.6,153.3,199.4,225.9,106,150,145,109.5,145,150,204,140,120.8,113.3,79,95,137.9,102,150,106.6,159.1,239,120.4,175.6,171,132,144.1,70,103.8,117.4,126.1,133,98.4,117.2,95,125.5,172.2,105,108.7,101.4,106,4,147,150,120,164,154.7,117,136,170.9,159,117,131.9,122,140.7,130,152,127.8,148.8,184,136,223,95,136,227,82,162,117.4,124,265,212.7,167,149.9,152.1,210,140,178,122.8,142,182.5,141,153,128,126.1,188,52,157,145,161,116,169,154.7,157.1,101,184.2,122,84,106,146.6,92,123,131.8,151.5,131.9,126,141.4,116.7,122.3,111.3,130.3,139,69,127.9,85,112.9,94.3,44,165,100,46,93,175,68,131,105.8,133.6,148.7,115.5,138.2,110.3,152.5,206,188.9,144.5,146.6,133.1,158.4,156.4,183.3,147.9,108.3,146.8,115.5,122.1,115.7,178.2,140.1,157.5,155.2,152.2,137.5,147.8,169,161.3,139.6,160.6,180.1,147.7,100,191,99.9,128.3,140,138.2,130.2,105.8,93.8,121.1,168.3,137.1,146.2,133.1,120.3,188.7,225.3,196.1,194.4,226.8,202.4,168.3,157.8,158.3,147.4,133,163.4,150.5,144.6,133.3,139.9,239,127,50,82.9,112.5,108,95,157,121,120.8,184,107.1,78,130,137,53,124,41,64,85,102,101.2
1958-02-01,32,101,49.5,39.4,97,70.2,58.7,86,19,44,73.4,28,99,21,83,94,74.3,24,99,85,14,83,82,77,40,59,78,53,57.7,92.9,13,85,96.6,49,33,110,34,101.5,84.1,20,25,27,64,96,51,80.2,55.9,66.1,75,80,64,113,173,79.2,68.2,115,67,28,72,67,70,42,208,167,55.4,73.7,43,60,117,103.7,61.1,20,39.3,54,39.7,73.1,59.8,72.3,58.8,77.8,70.9,56.1,78,70.7,77.9,78.6,65.2,65.6,75.8,72.3,59.8,78.8,82.1,72.9,50.3,46.3,52.9,43.2,31.9,36.2,37,47.3,48.6,34,28.7,31.7,40.4,83.7,86.8,101.2,66.4,78.7,92.6,86,72.3,63.4,80,82.2,76,93.7,76.2,86.3,54.4,80.4,57.4,67.6,53.9,47.8,43.9,47.9,48.1,33.7,43.1,66,63.6,47.3,46.7,53.2,57.8,68.6,81,53.4,52.2,42.7,36.5,54.7,43.1,80.4,62.4,77.5,102,36.7,56.4,60.8,81.6,95.6,50.8,24.5,9.6,47,37.5,65.1,104.5,89.5,107,83,22,98.4,146,83,78,2,63.2,117.8,222,144,89.9,267,83,88,82,33,69.2,70.8,64,65,99.5,132,118.2,101.3,66.5,85,89.4,151.1,202,120.8,97,75,92.1,109.5,58.5,60.6,64,62,42,62,66.3,58.6,59,79.1,121,79,58.1,74,60.8,104,55,51.2,71.1,50,31,54,77,69,39,104.4,63,46.1,61,13,87,91,65.8,53.3,78.2,1,62,57.3,46,68.3,35,46,61,84.1,78.1,93,75,90,70,94,55,57.6,73.2,112,75.6,58,101,93,65.9,24,50,65,71.6,71.7,119,88,64.4,73.9,85.6,104,168,132,105.9,124,128.1,120.2,184,50,167,141,59,39,55,45,89.8,96.4,57.9,103.1,113.1,106.2,67.5,31,70.9,78.3,62.7,123.4,61.5,58.2,72.8,53.7,49.9,52.4,58.6,62,68.1,64.5,68,71.1,68.7,91.2,91.3,67.1,83.4,86.8,63.5,62.1,59.6,73.5,45,62.1,82.3,83,71,104.3,81.2,56.6,95.2,113.2,70,98.7,94.2,88.5,81.3,98.8,102.6,100.8,105.9,115.7,111,90.7,74.3,70.4,72.6,62,67.9,83.3,71.4,51.1,103.5,33,80.1,30,17.2,63.4,41,17,59,39,60.5,79,44.9,60,56,17,24,10,11,10,33,0,55.9
1958-03-01,66.7,117,54.6,41.1,72,38.7,101.6,91,111,31,78.5,36,85,23,38,99,81.6,25,82,59,25,192,49,30,56,33,34,83,61.7,94.6,85,94.2,96.7,57,37,55,52,93.4,85.6,0,68,54,47,95,52.9,74.4,57.1,72.8,58,128,115,226,72,83.8,67.5,87,20,55,73,56,105,62,99,192,48.8,61.7,35,61,6,53.3,74.1,72,38.3,36,40.7,68,53.8,67.6,60,62.4,63.3,56.2,64.6,65.7,75,65.5,63.4,62.6,89.3,69.7,62.9,83.1,73.2,63.2,41.4,42,41.6,41.9,28.7,26.4,37.1,44.6,41.3,32.1,27.3,32.6,37.8,80.4,79.6,95.2,70.4,59.1,84,85.3,70.6,64.9,71.1,77.1,81.8,80.6,76.6,71.3,59.2,76,62.7,58.6,52.7,49.6,46.3,49.6,44.5,32.3,44.5,78.6,46.8,42.9,47.6,42.7,57.5,68,66,47.1,51.5,32.8,32.9,55.3,45.6,79.5,58.2,67,74.9,34.4,64.6,60.4,74.1,69.4,51.5,23.1,6.7,43.1,39.5,51.7,132.7,116.1,74,54,147,87.3,97,54,139,193,74.2,83.7,25,22,106.8,61,54,85.9,115.4,166,92.5,87.7,170,131,105.8,63,82.6,81.4,90.1,115,73.6,98.4,46,81.7,120.3,65,55.9,56.3,5,66.7,66.7,50,0,75,87,76,30,87.5,56,69,76.5,51,86.4,75,159,58.7,82.1,82,121.6,51,74,85,60,102.4,86,69.7,62,64,114.8,84,89.5,94.7,108.9,85,100,68.3,104,108,161,115,160,92,108.4,148,100,127,201,146,147,96,93.4,15,108.3,103,119,150,98.3,81,65,90.1,97.7,92.5,134,100.9,81.2,86.6,99.3,112.2,61,63,92.6,53,85.1,65,52.1,26,20,25,35,37,37,38,59.4,107.7,84.4,73.2,121.7,83.6,101.9,117,103.7,106.4,104.9,110.5,90.9,97.5,88,84.2,64.5,77.8,73.2,73.2,70.8,92.8,93.6,98.7,93,99.3,97.6,100.7,98.2,120.3,74.9,84.8,69.9,92.5,58.5,98.8,69.2,93.2,101,95.5,85.8,68,61.1,99.1,74.4,116.1,111,109.8,79.5,136.6,159.5,121.6,136,152.4,147.8,124,120.2,110,118.7,89.6,102.5,118.2,111.3,70.9,92.3,166,81.4,25,23.6,63.3,83,51,106,30,58,42,48.6,35,20,27,4,36,24,40,20,19,48.3
1958-04-01,12.5,1,24,20.6,62,83,35.2,36,76,44,56.9,24,84,12,46,50,64.2,21,51,79,69,70,50,69,95,137,38,92,57.2,88,52,69.2,72,61,32,28,55,74.7,51.5,58,45,77,73,81,34.2,55.9,52.1,56,53,110,81,50,31,62.8,40.9,118,94,68,101,51,60,67,136,231,42.9,65.8,27,43,24,26.8,36.2,30,15.7,7,21.5,68.2,34.9,75.2,66.8,57.1,44.7,45,44.7,56.4,58.8,64.2,65.1,49.4,74.6,71.8,61.3,75,79.5,51.7,23.9,30,19.4,28,27.1,24.1,17.8,38.3,35.8,21,17.7,19.2,24.6,83.4,90.6,78.4,55.7,84.5,83.3,82,63.5,67.4,75.6,73.6,80.4,78.5,80.2,71.7,48.1,56.4,66.5,36.5,38.1,47.7,26.8,51.9,37.8,20.4,25.3,51,51.7,39,38.4,29.8,41.4,53.8,57,42.3,35.1,30.7,25.1,51,34,62.2,45.6,70.2,101,23.9,54.2,51.7,64,50.8,40.5,10.5,7.9,22,24.8,48.9,41.4,45.3,36,12,47,28,73,12,7,26,21.2,29.6,14,32,26.7,20,12,27.3,25.1,8,29.6,48.1,14,16,31.2,42,33,29.5,26.6,6,35.1,35.7,51,32.4,54.5,40,35.6,31.9,31,23.4,37.8,67,17,60,29.5,26.2,30,39.6,19,12,29.6,17,35.8,16,27,31.9,22.5,43,64.5,52,17,13,39,32.7,36,22.3,61,55,50.8,128,39.4,34.5,48.3,0,17,10.5,28,22.2,14,11,15,31.4,41.3,39,26,11,31,25,17,20.8,32.7,0,35.5,29,21,0,31.7,20,28,27.8,27.3,27.7,70,36.4,28,27.1,24.8,28.9,64,41,39.1,36,31.1,25.6,18,14,13,22,13,22,50,9,34.8,32,32.3,19.1,53.4,28,27.2,34,43.2,29,28,38,24.6,27.9,37.7,33.8,25.6,37.2,33.9,25.5,23,27.3,33.9,30.1,29.3,26.8,31.8,29.4,38.9,38.7,33.5,33.2,22.1,37.2,23.7,31,35.1,33.8,30.2,30.5,36,27.1,36,25.7,36.1,31.6,35.1,32.6,26.2,48.4,56.6,43.3,45.4,54.1,49.3,45.2,39.3,32.9,38.1,28.9,32.2,42.7,34.9,21.4,32.2,8,27.6,40,41.5,40,14,24,50,85,38.7,17,36.4,47,26,21,17,15,24,67,55,30,47.8
1958-05-01,6.2,0,1.7,1.2,10,2.2,7.8,11,0,0,10.5,0,7,0,0,3,7,0,7,5,0,11,0,3,6,0,1,2,7.1,11.1,0,8.4,7.8,3,0,0,16,8.7,15.2,0,9,0,11,4,2.3,7.2,3,7.4,0,20,17,3,0,10.7,10.4,0,12,0,4,0,0,0,15,13,6.7,1.4,2,0,1,9,22.9,7,0.9,1,10.9,16.1,15.1,18.7,16.1,20.8,8.5,17.9,10.3,19.1,15.6,11.3,10.9,16,15.6,10.5,12.2,12.5,12.5,8.7,7.3,14.3,12.1,7.6,10.3,7.4,6.8,23.1,10.2,11.7,3.8,7.2,11.3,17.5,20.6,18.4,7.9,23.3,19.2,18.9,12.3,11.1,12.6,13.2,22.7,13.8,17.7,14.7,6,20.4,9.1,5.3,8.9,10.2,11.3,28.1,13.9,8,6,9,12.6,7.9,20.8,17.7,11.1,10.2,8,5.2,33.9,4.9,8.6,6.9,10.3,10.2,11.4,17.4,31,9.5,5.4,13.2,6.9,11.7,11.3,16.8,12,9.9,7.2,14.9,7.3,4.3,0,17,0,6.3,0,17,0,0,9.7,12.1,6,17,3.6,0,17,4,3.7,5,7.3,4.3,1,2,12.4,10,13.3,6.3,6.8,3,6.4,15.6,52,7.3,10.8,16.1,13.5,15.8,11,5.6,3.5,9,10,6,4.9,2.1,4,1.2,17,0,1,4,3,2,2,3.3,1.4,13,0,0,6,6,0,12.9,13,2.5,0,0,11.3,17,4.9,6.2,8.8,0,0,3.5,2,3.3,0,0,1,4.7,5.3,27,0,0,0,15,0,2,3.1,0,7,0,0,0,5.4,0,1,2.4,5.9,5.5,0,3.4,5,3.9,4,4.1,7,10,9.3,19,7.2,8.1,9,5,6,5,20,13,22,22,20,13.5,7.1,12.3,19.4,13.3,12.5,9,14.1,9.5,13.8,19.1,1.3,4,10.6,10.1,7.9,10.8,8.9,15.8,11.5,11.1,8.9,6.3,11.9,11.5,12.4,9.9,16.4,14.2,11.9,8.1,13.2,9.1,9.1,8.8,14.9,10.6,9.8,16.2,10.8,13,10.6,11.7,11.1,12.2,14.4,20.8,14.5,15.1,21.4,10,7.6,15.5,12.7,8,7.5,9.9,9.6,6.1,11.6,13.3,9.3,8.1,5.3,5,5.3,53,32.4,19,10,9,18,18,16.5,10,18.9,16,19,19,30,16,19,8,36,42,29.4
1958-06-01,0.6,0,1.9,3.9,0,21.1,10.3,4,7,6,11.1,0,0,0,0,5,6.3,5,0,8,3,0,1,0,6,5,4,6,6.4,7.1,7,7.9,7.7,0,2,0,0,4.5,14.1,0,0,0,5,0,3.4,5.7,0.8,7.2,5,0,0,0,0,8.6,7.1,0,0,3,0,0,3,0,0,0,4.7,4.1,13,0,31,12.6,21.2,14,3.3,6,13.2,19,16.6,19.7,15,16,12.6,14.3,12.8,17.8,12.6,11.6,13,13.4,14.1,11.6,12.3,12.9,13.4,9.1,8.1,13.7,14.4,6.9,10,9.6,10.4,19.3,9.1,8.9,4,6.6,11.4,14.5,19.1,14.3,12.6,25.8,28.4,16.3,10.2,13.8,10.6,9.4,19.4,10.4,17,19,6.7,26.7,8.1,7.5,9.5,11,15.3,34,17.9,5.4,8.4,9.5,9.4,11.9,20,13.2,10.5,10.8,16,5.4,32.9,5.7,8.6,10.2,10.1,13.5,11.7,15.7,23.8,9.8,8.1,15.1,8.3,12.3,9.6,18.2,10.6,9.6,8.1,14.4,13.4,4.1,27,3,23,11.4,32,3,0,24,2.7,14.4,25,23,6.3,113,3,6.9,8.3,4,13,7.2,4,6,14.5,41,19.5,18.8,6.5,0,9,14.8,13,10.9,12.6,9.2,9.3,16.3,2,7.2,3.1,0,0,0,4,5.4,0,3.5,0,0,1.6,1,5,2,0,5.6,2.4,0,0,0,0,0,24,13,0,2.1,0,0,9.7,3,3.5,6.1,15.6,0,0,6.2,1,3,0,3,4,4.7,9.3,21.2,0,0,0,0,5,3.6,7.1,18,5.4,0,14,26,6,0,4,6,6,9.5,17,4.4,6.1,8.6,9.9,11.9,35,40,17.2,27,17.5,10.8,14,18,10,3,13,2,9,25,15.9,20.9,9.5,17.4,25.9,16.5,16.8,0,13.3,12.8,13.9,22.6,3,4.4,12.7,9.5,7.4,11.4,10.9,14.6,14.2,14.5,14.2,13.4,19.4,15.9,13.9,13.6,19.4,20.6,15,10.3,16,9.8,11.9,12.4,17.1,12.6,11.1,18.1,12.7,16.6,10.7,15.3,13.8,14.8,25.1,24,19.4,19.5,16.7,12.4,10.1,17.7,20,14.3,13.8,10.8,8.8,5.7,8.6,14.3,9.2,9.2,7.5,4,11.4,4,4,7.9,9,7,10,0,9.7,11,10,24,4,0,3,7,5,16,0,0,11.2
1958-07-01,3.8,8,4.9,4,8,17.4,10.9,0,8,18,15.8,0,8,5,0,18,10.4,23,3,12,6,6,19,0,9,16,18,5,12.2,14.2,15,16.1,18.4,4,20,11,27,15.5,20.4,0,0,12,3,0,9.3,5.1,10.3,14.9,0,2,0,0,38,11.9,15.2,0,0,5,9,9,0,0,5,0,5.2,8,30,0,49.4,45,41.5,21,5.5,14,10.3,8,14.4,23,11.2,18.7,12.1,19.3,18.7,18.9,13.9,11.2,14.7,19.9,20.3,18.3,14.3,21.5,17.8,14.4,8.6,22.3,12,7.1,12.2,9.3,8.9,14.1,10.6,11.7,6,7.7,9.5,17.7,20.7,19.4,12.9,34,29.8,13,15.3,15.3,14.4,16.2,24.3,16.4,19.4,23.8,11.2,18.7,17.2,9.2,10.5,14.3,13.4,34.2,27.2,9.8,8.4,9,19.5,10,31.2,32.3,19,10,15,7.2,35.5,9.2,10,9,13.3,16,13.8,24.6,34,9.4,11.8,12.6,11,18.4,10.7,15.6,8.2,12,9,20.9,22.3,16,57,76,23,36.5,47,76,25,8,6.9,51.8,64,57,23.8,0,76,20.9,21.7,5,17.5,13.8,8,7,33.1,47,40.6,32.5,8.1,3,37.6,48.3,121,37.1,45.1,105,71,57.9,49.5,7.4,12.1,0,0,10,8.4,4.3,14,10.1,0,4,6.1,0,12.1,0,3,6.9,9.6,2,8.3,5,5,4,0,18,2,5.3,5,18,23.1,7,9.1,10.6,20.4,10,0,13.6,6,13.7,10,11,17,18.7,21.4,0,7,7,24,10,16,7.2,17.9,9,17.4,0,5,18,13.9,20,5,13.1,32,20.2,0,33.9,16.2,19.5,18,23.8,25,46,37.7,31,49.8,48.3,68,51,79,74,44,52,36,70,64.3,41.5,11.9,35.2,58.2,42.5,34.6,17,35.8,26.2,22,48.6,11.6,16.9,20.5,19.6,28.6,34.2,16.6,24.7,22.4,23.7,23.7,24.2,29.7,39,27.8,23.1,31.6,22.6,27.6,15.7,24.1,22.3,27.4,17.1,48,25.2,25.9,38,33.8,31.1,56.1,36.4,27.7,36.5,39.2,44.8,31.1,26.5,27.8,27.2,18.8,26.8,30,24.6,16.1,16,13.9,10.5,15.5,21.5,13.2,9.9,36.5,5,21.8,76,99,75.2,91,65,76,85,69.9,78,72.9,48,35,90,116,75,88,72,105,96,84
1958-08-01,2.6,0,3.1,2.9,4,0,12.1,5,0,0,13.5,0,0,3,0,0,3.4,0,15,0,0,0,0,0,0,0,0,0,5.3,6.8,0,10.7,14.2,8,0,0,6,6.6,16.3,0,0,0,6,0,8.1,2.3,1.9,12,0,7,7,0,0,13.9,4.6,0,0,0,2,0,10,0,7,6,1.6,4.8,0,0,27.9,40,30.3,0,1.8,3,9.1,18.1,16.1,21.5,11.6,17.1,9.7,12.5,13.5,18.4,8.9,9.7,11,17.1,10.8,11.5,17.7,15.9,10,7.8,10.5,18,12.2,7.3,9.8,6,9.7,19.1,9.4,12,4.7,7.6,8.4,11,17.2,18.9,12.1,21,21,11.5,10.6,15.1,8.6,9.2,21.7,9.7,14.6,19.5,6.1,14.8,9.8,9.7,9.7,10.2,11.6,38.5,23.6,5.6,6.6,10.4,9.4,9.1,24.1,18.7,11.8,7.6,10.1,5.6,33,3.5,10.7,7.8,9.5,12.5,13.2,18.7,22.3,8,6.4,14,6.2,10.9,10.9,15.7,9,8.7,8,17.1,25.8,9.9,51,53,24,26.9,24,13,0,29,19.5,35.6,38,36,20.9,64,53,17.4,17.6,24,18.3,11.3,15.8,9,32.3,93,34,34.1,7.3,1,33.5,29.9,21,27.9,26.5,58,41,37,39,3.2,8.9,0,0,0,6.3,4.7,2,8.5,5,6,5,1,8.8,4,2,5.6,6.5,3,9,5,1,0,18,17.2,0,6,9,10,21.8,13,3.2,7.7,17.7,10,0,13.8,17,8.3,0,18,12.9,17,17.1,0,17,0,12,7,11,8.5,12.2,39,10.9,0,0,19,13.3,16,5,14.8,17.4,23,24,20.6,16.1,19.4,17.7,25.1,44,92,41.4,41,35.5,33.9,61,42,44,31,43,46,49,42,34.3,32.6,10.9,24.8,41.9,23.4,29.9,10,21.7,21.4,19.5,39.9,10.2,12,18.1,16.9,20,27.5,13.7,17.8,18.2,20.4,16.7,19.8,25.8,23.6,17.9,17.9,23.3,21.8,23.3,12.6,18.9,15.7,20,12.4,31.3,20.5,17.6,31.1,20.3,25.3,30.5,23.7,18.9,28.2,34.4,32.2,22.4,25.1,28.1,29.6,15.8,24.8,28.3,20.8,16,14.5,12.7,10.7,17.2,22.2,14.7,8.7,24.2,24,16.6,11,9.4,41.8,40,31,48,25,26.9,47,37.1,25,10,21,31,26,0,5,12,3,24.9
1958-09-01,10.2,15,7.9,6.5,18,10.2,14.3,3,0,7,12.5,0,13,5,14,12,8.6,0,24,18,1,19,3,10,5,26,3,12,5.4,13.5,22,17.2,11.3,12,10,5,22,15.8,19.8,14,0,0,1,3,11.8,5.8,8.8,14.9,0,23,26,23,3,12.6,11.4,5,23,0,7,18,9,0,0,6,2.7,5.1,5,0,35.9,50.1,38.2,31,4.8,20,12.5,17.6,12.6,20.3,11.7,13.7,12.3,12.6,18.2,17,12.2,7.3,11.4,22.7,19.4,13.2,16.1,20.5,14.5,9.2,10.1,19.9,14.4,8.7,11.9,8.3,10,18.6,13.3,11,6.8,6.6,9.3,14.6,19.1,16.9,12.2,24.3,31.9,14.7,15.2,13.5,10.8,10.8,27.2,14.2,16.4,23,9.4,18.7,16.1,12.3,8.5,12.6,12.3,32.8,33.5,7.6,10.6,13,13,9.7,29.1,26.9,15.6,10,12,7.2,33,6.8,9.1,8.8,8.8,14.3,11.8,20.9,34.2,8.5,9.7,15.3,7.2,12.4,8.9,13.9,6.3,11.1,10,18.7,30.1,31.5,55,39,16,31.2,95,38,26,30,28,33,35,40,29,38,39,23.6,23.5,34,22,17,65,60,37.6,52,38.1,39.9,15.7,9,32.6,35.2,54,32,33.7,58,45.7,47,37,6.7,14.4,10,0,9,13.1,8.1,10,11.2,20,30,10.5,13,14.8,6,0,13,14.8,3,20.2,38,7,5,17,24.9,13,14.5,19,0,34.8,41,18.7,17.8,37.2,0,22,14.6,36,27.4,18,24,27.1,22.1,27.2,24,29,22,33,30,28,14,26.2,49,24.2,14,28,28,19.4,21,14,19.4,21,24.7,0,20.8,18.6,22.6,22.1,25,48,51,46.2,52,34.6,32,35,44,60,46,80,73,42,62,45.6,32.9,12.3,29.5,39.7,30.7,31.2,27,26,25,25.1,40.6,24.5,19.7,20.9,25.2,21.1,29.9,19.3,19.1,20.6,20.1,16.3,21.3,27.3,27.6,21,23.4,26.9,21.9,27.2,20.8,22.7,19,23.6,22.6,33.1,25.5,24.3,35.9,27.7,24.8,36,26.7,22.7,28.2,32.7,34.1,25.1,35.9,37.8,44.8,23.3,34.7,35.3,31.9,21.3,24.4,22.4,18.4,24,27.2,23.5,16.6,32.8,34,25.8,69,113.6,71.8,81,65,85,77,66.2,57,62.6,64,55,47,44,68,70,75,77,93,78.1
1958-10-01,22.2,15,16.2,9.8,41,8.7,39.4,24,33,6,31.6,12,40,5,0,11,26,6,28,19,1,18,38,45,5,13,10,5,15,47.7,0,45.1,49.3,0,5,38,9,29.4,46,27,35,11,3,0,35.9,17.7,27.6,27,76,8,5,0,33,32.8,17.1,25,24,5,29,17,28,0,0,0,11.2,26.5,14,0,64.6,53.5,59.5,37,11.8,20,17.6,29.6,23.5,21.9,23.4,19.7,23.3,32.3,22.7,20.6,28,17.3,19.8,24.5,29,26.9,28.5,32,21.7,23.1,23.1,25.7,16.9,18.7,12.9,15.4,14.8,33.7,17.6,17.4,11.5,10,12.9,27.7,22.3,31.1,30.7,40.9,51.9,37.7,23.9,26.2,26.3,23.3,26.4,35.8,19.3,39.8,17,36,23.5,22.6,13.4,12.8,21.4,37.8,42.5,18.2,23.5,24.4,23,15.2,22.9,21.2,16.4,24.3,18,14.1,30.7,15.6,19.3,17.9,17.3,29.4,21.4,34.2,46.5,14.9,23.6,23.2,20.7,26.4,20.9,12,6.6,17.1,16,25.6,59,55.4,18,68,21,32.9,51,68,16,19,47.6,37.6,38,63,35,41,68,36.7,37.8,46,38.2,63.4,50,35,46.1,75,32.6,38.7,43.9,73,39.3,41.3,41,35.7,40.3,37,35.6,40.8,62.5,16.7,54.3,91,17,85,48.7,33.9,83,54.1,56,76,37.1,69,48,87,78,35.6,30.1,60,42.6,48,68,44,50,28.9,14,32.5,78,21,55.3,32,47,34.7,58.8,15,38,28.8,42,39.5,0,38,38,35.1,38.9,28,30,53,37,56,27,31.6,43.7,103,40.1,73,51,35,36.5,60,56,31.1,29.8,36.4,79,33.5,40.3,30.8,26.1,40,76,75,42,59,30,31.2,19,51,32,17,107,73,27,30,35.4,45.4,40,27.9,43.9,37.3,36.9,28,39.7,41.5,43,41.2,35.7,37.6,50.7,38.4,23.8,36,28.4,24.3,33.9,32.6,35.5,39.2,41.5,42.2,40,39.5,45.1,37.3,33.7,37.1,25.3,41.8,28.1,52.2,35.9,40.6,48.1,35.5,51.5,37.4,41.9,32.8,36.2,27.3,43.4,33.7,34.2,54.9,62.9,70.7,51.3,66.3,59.6,57.9,46.1,46.1,41.1,40.6,49.6,52.5,49.1,32.3,39.4,46,32.9,42,15.5,19.9,2,9,0,0,15.8,4,28.6,9,3,9,19,9,6,21,25,11,24.9
1958-11-01,59.4,55,86.3,68.2,261,78,149.1,137,45,68,180.1,91,178,106,214,93,134,96,299,84,136,185,28,196,78,80,73,72,98.5,190.9,84,163.5,199.9,134,107,16,163,199.7,95.4,86,119,143,223,152,113.3,128,165.9,135.1,33,184,209,174,32,152.2,108,176,233,110,220,59,164,150,196,154,85.4,178,123,100,34.1,61.2,142.6,30,69.2,98,93.2,135.8,95.5,142.5,144.7,118.2,111.6,99.9,103.6,148.2,114.5,125.3,145.6,104.7,127.3,148.9,133.8,152.1,117.9,136.8,91.7,94.2,54.6,109.1,65.1,78.1,95.6,75.1,85,69.7,66.7,66,73,161.5,190.2,165.5,136.7,157.3,140,174.5,143.5,151.2,146.9,137.7,139.2,155.7,183,132.7,121.1,146.9,104.1,126.8,92,92.7,100.7,113.9,92.6,46.8,81.6,108.8,85,117.8,101.5,79.6,100.7,114,101,101.2,134.7,97.8,70.3,139.1,67.4,153.9,110.2,134.5,167.7,85.5,108.9,89.1,114.5,106.8,107.9,29,17.6,101.9,79.7,114,131.8,164,98,47,92,91.9,120,47,142,84,112.7,92.5,53,37,100.3,75,47,77.3,120.1,133,96.6,160.5,103,108,105.7,96,76.2,78.6,119.4,103,71.7,94.4,72,72.6,142.8,35,63.6,66.8,42,54.3,145.1,235,122,174,171.3,107.6,140,150.5,153,156,128.6,99,140.6,133,133,108.6,132.3,176,141.8,188,193,235,146,94.6,207,112.4,200,213,164,209,122.2,123.4,161.3,115,44,99.9,118,137.5,112,122,122.6,100.9,157.3,146,125,107,100,165,122,99,122.6,124,159.8,115,113,86,132.1,70,64,97.9,113.1,100.5,86,110.8,92.4,103.4,81.5,99.3,68,96,97.8,84,89.2,62,32,53,55,21,78,81,65,37,66.5,98.5,134.6,69.7,110.3,90.9,149.7,172,163.7,108.2,160.4,121.4,134.1,145.1,156.5,141.9,100.5,123.9,109.2,87.8,96.7,127.6,148.4,113.9,121.5,110.7,117.1,132.2,152.8,123.6,122.5,145.8,167.5,126.3,94.8,188.9,65.3,95.4,104.5,96.7,102,87.3,69.8,96.5,123.9,122.6,111.4,119.8,80.9,149.6,168,170.3,162,168.6,167.8,154,145.1,146.6,142.6,130.8,140.7,147.8,140.5,112.8,90.6,133,100.4,72,74.1,55.2,39,47,46,86,53,56,55.6,44,45,37,39,32,46,33,28,69,60.3
1958-12-01,114.4,78,104.1,110.5,161,150.7,141.8,95,93,104,145.7,114,132,234,118,132,132.5,161,251,125,210,219,179,142,214,191,176,216,125.7,162.1,70,185.1,138.7,126,153,25,197,181.2,89.5,50,72,130,106,109,106.5,150,133.4,130.7,183,125,200,173,154,157.8,158.4,131,149,246,165,196,200,189,84,168,126.6,137.2,119,108,125.6,110.1,140.1,178,91.5,104,130.2,205.5,124.9,173.7,206.1,160.3,178.7,162.6,160.1,181.6,169,176.6,181,163.1,202.7,175.1,172,214,181.1,165,109.2,105.3,91.8,137.1,87.1,92.7,113.9,108.6,109.4,90.2,88.2,92.9,94.4,180.5,212,226.6,185.6,197.1,185.6,272.7,216.2,184,228.8,224.1,156.6,214.4,240.2,205.2,134.4,179.2,143.6,154.1,134.2,137.2,144.3,142.8,118.2,96.7,113.2,159.3,151.1,133.3,117.8,120.1,158.7,126.3,149,173.3,153.1,126.6,108.1,183.2,126.8,204.7,151.3,191.7,202.7,129.4,152.5,135.2,178.9,116.1,149.6,43,30.3,124.3,106.3,148.6,200.9,187.9,126,86,61,109.2,75,86,161,69,112.4,108.6,86,62,94.8,114,86,109.7,103.1,99,122.7,161.3,103,125,138.8,160,103.4,119.7,141.7,155,111.8,115.6,92,114.5,92.3,108,104.7,112.4,124,73,133,96,25,134,141.4,117.4,112,138.7,228,156,136.5,235,129.4,220,212,118.2,128.2,160,147.7,112,86,105,185,118.7,119,130.9,166,85,162,209,144.1,133.4,169.4,108,242,124.5,122,249,68,139,120.4,107.8,149.2,216,186,172,75,166,100,127.3,156.9,125,127.3,201,235,100,135.9,90,238,114,93.4,154.5,216,101,100.4,126.6,108.5,129.7,160,159,120.7,153,101.5,96.6,77,102,61,78,124,117,124,127,115.8,120.8,126,97.3,103.9,111.3,114.6,87,132.4,125,142.9,113.4,121.1,111.7,122.9,137.5,89.1,122.2,105.2,80.3,94.2,119.3,123.5,120.2,115.8,136.1,100.6,113.6,128.6,116,120.7,144.3,185.4,111.3,91.1,181,74.2,140.4,160.3,129.7,128.4,111,90,108.2,158.2,114.4,121.7,104.4,83.9,194.5,226.3,202.6,187.7,208.5,208.4,172.7,168.5,167.6,162.8,136.6,159.3,168.8,175.9,128.6,108.7,99,113.7,35,40.7,91.4,64,97,59,105,102.6,79,103.9,79,98,54,78,72,31,51,48,13,73.5
1959-01-01,22.7,77,92,76.2,111,196.2,117.1,106,104,129,90.6,76,59,27,86,75,90.1,119,99,55,154,269,80,101,155,63,190,124,120.4,122.7,148,118.8,108.3,114,177,78,115,111.4,70.8,97,30,71,142,115,86.1,75,106,92.5,78,163,221,144,150,99.7,112.9,103,132,143,73,81,158,115,137,247,81.9,94.6,84,325,143,99.7,104.2,87,65.7,28,93.4,136.2,93.4,111.6,116,103.4,110.9,105.5,104.6,136.3,126.8,111.8,123.9,94.4,116.7,132.9,111.3,137.4,102.4,119.2,89.2,83.1,45.1,98.6,57.9,72.4,85.9,72.9,75.5,61,60.3,68.7,66.3,144.6,179.2,137.9,125,136.9,137.5,153.4,138.6,130.1,150.5,138.4,135.8,142.3,164.3,118.2,115,141.3,81.9,116.1,90.6,100.7,116.3,115.4,88,61.1,90.4,120,84.9,109.7,92.1,77.5,85.3,111.1,40,97.1,135.3,85.6,75.3,123.9,63.9,145.9,96.3,122.8,118.7,70.6,112.6,103.1,109.3,95.5,128.5,26.5,18.1,92.8,75,105.7,182.8,158,99.6,63,98,102.4,132,47,55,146,84.8,113.4,49,100,98.6,164,63,106.5,88.8,89,101.2,145.2,160,126,114.9,133,97.7,97.4,134.4,89,90.2,108.4,70,104.9,98.3,105,71.2,81,75,57.7,130.2,116,55,138,126.6,102.5,119,125.8,139,132,126.3,132,123.4,136,143,106.5,126.3,147,145.5,173,179,201,252,103.4,171,105.2,161,149,150.2,149,119,120.3,159.3,120,160,104.5,112,146,63,123,77,94.9,147.2,182,122,111,125,188,122,106.6,130.6,99,118.5,130,113,171,140.2,120,197,105.4,88.5,116.8,73,97.1,97.7,105.5,107.9,127.6,191,133,117.6,126,83,80.7,100,88,77,41,155,113,96,121,78.4,99,118.8,91.5,94.5,97.4,108.9,29,118.9,110.6,140.5,111.7,122,116.4,125.1,128.2,78.3,116.5,101.1,83.1,86.9,106.8,127,110.2,102.9,120.8,107,116,109.9,101.9,109.8,146.4,109,118.2,80.6,180.9,65.1,121.5,123.1,116,127,87.8,83.4,97,123.6,105,114.1,92.5,76.7,170.9,212.3,180.9,184.5,190.6,190.8,166.2,157.4,158,157.8,134.5,158.5,168.6,152.1,119,93.1,89,112.5,107,68.1,71.7,62,96,47,75,60.9,39,59.4,73,46,86,103,61,82,118,67,73,72.3
1959-02-01,71.4,33,95.7,85.3,108,123.3,153.8,52,193,117,122.4,69,65,17,70,123,100.7,105,194,70,46,126,150,175,175,154,122,79,102.6,136.7,85,107.6,157.3,125,106,118,156,111.6,102.7,59,58,154,254,37,82.6,113,121.4,117.5,79,67,52,94,150,112.4,104.7,67,102,113,133,107,148,142,84,165,91.1,103.3,93,85,62.5,100,123.3,152,61.4,142,107.8,147.1,93.3,138.8,153.3,118,135.6,127.6,137.6,139.8,159.1,129,144.1,112.6,135.5,154.7,146.3,153.6,125,143.2,86.1,89.8,63.3,101.1,66.5,87.1,80,65.3,85.4,66.6,56.2,71.5,81.2,168.5,180.3,151.8,153.7,143.1,139.8,179,149.3,152.5,157.1,152.8,144.7,166.8,180.3,129.5,118.7,147.3,98.3,126.2,105.2,100.6,115.7,114.5,91.1,65,92.1,117.2,88.3,118.5,101.9,78.9,105.8,131.1,59,118.4,133.9,93.8,62.7,136,89.6,163.2,128.5,173.5,202.4,78.8,128.8,107.3,145.3,136,137.5,31.6,16.8,105.9,83.2,122.3,193.4,192.5,108.7,71,203,120.4,174,89,166,168,109,135,93,70,129.2,75,71,119.7,148.5,134,105.9,173.5,253,299,135.6,69,125.5,116.3,127,135,110.6,149.6,64,138.7,158,108,127.7,126.7,147,40.2,138.6,158,68,169,169.4,107.2,163,172.9,158,113,124.9,168,135.9,178,197,119.5,157.9,155,172.4,201,100,114,122,91.6,107,115.6,130,160,197.4,143,151,144.2,202,138,175,107.3,206,165,203,183,198,125.8,174.5,67,119,139,147,168,156,149.7,144.3,94,173.8,118,127,95,147.3,88,71,118.8,153.1,112.9,40,141.8,111.6,134,131.2,125.8,75,69,128.4,76,144.5,114.5,193,121,207,134,155,168,106,52,113.9,137,133.1,108.6,177.4,118.8,151.1,191,171.9,128.7,146.8,143.9,169,158.3,175.6,132.1,96.6,133,112,109.9,113.5,172.7,144.4,143.6,137,136.9,141.1,145.7,158.8,172.9,127.3,159.5,165.1,153.8,102,198.2,98,129.3,127,114.8,120.6,89.9,97.5,141,156.4,137.1,162.4,135.9,123,182.5,219.9,192.4,205.8,215.7,196.4,162.4,162,159.6,143.6,137.6,157.1,168.4,160.7,128.8,121.3,134,110.7,41,11.4,75.3,58,52,62,33,65.8,36,66.4,50,17,43,31,39,9,105,0,27,68
1959-03-01,101,58,93.1,82.7,214,71.5,116.5,200,30,154,193.8,178,223,114,115,110,227.2,143,296,132,130,66,66,315,308,16,81,357,111.5,206.8,219,218.9,235.4,211,179,162,204,230.9,95.5,75,160,326,347,215,136.3,135,149,178.7,32,138,65,77,122,216.6,144.2,230,227,266,286,100,174,287,202,173,128.2,199.9,120,177,51.5,62.3,145.5,9,87.7,48,123.6,194,119.1,201.7,233.5,160.1,174,178.4,160.8,185.2,156.2,177,198.4,161.3,208.3,186.3,173.1,216.3,180.1,165.2,128.3,121.6,98.2,125.3,85.3,91.3,105.7,126.9,114.3,92.2,84.1,94.1,81.6,211.3,210.3,253.6,188,241.3,189.9,282.7,243.8,226.1,231.6,218.9,178.3,212.8,236.6,212.2,140.6,177.7,156.2,156.8,141,121.5,130.2,138.7,113.1,73.5,92.3,161.9,142.8,118,113.8,103.6,132.7,126.8,92,164.5,142.6,116.4,99.3,180.9,122.7,200.4,183.8,193,207.2,135.9,169.2,137.6,169.5,114.6,166.5,47.6,37.1,117.3,107.6,134.6,126.1,131.3,80.6,35,93,82.5,156,60,127,71,90.8,97.4,91,87,95.4,73,35,80.5,105.3,85,87.1,171.2,62,80,119.4,108,70.8,81.2,90.6,92,62.9,99.3,149,71.9,131.3,5,54.3,67.2,7,65.7,136,233,95,232,161.2,107.2,237,143.8,225,172,113.8,117,136.8,107,252,73,106.8,220,117.4,148,86,81,80,99.8,87,105.9,84,93,135.3,85,80,107.9,137.4,67,125,99.2,113,140,92,109,70,102.1,105.3,128,101,87,96,86,109,82.8,121.6,46,148.1,84,83,118,129.8,33,54,81.3,110.1,114.1,12,90,87.2,89.1,84.9,85,126,108,97.5,90,85.2,64.2,12,21,91,29,4,3,60,23,52.4,89.5,128.2,66.6,119.4,78.1,123.6,163,165.7,94.6,127,101.1,104.1,108.4,117.7,137.5,93.7,115,103.8,81.9,89.6,116.1,126.3,104,115.9,104.1,105.9,112.9,135.4,116.8,114.2,133.4,181.2,119.2,94,156.3,63.4,94.4,99,116.1,81.7,90.5,71,99.5,124.4,123,122.5,115.7,75.7,165.1,166.7,155.8,123.3,156.2,169.3,114.5,112.4,126.7,106,104.8,108.2,101.9,108.3,86.5,82.9,85,92.2,21,50.1,60.6,31,39,13,46,49.3,50,91.8,78,80,58,42,114,85,90,64,83,84.9
1959-04-01,2.5,9,17,13.7,31,16,44.2,20,28,32,52.1,50,18,57,0,16,44.6,35,52,12,10,80,30,15,11,5,23,28,23.3,71.7,5,56.9,77.4,36,29,0,163,53.2,70.4,14,27,7,47,12,38,56,37.4,41.8,32,84,72,57,3,49.5,28.8,25,50,13,33,5,54,17,27,62,15.5,27.6,40,0,112,98.8,52.8,51,14,21,16.9,35.7,23.1,27.9,24.4,36.6,36.4,25,24.7,24.5,29.5,27.1,30.3,26,32.3,35.5,31.9,36.5,34.2,28.4,18.9,33.7,17.7,22.6,15.4,17.7,18.3,25.1,17.3,24.5,11,9.5,18.5,31.8,25.6,42.7,26.9,38.9,51.6,42.3,33.2,30.5,29.9,32.4,26.8,40.2,26.1,57.4,23.9,45.4,29.3,33,18.4,23.8,25.1,38.6,43.6,15.1,24.1,32.6,29.2,21.2,27.3,33.4,31.5,32.6,35,24.8,30.4,16.3,18.1,26.9,16.7,34.4,22.2,38.4,48.8,20.3,25.3,26.2,27.3,21.6,29.9,23.2,5.1,18.9,17.9,37.4,78.7,54.7,107.4,93,84,91.3,162,92,25,43,58.5,113.9,120,165,91.6,8,93,81.5,80.9,42,63.4,69.5,32,50,77.2,192,87.5,92.1,42,39,89.7,148,107,99.9,105.9,135,128.5,124.9,127,19.1,53.5,64,53,76,39.6,34.7,86,46.7,35,42,29.4,31,46.8,31,40,24.3,48.4,47,57.7,20,23,14,37,36.7,0,31.7,56,28,78.1,27,116,42.3,65,37,27,39.4,31,24,34,34,35,78.5,57.8,16,42,35,45,52,43,57.9,54.6,34,93.4,85,32,38,46.1,32,42,55.9,90,55.2,12,81.1,49.4,66.8,96.8,81.6,112,192,95.4,111,109,113.3,148,132,156,103,103,136,109,94,102.5,87.2,36.2,90.8,105.8,97.1,68.5,48,85,50.5,53.8,106.3,51.5,52.3,70.5,51.8,50.2,49.8,39.5,54.4,58.1,50.6,58.1,65.8,61.2,81.5,73.2,56,67.8,85.9,39.7,48.7,55.5,51.5,36.6,60.6,72.2,73.5,58.3,76.4,69.8,56.5,88.5,96.5,52.1,98.8,90,98.1,71.8,71.7,77.2,79.5,60.1,70.5,78.9,58.3,55,45.6,46.2,40.1,51.4,53.5,49.6,34.2,99.6,42,91.1,28,41.9,83.4,102,132,103,66,81.5,83,77.9,42,53,75,88,112,71,55,76,41,72
1959-05-01,7.5,16,20.5,13.6,85,19.6,57.1,103,18,73,66.2,38,69,25,16,22,73.1,67,74,21,75,61,7,28,31,11,27,16,38.8,88.6,16,79.9,104.5,73,40,0,117,67.2,46.8,54,115,63,104,82,40.6,0,49.9,78.8,11,38,17,78,0,68.2,30,154,90,29,124,0,36,41,103,87,26.7,57.3,52,7,15,26.1,49.6,3,11.7,20,16.1,30,28.7,54.9,48.2,28.9,36.2,33.5,26,50.4,40.3,44.6,40.8,29.5,50,38.7,41.2,52.4,49,31.3,19.8,22.2,18.9,18,19.5,18.9,15.3,24.4,20.5,16.9,12.4,13.4,20.9,53.8,59.7,49.3,33.2,70.9,57.1,64,44.9,47.3,51.2,51.6,45.2,48.3,55.6,58,36.4,47.8,51.4,24,26.3,41.6,22.1,44.4,26.3,17.2,28.6,41.3,40.7,24.1,23.7,25.4,23.4,40.2,22,30.3,30.3,22.3,18.6,32.7,22.5,38,32.7,48,69,19.2,38,37.5,40.3,36.3,33.3,9.6,6,19.6,16.7,29.5,37.7,41.3,28.9,18,25,24.1,23,18,38,30,21.8,27.9,27,26,36,154,18,27.5,41.3,51,26.7,63.4,39,49,28.8,64,25.9,25.9,36.5,15,27,34.1,77,25.7,66.8,21,22.2,20.5,17.5,16.5,50,99,5,89,47.6,30.3,65,53.5,73,41,34,53,48,42,110,35.6,22.7,85,39.4,13,6,8,48,31.6,7,25.5,23,73,52.3,36,98,35.2,48.4,46,15,13.3,35,13,52,40,53,36.9,40.4,0,0,17,29,20,45,30.8,38.9,25,46.4,23,22,20,30.2,12,20,28,40.8,28.3,33,38.5,28.2,28.8,25.1,26.2,48,63,32.5,35,29.1,24.5,28,2,16,19,0,7,0,24,25.1,33.1,58.8,21.7,58,26.4,36.5,38,72,35.1,39.8,44.9,34.8,43.2,54.6,48.6,32.2,40,38,26.9,31.3,36.5,47.5,35.5,35.7,39.7,42.8,36.4,45.2,46.2,33.1,43.4,26.1,40.8,30.8,52.2,34,31.4,31.8,26.4,44.7,29.5,27.1,27.4,35.3,34.9,43.2,39.1,24.1,41.5,47.1,44.1,36.8,46,44.8,46,38.8,34.6,46.7,36.8,39.3,46,38.9,25.4,38.4,51,26.5,14,12.6,17.7,20,2,26,18,16.9,14,14.4,23,15,12,20,17,18,25,10,10,18.6
1959-06-01,5,10,6.1,5.4,54,11.4,24.5,11,4,13,22.8,0,30,5,0,23,18,17,17,6,4,5,5,40,16,5,13,44,10.6,23.1,5,38.5,38.2,5,6,0,27,24.8,18.4,22,15,0,16,16,14,9,17.6,22.5,7,3,10,7,0,22.8,14.4,17,36,13,43,9,15,6,32,23,3.3,17.6,12,9,32,29.5,35.3,20,4.3,18,9.2,20.1,14.3,20.5,11.2,12.3,10.1,17.9,14.6,18.2,11.6,9.6,14.6,19.4,14,13.8,15.2,17.6,13.5,10.2,10.7,15.7,11.4,6.8,10.1,9.1,9.8,14.3,12.6,9,4.8,6.6,9.1,16.7,18.5,14.4,13.1,28.8,27.8,16,14.1,16.3,12.2,10.6,29.1,10.7,16,25.1,10,19.2,19.2,10.1,11.8,9.6,14.2,28.5,21.2,9.5,12.6,10.6,12.5,9.8,24.5,22.4,14.9,10.6,4,7,32.2,8.5,8.3,8.8,10.4,14.7,10.6,21.5,23.9,9.7,10.7,10.3,11.2,16.1,9.9,12.2,6.4,8.9,8.7,16.4,22.8,27.1,23.6,19,37,24,50,19,28,38,22,31.5,39,45,34.2,26,19,19.1,30.6,29,16.7,28.3,30,30,25.8,37,25.1,21.1,13.9,10,23.1,26.6,44,23.8,43.3,20,29.3,33.4,30,5.2,19.3,23,0,28,12.9,12.7,14,17.6,28,20,9.5,32,21.5,33,33,7.3,12.3,50,14.4,35,21,23,18,15.1,24,10.4,0,42,24.2,25,14.5,16.3,32.8,38,11,14,27,13,28,28,32,24.9,26.4,1,0,7,30,20,31,13.6,18,15,30.8,8,19,19,15.8,26,10,18.7,34.9,20.9,0,33.5,15.7,18.6,20.2,19.4,16,37,25.6,37,36,29.8,17,24,32,35,23,29,44,23,36.8,30.7,11.1,20.4,60.4,21.5,28.6,45,44.8,23.3,21.9,46.1,26.8,26.4,31.2,27.3,23.8,32.2,16.9,22.6,19.6,26.5,20.1,19.3,25.1,28.1,26.4,24.9,29.7,31.2,28.5,16.4,23,29.5,21.6,16.7,35.5,20.3,21.4,23.2,20,23,27,25,23,32,31.8,39.4,21.5,32.4,29.4,28.6,19.5,31.1,27.3,21.5,20,20.2,19.7,17.4,21.8,27.2,20,15.6,33,29,21.6,49,46.5,35,25,37,16,27,29.2,12,42.5,36,30,49,51,46,43,45,53,58,49
1959-07-01,11.4,22,6.5,4.9,72,16.5,11.6,18,32,11,34.3,0,43,0,0,24,31.7,17,79,8,0,74,33,85,10,29,14,15,17.9,36.4,5,34.5,41.5,23,9,11,29,21.9,24.7,10,81,5,5,15,7.3,13,16.7,34.1,35,21,50,52,10,30.3,17.8,37,22,5,33,45,52,0,26,45,11.3,19.7,10,2,8,5.6,18.7,17,9.4,10,17.1,24.4,20.3,18.7,17.6,21.3,15.5,20.1,23.3,18.1,25.8,15.3,18.4,14.9,23.5,20.7,20.8,25.8,22.8,22.8,10.5,17.6,12.8,12.4,14.6,10.1,10.8,22.4,15.1,14.8,9.2,10.8,14.4,28.6,17,26,14.8,35.6,49.7,24.4,20.8,18.9,21.4,19.7,32.2,20.7,18.3,34.4,10.9,34.2,17.6,16.3,10,16.5,13.8,26.7,19,5.5,16.8,15.5,28.8,8.6,22,18.3,15.8,19,8,10.4,31.5,17.4,14.1,13.7,14.3,22.5,16,30.5,53.4,15.1,22.6,18.1,18.7,20.5,14,12.7,10.5,13.5,11.4,17.4,10.1,11.3,6.9,0,29,3.8,7,0,0,20,24.1,8.3,0,5,13.4,7,0,7.4,11.3,20,7.2,13.7,11,12,11.9,10,10.5,6.8,7.4,5,9,7.5,4,2.2,18.4,4.6,1.6,4.5,0,8.3,13.7,8,9,17,9.5,11.9,22,9.9,14,9,8.4,10,11.5,19,21,6.3,8.5,0,7.1,6,2,4,12,18.7,13,7.5,14,10,17.4,0,14.8,11.3,12.6,3,11,6.5,8,8,10,17,8.6,8.2,10.3,12,45,0,14,10,22,6.7,8,38,20.2,0,0,15,7.6,27,14,6.3,12.2,8.5,0,11.8,4.4,11.4,9.2,7.5,15,10,17,3,6.3,6.5,0,0,0,0,0,0,0,4,6.6,13,9,6.4,18.7,5.4,9.6,6,29.1,10.5,13.1,13.3,6.9,8,14.5,12.5,7.7,11,11.1,14.1,13.1,14.4,14.9,8.4,9.3,10.8,13.1,11.9,16.3,19.9,15.9,14.2,13.7,15.5,10,11,13.8,6.9,11.5,11.9,9.4,11.6,6.6,9.3,14.1,14.3,17.1,17.9,12.9,19.7,17.3,14.4,13.4,16.2,16,12.7,14.2,10.7,11.2,12.9,10.3,17.3,12.9,8.2,12.6,20,5.4,1,3.6,4.5,3,4,5,0,2.1,0,4.3,0,0,0,2,0,0,1,3,0,6.8
1959-08-01,0.2,9,7.2,5.7,0,0,26.1,0,0,0,11.6,0,0,0,0,0,6.3,0,0,1,0,5,0,0,0,0,0,0,7.6,17.4,0,15.9,18,0,0,0,0,11.1,22.4,0,0,0,0,0,22.3,0,9,16.3,0,0,0,11,10,13.1,5.3,0,0,0,0,0,2,0,0,0,2.6,7.8,0,0,48,43.8,43.5,18,4.7,1,13.4,20,15.9,21.1,11.3,19.5,18.2,16.4,18.2,14.6,13.8,9,10.2,20.1,17.1,15.5,23.7,19.3,14.3,10.5,17.7,20.6,10.8,7.9,11.6,12.3,10.3,20.3,9.4,12.3,5.1,6.9,10.2,17.3,15.4,25.2,13.4,25.7,31.3,14.4,14.1,17.5,10.6,11.3,21.8,13.6,15.7,23.2,10.8,22.3,21.2,13.1,14.1,8.5,16.6,36.3,36,9,10.8,14.8,10.8,10.9,28.5,24.5,15.1,10.8,1,8.9,29.8,6.3,8.2,9.8,13.3,15.8,18.9,22.3,30.7,13.6,10.8,17.7,11.3,16.1,12.6,14.4,6.4,10.5,9.3,21.7,54.1,37.7,52.8,33,62,44.8,83,33,18,71,37.9,49.5,62,65,52.3,68,33,39.7,49.4,61,37.6,29.4,57,35,47.2,68,47.5,42.8,23.9,38,46.5,53.3,30,40.4,48.6,50,48.2,44.4,32,7.4,20.1,1,20,11,12.8,12,0,19.4,14,14,18,10,23.7,14,22,17,23.1,54,26.8,50,18,24,12,23.3,26,21.3,26,8,40.5,53,31.7,22.4,45.4,16,44,21.4,30,43,8,68,42.5,34.2,38.9,12,65,32,53,38,61,33,39.1,0,48.3,53,0,30,29.1,24,62,31.3,36.1,32.4,0,36.2,38.4,33.6,30.6,35.3,76,68,43.5,38,49.7,41,36,26,40,75,45,48,37,75,44.2,43.4,13.5,40,61.9,47.2,39.9,42,30.6,37.3,27.8,58.3,42.8,38.6,39.7,31.5,27.1,37.7,15.7,24.8,24.7,35.5,41.2,39.3,40.9,47.5,36.1,42.9,44.2,38.7,28.4,26.3,22.6,20.9,23,30,43.7,43.6,42.9,43.1,59.6,41.3,41.5,40.7,29.2,38.1,53.6,41.1,36.3,47.4,53,58,44.2,54.4,58,38.1,32.7,29.1,29.8,24.1,35.9,37.1,31.6,27.6,55.6,61,36.5,14,9.8,40.6,32,17,36,34,36.5,58,42.9,44,37,9,55,38,0,45,46,9,35.4
1959-09-01,3,0,1,3.3,0,0.7,7.9,6,0,0,9.4,0,0,0,5,0,5.3,0,3,3,2,19,0,0,0,0,0,0,4.8,4.4,10,10.7,6.8,0,0,0,4,8.6,19.2,0,0,0,0,0,4.5,26,3.1,13.9,0,9,14,25,0,11.4,11.5,0,0,0,0,0,22,0,0,5,3.7,7.1,0,0,0,17.1,26.6,0,2.7,0,10,14.9,16.6,19.5,11.8,17.3,10.4,15,10.4,15.2,8.6,9.9,13.2,13.9,12.7,10.6,16.6,12.5,11.6,7.3,7.2,17.1,16,6.6,9.7,8.5,9.3,20,9,10.5,5.3,7.9,9.8,16,20.2,21.9,9.9,22,22.6,13.2,9.8,14.2,9.7,12.4,22.9,10.1,16.2,19.4,5.9,21.7,8.8,10.3,10.2,11.9,13.7,32.7,18.6,6.1,6,8.9,11.5,9.6,21.5,14.4,10.6,14.9,2,6.8,32.8,4.6,9.7,6.5,10.5,9.6,10.5,16.7,26.9,9.2,7.4,14,8.1,13.6,10.2,16.3,11.9,9.7,7.4,14.9,12.7,5.4,15.4,56,4,15.9,2,16,0,12,5.3,19.4,41,6,7.8,0,56,8.4,5.6,1,12.1,7.2,1,2,19.9,14,31.1,16.3,5.6,0,17.8,17.9,61,21.9,16.7,10,30.6,22.3,16,4.3,4.1,0,0,4,7.3,4.9,0,3.2,0,0,2.2,0,7.1,0,0,2.7,2.3,0,5.9,0,0,0,0,18.3,0,3,0,7,12.4,0,1.8,5.4,12.4,0,0,12.9,0,0,0,0,4.5,6.9,11.1,3,0,0,0,0,0,3.1,8.7,18,8.2,0,0,7,7.2,26,0,3.8,8.7,12,0,8,7.3,8.1,10.2,11.7,27,13,24.2,6,22.6,21.6,19,8,13,22,55,23,17,15,23,21.3,9,19.8,26.5,16.8,21.5,0,12.4,14.6,14.3,28.1,3.7,7.3,13.6,12.8,12.6,14.6,9.9,17.2,13.7,16.1,14.6,12,21.9,16.9,15.9,20.7,20.2,19.5,18,9,17.4,10.5,11.6,11.2,21.7,14.2,15,19.8,17.8,20.4,17.5,18.9,14.9,22.7,23.6,27.6,21.3,20.1,21.7,23.5,10.2,17.5,19,14.2,14.9,13.2,10,8.5,11,14.9,11.1,7.8,11.1,1,8,3,14.7,18,3,6,7,0,14.8,5,19.4,4,4,8,6,7,6,5,3,11,13.3
1959-10-01,0,3,13.2,13.7,54,25.9,33.2,61,41,37,66,8,63,0,10,44,51.8,56,207,20,20,111,36,130,5,58,23,18,35.4,66.2,0,71.4,88.7,37,1,14,32,68.3,67.4,31,40,33,118,39,33.9,47,35.4,49.2,25,48,42,54,22,48.9,41.6,58,57,38,53,57,62,24,68,71,26.3,42.8,15,0,55.5,69.1,43.1,26,15.5,29,17,35.9,26.4,42.7,40.6,59.3,41.5,31.9,33.8,43.1,41.7,36.2,33.4,39.8,43.3,41.4,32.9,44,41.5,27,20.5,34,15.6,20.3,17.9,17.9,17.9,26.5,20.8,23.3,13.3,13.5,18.1,41.6,41.4,52.4,28.1,60.6,65.2,47.7,42.7,41.6,42.5,43,39.4,41.9,43.7,60.1,32.9,45.4,43.1,31.3,22.1,32,23.3,45.3,36,15,19,37,29.1,26,33.7,33.5,30.2,34.1,29,26.8,37.3,18.8,19.3,36.9,22.2,35.9,36.2,51.3,67.6,18.5,33.4,32.1,36.9,30.7,32.7,17.4,7.5,21.2,19.3,38.1,43.1,31.8,71.6,100,32,48,33,104,8,37,28.2,71.6,70,104,38.7,109,100,32.7,41.6,20,29.6,40.9,20,18,56.5,85,70.1,53,20.3,18,60.1,76.2,170,62.7,70.9,112,112.2,106.9,95,12.5,28.5,37,5,0,23.4,16.3,28,30.2,0,0,18,2,32.7,9,7,14.3,22.9,0,38.2,38,1,3,0,35,0,15,20,19,58,14,31.9,21.3,43.6,2,0,25.8,36,0,3,8,30.5,38.5,34.5,21,17,18,14,10,18,21.1,38.2,91,52.2,0,26,58,23.1,40,13,30.9,56.7,37.5,0,57.8,26.3,40.6,36.7,33.2,81,84,57.6,88,77.6,71.5,63,77,51,85,130,123,143,112,115.2,58.1,26.6,50,83,60.3,44,22,59.7,32.8,38,68.7,24.9,28.6,45.9,36.7,52.5,37.7,38.8,37.5,46.8,32.3,41.6,40.2,45.8,50.6,46.6,33.2,43.7,47.3,32.1,38.6,35.4,44.6,32,30.4,59.5,51.7,45.4,51.4,56.5,50.9,71.6,62.8,49.4,54,48.1,54.4,55.5,49.1,54.8,46.4,45.5,50.6,51.4,39.4,32.4,26.4,27.6,22.1,30.1,33.1,24.5,16.4,57.3,20,36,62,69.3,132.2,133,151,181,177,128,161,108.2,159,112,91,94,106,103,122,96,111,120.5
1959-11-01,19.9,116,39.2,33.3,48,23.6,82.7,150,24,41,73.8,15,37,89,28,21,58.1,70,98,48,40,27,19,25,31,45,24,18,39.6,68.6,3,71.3,95.1,55,49,18,98,61.1,92.1,17,37,32,72,30,48.8,67,51.6,59.5,39,50,18,15,44,70.8,42.3,43,82,70,73,23,63,72,21,35,20,41.9,56,14,37.5,69.1,60.6,122,13.3,10,27.1,47.5,34.8,44.5,41.2,41.3,46,34.3,36.3,44.8,43.4,42.9,39.7,37.9,40.1,39.7,35.5,46.7,46.6,40.9,25.8,34.1,23.1,25.8,18.5,18.8,24.9,33.8,27.9,24.1,14.5,15.5,26.4,52.6,44.6,54.5,38.6,45,55.6,52.1,45.3,45.2,39.8,49.5,49.5,50.3,43.6,63,30.6,52.7,36.6,39.9,33.1,33.2,27.9,42.9,42.2,28.1,33.6,45.1,33.7,32.4,36.7,34.3,32.7,37,48,34.1,38.2,26.3,20.5,35,19.6,44.2,33,46.9,58.9,22.6,34.7,38.9,38.7,35.8,37,23.9,10,22,20.6,44.2,116.1,97.2,104.6,71,138,110.8,98,70,66,235,69.8,106.5,98,77,104.2,108,71,90.3,103.9,131,77.9,90.6,88,133,102,82,102,101.8,65.6,69,94.5,122.3,100,117.1,117.1,73,95.8,107.2,51,26,66.1,60,56,48,75,66.4,84,84.5,106,131,72.9,126,77.8,116,71,47.8,84.6,113,80.2,42,73,82,0,66.4,48,57.1,80,79,104.5,74,66.5,71.3,94.1,61,99,64.5,52,110,45,71,101.2,97,90.7,233,161,60,45,122,71,75.6,73.3,99,101.8,97,157,108,66.9,41,39,74.2,93.1,64.9,69,113,66.8,92.2,102.2,112.4,110,82,103.8,114,123.7,98.7,103,70,87,60,51,43,49,159,107,99,78.7,93.2,119.7,91.7,98.3,137,118.2,84.1,104,136.7,79.2,77.4,94.1,77.7,61.7,66.2,53.3,68,77.1,72,87.7,81.8,94.3,101.2,94.7,86.1,95.3,101.9,67.6,71.6,72,81.5,54.1,87.1,79.9,92.4,90.8,106.6,88.2,68.7,84.3,113,63.6,108.2,108,104.6,81.5,117.8,117.6,109.6,118.6,128.4,116.1,104.6,95.5,74,87.9,70.7,82.1,92.4,89.7,65.3,110.3,131,86.1,80,74.1,84.8,75,72,95,74,95.8,103,77.6,54,60,73,97,54,57,72,75,65,82.1
1959-12-01,50.8,36,75.3,74,20,97.8,146.1,25,91,149,93.9,15,105,28,109,100,80.8,121,52,156,15,187,73,25,61,103,117,219,89.4,81,73,98.3,113.4,7,90,69,51,90.1,91.4,152,118,58,72,31,86.2,39,107.9,95.3,22,123,253,127,40,94.7,99.1,15,216,13,70,103,149,31,70,156,65.3,95,66,90,166,127.1,95.7,174,43.4,64,60,93.3,79.9,87.3,85.9,79.5,85.1,80.3,82.1,101.8,100.4,82.2,80.5,87.5,100.3,92.6,87,104.2,82.8,88.5,49.3,63.1,47.4,75.7,47.9,58.2,63.2,53.4,49.8,46,52.7,51.4,57.7,109.7,107,111.3,103.3,103.8,98,95.6,99.4,88.1,98.6,101.2,117.9,115,113.1,111.3,96.2,94,69.4,86.3,72.6,80.9,100,80.7,75.7,46.3,61.9,109.1,76.7,92.6,78.3,80.5,70.1,83,247,75.9,101.6,76.4,60.1,99.9,56,112.8,80.6,102.7,100.8,55.6,85.9,74.3,99.5,92.4,81,28.6,12,77.4,65.3,83.7,184.5,169.9,143.4,92,120,136.4,148,51,163,146,94.7,127,132,204,111.9,213,92,138.6,132.3,123,106.9,136.7,145,178,137.5,220,140.4,130.4,126.2,93,118.5,153.8,65,136.2,123.3,88,90.8,88,77,49.5,145.2,218,85,147,151.3,102.1,95,138.7,102,139,116,140,122,140,215,90.3,125.1,184,145.3,140,83,142,142,91.9,89,113,135,239,166.3,134,133.4,129.8,178.1,115,99,104,158,135,132,164,140.2,100.6,168.4,121,60,138,121,73,135,128.1,140.9,118,130.9,143,253,94,139.1,140,84,110.3,126.3,115.7,128,127.2,101.9,137.4,127.8,148.2,210,219,151,204,133.5,118.1,136,187,131,101,155,83,82,85,83.6,141.3,116.1,119.1,113,123.3,139.7,111,143.9,132.4,152.2,130.4,140.7,147,144.5,125.2,80.6,118.7,125,97,100,130,125.1,131.6,124.3,146.9,122.5,134.1,123.8,128.4,106.5,134.8,104.9,136.3,94.6,193.3,94,140.8,125.9,123.4,142.9,86.3,99.3,128.1,130.5,122.9,157.2,108.5,88.3,181.9,187.7,170.3,179.9,182.4,181.2,165.9,149.5,155.3,131.5,121,146.2,137.6,137.8,103.5,112.8,123,120.7,100,35.5,73.9,88,125,70,40,63.7,63,58.1,33,38,56,77,40,53,49,60,25,55.7
1960-01-01,45.6,94,57.1,36.9,116,88.2,81.1,130,111,25,77.1,57,70,94,23,73.4,86,19,69,109,173,93,86,66,56,58,69,38,71.5,66.2,22,80.8,79.6,128,30,73,71,88.9,74.1,77,64,193,312,127,54.5,75,64.7,71.3,141,56,35,36,274,88.5,71.9,96,39,45,74,85,155,98,51,117,54.8,71.6,36,47,158,111.8,83.7,78,42.8,108,40.4,79.1,69.5,88.8,77.3,69.2,78.4,59.6,76.4,74.7,71.5,72.3,81.2,74.9,87.7,75.4,75.9,98.7,79.8,69.5,49.3,44,58,45.5,33.9,39.3,45.6,54.2,43.8,35.1,33,37.3,37.1,81.1,105.5,111.5,78.6,89.4,86.2,85.2,97.4,78.9,90.1,87.9,76.4,102.3,88.9,81,71.4,80.5,62.2,68.2,62.7,56.5,52.1,54.9,59,40.2,49.4,80.8,68.7,55,53.5,75.7,64,68.8,105,63.6,67.8,48,39.7,65.2,46.6,88.9,63.2,81.3,78.2,43.7,73.1,67.7,79.6,91.6,57.9,21.3,10.4,49.3,46.3,65.8,133.6,134.3,172,85,71,105.5,126,85,77,60,71.5,118.1,179,159,96.3,222,85,95.4,85.9,87,97.9,82.2,161,163,122.7,99,118.5,116.1,114,108,95,153.6,0,107.5,105.2,186,152.4,156.3,172.5,60.2,63.6,57,40,104,71.2,77.5,58,84.1,10,80,81.2,49,76.3,70,64,69.2,98.9,94,107.7,75,132,158,134,88.7,121,71.9,168,64,122,136,97.2,102.8,115.3,48,100,68.7,146,103,56,162,112.3,93.6,107.7,93,41,97,112,146,160,94.3,103.3,65,83.4,117,161,128,100.6,190,131,92.2,84.5,107.3,138,99,84.2,101.5,103.5,117.5,109,99,118.4,113,111.3,120.2,134,107,144,167,86,104,183,137,116.4,111.4,65.5,95,89.8,107,86.5,87,83.2,89.8,99.4,115.9,79.1,81.3,77,82.5,62,84.4,78.2,83.4,79.7,84.8,93.6,96.9,85.5,112.3,92,94.9,85.3,93.3,81.2,91.3,68.7,73.3,47.5,103.6,83.3,112.4,106.2,121.4,106.8,69.8,93.7,101.8,80.8,106.3,99.6,98.1,89,136.3,160,133.8,147.5,142.6,146.5,128.7,120.2,116.5,111.6,98.7,124,120.9,112.2,80.6,86.2,87,106.9,85,119.1,116.4,148,101,99,75,107.1,110,86.2,126,88,67,123,66,133,133,54,72,99.2
1960-02-01,35.8,54,69.9,55.6,94,65.7,81.5,55,55,67,97.6,40,141,37,137,77.5,112.9,58,166,75,224,94,104,79,66,70,39,51,78.2,99.6,52,112.3,94.7,108,62,20,50,100.5,86.5,56,30,138,276,242,64.6,75,87.5,86.9,144,53,106,115,53,90.5,73.6,122,54,57,105,76,118,97,126,50,60.1,96.8,56,65,40,55.2,91.3,44,60.2,32,49.6,89.4,89.2,113.4,93.7,74.6,67.2,74.7,75.7,84.5,88.5,103.9,85.4,84.6,94,94.6,89.7,115.5,99,94.5,56.2,55,90,70.3,48,50.3,53.5,64.1,58.6,35.2,42.9,42.9,42.6,109.1,123.7,107.4,88.4,130.6,96.4,109.6,108.3,104.7,90.9,109.6,100.7,103.6,116.3,95.5,79.3,106.4,85.9,81.2,62.3,59.5,66.3,67.9,64.3,54.2,53.3,90.3,72.7,66.2,63.3,75.4,68.8,83.7,80,80.6,75.6,65.1,51.1,86.2,56.2,112.5,85.9,83.9,89.3,59.5,84.4,72.9,96.3,101.7,78.3,18.6,12.9,71.7,60.3,76.3,121.2,107.3,53,39,15,49.2,28,39,95,46,62.9,55.8,19,74,72.1,35,39,54.3,69,41,60,117.7,108,137,64.5,48,50.3,64.1,84.4,46,48.1,47.8,0,40.5,69.1,15,45,47.1,46.5,62.6,102.5,54,115,186,114,93.6,114,132.8,166,198,90.5,96,94.2,91,49,66.6,105.1,67,108.6,75,87,83,175,84,96,73.8,107,138,129.7,83,100.1,83.8,106.7,27,77,59.5,111,77,79,128,96.4,49.5,82.8,233,69,115,83,86,88,62.2,77.3,155,62.7,100,168,85,89,71,103,45.8,61.4,67.6,8,56,64.1,53.3,60.3,62.4,64,47,62,35,47.7,41.2,8,60,49,8,111,57,41,51,55.3,70.6,85.9,40,66.1,57.2,65.9,76,85.5,80.7,94.5,55.1,64.5,68.7,92.1,100.1,54.8,56.8,84,40.6,62.8,79.4,101.7,57.8,65.7,78.9,77,85.3,95.3,69.6,68.7,93.3,63.3,86,49.4,116.6,49,65,67.8,58.7,71.3,67.6,43.2,63.5,68.6,60.2,76.6,55.1,51,115.1,152.4,122.5,134.1,142,143.8,119.8,108,126.1,121.2,97.2,107.2,113.2,110.8,76.2,59.8,41,48.3,81,78.2,75.2,70,71,77,131,72,69,72.8,85,120,128,76,88,93,83,81,102,73.5
1960-03-01,48.6,19,57.3,43.1,87,55.1,125,48,89,76,81.8,67,72,53,57,68.5,73.5,56,78,61,116,61,128,61,37,55,61,57,71.2,81.4,40,76.3,96,52,59,105,45,70.8,78.4,79,78,108,195,40,58.4,58,90.7,72.2,136,44,61,83,120,85.4,63.7,40,139,25,93,139,101,16,101,83,52.3,86.5,77,60,65,81.1,68.4,24,35,52,32.7,67.7,55.5,74.9,69.4,54.3,61.4,51.1,63,58.5,68.7,63.6,69.5,63,81.5,67.7,63.1,86.5,76.9,69.9,36.3,41.7,10,33.7,32.9,30,35.5,43.6,37.5,27.6,27.7,29.5,34.6,84.7,93.4,97.9,75.1,75.9,86.2,80.2,81.9,75.7,77.3,75.7,72.3,94.1,76.5,76.2,63.7,79.4,55.3,61,62.2,46,43.1,47.1,56.3,28.8,47.9,75.5,59.7,54.4,44.1,50,56.3,60.6,31,50.4,55.9,38.2,37.1,57,36.1,84.4,56,79.2,84.7,34.7,62.4,65.2,71.1,78.1,65,20.4,5.7,45.6,39,61.5,120.2,278,47,67,137,102.6,115,67,147,53,81.4,94.9,113,82,92.2,113,67,90,97.5,100,79.5,146.5,112,116,101.3,86,100.8,88.5,88,41,84.4,119.9,54,118.5,106.2,103,77.6,85.6,90,47.4,133.7,176,59,161,124.5,94.7,152,127.6,235,112,107.6,139,128.7,92,125,70.7,109.4,103,119.3,208,146,119,167,96.2,249,70.9,98,98,131.8,335,95.4,84.5,138.5,66,35,63.8,61,39,194,89,106.9,95.5,101.8,54,57,51,112,71,130,82.2,84.8,24,121.7,34,90,102,91,12,28,77.9,93.2,82.3,97,103.1,74,98.4,92,113.6,140,66,103.1,43,122.5,93.3,58,129,87,75,73,95,67,52,81.4,92,107.9,78.5,103.7,80,106.1,125,105.5,94.9,129.7,120.1,104.8,125.6,94.4,111,65.9,103.1,85.8,78.5,82.5,103.9,106.7,98.3,89.8,91.9,96.1,94.4,103.3,103.2,93.4,97.6,77.8,104.9,75,146.4,77.2,96.2,83.9,96.6,85.3,87.2,72.5,97.8,85.7,96.8,93.8,105.5,81.4,123.5,119.5,139,123.5,136.7,118,113.2,119,99.8,110.3,98.3,110.4,108.2,96.5,83,100.7,100,80.5,57,65,52.5,27,37,37,74,54.9,40,54.6,86,57,85,47,73,93,81,103,52,75.2
1960-04-01,46.2,35,55.7,37,181,57.6,40.4,72,28,88,75.3,121,76,92,51,86,81.1,58,143,82,75,129,52,140,45,77,49,45,94,117.1,35,86.1,87,107,89,28,117,94.6,72.8,81,62,79,122,64,41.4,33,64,74.7,64,100,139,201,62,85.1,55.7,66,22,86,76,70,127,72,97,138,69.2,96.8,44,129,6,18,73.7,11,57.7,44,50.4,77.7,71.6,89.1,85.6,97.9,72.7,72.9,75.3,100.5,91.3,99,95.4,76.9,85,114.5,89.2,110.1,110.7,122.3,60.7,61.6,68,69.8,58.4,60.9,61.1,74.1,55.9,42.9,47.2,47.4,44.3,109.1,106.7,123.8,82.7,133.3,125.9,105.5,95.1,76.5,93.1,110.5,110.2,91.2,107.7,95.7,71.1,84.8,93,74.7,50.3,74.6,54.3,79.2,63.5,40.4,44.8,81.9,74.3,50.5,56,64.9,62.7,89.1,89,70.3,74.9,77.4,48.7,104.1,61.1,106,106,103.8,137.8,53.8,88.9,75,101.1,143.2,62.3,21.6,16.9,64.5,52.3,70.8,38.1,0,17,3,52,20.3,8,2,9,16,39.5,20.3,16,18,26.8,0,3,20.9,31.6,24,21.8,63.4,14,6,24.9,0,18,20.4,33.7,5,20.7,29.6,0,23.9,50.8,14.2,12.6,14.2,0,68.8,56.8,40,17,51,49.6,38.9,67,59.9,84,35,41.1,60,48,55,25,45.4,26.9,20,49.8,0,17,14,0,56,11,39.9,0,22,52.2,8,50.8,30.4,46.3,10,6,23.6,3,5,2,5,30,26.3,37.4,69,9,11,4,30,10,23.1,33.5,4,34.5,15,28,26,29.8,33,18,22.3,34.4,23.2,50,29.4,25.7,18.7,19.4,25.8,26,0,37.2,0,19.5,14.2,4,4,7,40,0,0,16,1,17.2,22.8,54.6,13.9,36.3,29.4,26.9,42,48.1,28.1,33.4,29.2,29.5,35.1,46.8,40.5,24.3,22.8,45.6,24.3,24.4,37.5,47.2,26.9,22.6,25.8,38.8,31.3,46.8,41,46.2,41.6,50.7,40.1,22.4,33.8,27.5,25.2,28.1,28.5,33.2,28.7,22.4,20.5,51.3,25.5,39.3,30.8,19.7,45.2,46.8,57.2,53,50.1,56.6,50.2,31.1,37,33.1,29.9,28.7,37,35.4,19,24.8,24,23.2,1,0.4,11.2,0,0,0,0,8.8,0,12.4,0,0,0,0,0,2,1,0,0,14.4
1960-05-01,0,1,2.4,2.5,0,15.5,13.2,0,6,13,15.4,0,0,0,32,8.4,6.5,12,0,44,0,0,3,0,0,3,9,0,8.1,9.1,30,10.7,10.3,0,19,4,0,8.2,12.5,5,10,0,0,0,3.5,0,5.2,7.8,15,0,0,0,8,14.9,13.7,0,15,0,0,9,0,0,0,0,7,5.5,2,10,1,4.9,16.4,1,4,5,12.6,14.4,18.5,22.1,17.1,12.9,12.6,17.8,14,18.4,26.9,9.3,17.6,10.2,19,11.9,15.7,18,13.7,8.8,8.1,15.2,15.2,7.7,11.1,7.6,8.7,19.9,12.2,10.4,4.1,7.6,12,24.9,19.9,19.7,13.4,33.8,24.7,14,17.2,18.2,15.7,14.9,25.6,9.6,19.2,16.5,8.9,28.1,10.4,9.2,11.1,9.8,15.9,35.1,17.9,6.4,8.8,11.8,12.7,8.9,21.6,14.1,11,12.6,30,5.5,33.2,5.3,8.6,10.8,10.6,15.6,11.1,22.5,25.8,9.9,10.8,20.1,10.3,21.5,12.2,16.9,13,9.5,7.5,14.4,10,0,3,8,10,6.1,13,8,0,8,8.3,9.2,0,0,7.6,0,8,7,6.4,4,9.5,13.5,12,13,14,30,8.8,7.1,8.6,3,8.8,9.9,3,3.8,10.7,6,7,6.8,8,6.7,6.4,15,5,41,2.1,3.6,22,4.3,15,10,1.7,17,8.3,9,18,4,3.2,10,5.7,0,0,0,0,10.9,0,3.8,0,13,8,3,5,8.8,13.4,0,0,7.3,18,12,12,8,5.7,6.2,7.5,43,0,0,1,0,5,4.5,5.6,2,8,0,12,0,5.1,0,5,4.8,9.5,6.6,6.4,3.7,4.8,6.7,6.2,9.2,21,30,13.3,10,7,6.8,0,1,0,0,0,4,2,9,10.2,16.5,7.5,12.9,17.6,10.3,11.9,0,13.8,10.7,13.2,18.9,3.9,7.2,15.5,11.4,7.8,9.1,10.6,14.2,11.4,12.4,14.3,10.5,15.2,11.7,12.1,12.2,13.6,20.3,13.8,9.8,12.7,11.6,9.8,9.1,14.2,10.3,9,12.8,9.5,13.2,7.6,10.8,13.9,15.3,19.1,19.3,15.8,16.5,19.7,14.3,11.2,16,21.3,8.8,10.4,14.1,11.6,15.1,11.4,16.1,9.4,7.1,9.5,4,6.2,3,4.1,8.5,9,14,15,12,11.2,12,8.6,12,50,7,0,0,0,14,0,34,12.3
1960-06-01,2,0,3.8,3.4,0,7.1,8.2,8,6,5,10.3,0,0,0,0,8.2,7,5,15,5,5,0,2,0,0,30,15,0,7,9.8,25,11.9,9.9,0,10,0,0,6.8,14.2,0,7,0,5,3,7.6,0,4,9.9,16,16,12,22,6,10.6,10.2,19,0,0,22,0,12,0,0,9,4.1,4.4,4,0,43.5,20.8,22.6,29,2.3,5,10.3,17.9,14.7,19.5,11.9,13.3,11.4,14.3,13.5,16.1,13.6,10.8,15.4,16.2,12.6,12.7,13.5,14.5,10.4,10.3,9.7,14.9,14.1,7.9,9.6,8,9,14.8,9.2,9.3,4.5,5.7,9.7,15.9,16.6,17.4,9.7,29,26,12.3,13.2,17.8,11.3,10.3,22.5,11.4,15.1,22.6,5.6,17.7,9.9,9.1,10.8,9.3,13.8,29.5,16.8,5.3,7.4,8.9,9.5,9.1,17.5,14,10.9,7.2,1,6.3,32.2,6,8,7.3,8.7,12.3,9.8,19.3,25.5,8.6,7.2,11.7,7.9,16.2,9.5,15.9,8.3,8.1,6.7,14.9,17.5,0,31,15,29,17.8,11,15,11,9,20.4,21.3,52,42,15.7,49,15,12.2,14.4,16,15.4,12.4,17,11,17,0,22.2,19.2,7.3,20,15.4,19,7,20.7,21.5,25,16.1,19.4,19.5,6.9,8.4,0,0,0,7.7,3.4,0,7.8,0,13,5.3,14,10.3,10,7,5.2,4.5,15,10.7,3,4,6,7,13.4,1,5.6,0,11,12,0,6.5,8,15.4,5,16,10.6,15,12,13,5,12.6,13.7,12,44,15,6,2,38,14,7.8,12.4,2,11.2,11,5,10,9.6,0,22,9.9,13.4,15.4,17.7,12.2,10.1,10.5,14.2,14.2,34,52,25.7,14,30,24.6,13,10,16,21,14,5,7,15,20.9,27.4,11.7,18.6,32,17.8,22.2,1,19.5,15.1,15.1,32.1,8.8,8.8,14.1,12.5,12,16.3,10.7,18.3,14.5,15,16.3,12.9,22.1,18.3,17.4,15.8,21.4,19.3,21.3,9.1,18,14.8,11.2,11.2,20.7,14.2,15,22.5,15.8,24.1,17.3,22.2,15.3,22.6,26.9,27.6,18.6,21.5,20.7,22.1,18.5,21.5,21.6,17.2,13.6,11.2,12.8,8.4,14.6,18.6,11.8,7.1,22.8,16,11.7,18,27.2,13.6,8,16,7,12,12.9,3,20.4,25,25,3,3,21,13,29,15,23,25.2
1960-07-01,1,5,4.4,3.3,56,6.1,30.4,29,0,14,36.5,8,26,0,0,9.1,25.7,5,45,1,5,36,5,41,27,0,7,12,12.4,39.6,0,51.3,51.5,30,4,0,28,34.7,19.8,24,64,15,40,9,15.6,0,20.6,37.5,0,47,25,52,0,28.4,20.6,44,6,31,36,0,38,27,22,32,4.4,24.5,4,0,19,21.5,39.4,7,3.3,3,10.8,20.3,17.3,20.7,12.9,12.1,11.5,19.8,13.9,20.5,12.9,11.1,16.2,18.7,16.1,12.8,14.9,18.5,15.4,10.1,10.6,13.2,14.9,6.1,11.2,7.8,9.1,13.7,11.6,7.1,4.8,6.3,10.2,17.6,17.1,15.6,12.6,32.9,27.5,15.2,14,15.2,15.1,14.3,27.3,13.4,20.8,25,8.4,20.3,15.2,10.8,13,17.5,15.1,30,20.9,10.9,13.7,7.5,12,9.6,20.7,21.2,13.2,10.6,1,10.6,29.8,6.9,10.5,11.2,9,14.9,9.5,22.8,33.3,8.7,15.2,14.5,12.6,16.9,11.2,13.5,6.4,11.7,8.2,15.1,19.8,23,25,37,32,22.3,38,37,41,16,13.7,31.5,21,225,29,37,37,14.2,27,26,15.3,32.1,18,23,23.1,26,19.3,17.7,14.4,11,21,21.7,7,21.1,45.4,26.9,29.3,29.5,37,7.2,28.3,26,22,28,25.6,17.1,28,22.9,16,22,10,25,34.1,25,80,6.1,9.5,78,0,23,3,4,24,12.7,0,2,4,78,17.9,25,11.1,12.6,29.2,29,12,12.4,25,14,40,15,3,22.7,22.4,6,13,14,12,6,14,12.1,16,0,27.5,0,0,21.3,14.4,0,25,15.7,35.2,18.5,14,30.8,11.7,19.4,17.7,17.7,19,25,22.9,23,31.1,26.7,25,17,31,13,36,20,28,36,30.7,29.4,20.1,20.4,56.6,19.2,28.5,22,54.9,24.1,34.5,43.2,22.1,25.3,36.5,31.1,23,30.1,19,21.5,22.4,23.5,20.6,22.3,24.3,28.6,22.7,24,30.9,25,25.3,22.4,22.9,30.6,22.7,24.4,27.9,21.4,20.6,21.1,21.8,21.8,25.7,28.3,22.7,27.7,34.1,38.3,20.1,27.2,22.9,26.7,19,31.4,24.4,21.4,19.6,15.9,19.8,15.2,20.6,21.4,19.9,15.5,27.8,26,18.3,19,25.8,34.8,38,37,42,31,28.8,37,31.9,32,33,38,42,42,27,24,34,60,36.8
1960-08-01,3.2,0,1.9,2.7,24,0,10.5,85,0,0,33.3,7,29,7,14,6.9,32.7,0,35,0,90,0,0,16,5,0,0,7,14.8,23.9,0,25.3,21,7,5,0,100,25.4,17.4,15,25,10,14,15,8.2,0,9.6,23.4,0,7,0,3,0,18.2,16.5,90,20,20,52,0,2,53,10,10,5.4,19.7,0,0,0,3.9,18.6,0,3.2,0,15.4,0,19.2,25.9,18.8,28.3,11.4,13,16.4,19.3,36.7,14.9,16.1,14.7,18,17.8,18.7,19.2,17.9,12.7,8.6,18.6,5,8.6,14.4,10,10.7,23.5,10.6,14.6,6.4,9,13.8,35.2,24,17.1,14.4,39.4,25.8,18.4,23.9,16.4,17.2,19.1,27.8,12.4,20.4,21.1,12.9,32.6,11.3,9.6,13.2,19.3,16.7,32.5,15.4,7.7,14.3,15.8,18.6,8.9,24.6,14.9,13.2,20.1,12,7.5,34.2,7.6,8.7,12.7,13.8,15.8,16.2,21.7,36.9,14.2,15.1,21.1,19.1,18.4,13.2,16.4,12.8,10.8,9,14.1,3,0,0,0,0,4.2,0,0,0,0,20.9,5.9,0,0,3.7,0,0,6.2,4.2,0,6.2,11.7,0,0,9.1,0,6.3,1,6.6,0,7.5,11.7,15,2.2,13.2,9.9,5.2,5,0,12,8,33,15,30,4.2,8.6,24,5,31,0,1.1,11,4.2,3,0,3.3,4.8,10,0,0,2,1,0,13.1,0,0,0,0,4.7,2,5.7,8.7,6,0,0,4.1,5,0,0,0,0,3.3,3.7,16,0,2,0,0,0,1.6,5.2,52,9.3,0,0,4.1,5.2,0,0,1.5,4.6,7.2,3.5,3.5,1.5,4.4,4.3,5.3,0,0,8.8,0,2.2,4.5,0,0,0,0,0,2,1,0,9.6,12.5,7.8,6.4,17.5,11.6,9.6,0,14.9,10.5,10.6,9.4,3,4.9,5.1,13.2,4.9,8.5,11.9,13,8.3,11.3,10.3,5.5,9.9,8.6,10.9,11,14.4,19.2,12.1,10.4,10.3,9.9,8.7,12.4,14,8,9.2,11.3,8.1,12.2,5.5,10,10.5,8.9,11.6,15,14.3,13.2,15.4,9.6,8.3,11.1,11.6,7.1,11.7,14.7,7.4,6.5,14.7,13.6,7,6.7,5.2,0,3.8,0,0.6,2.9,0,0,0,0,2,0,5.5,0,0,0,2,0,0,3,0,0,5.2
1960-09-01,0.5,5,6.4,4.8,7,0.6,20.1,13,0,0,14.6,5,0,4,0,2.8,7.7,0,13,0,0,0,5,0,2,0,0,2,4,9.1,0,20.1,17.7,4,0,0,17,9.4,19.7,18,12,13,7,15,12.1,0,9.4,16.6,0,2,0,15,0,14.3,9.9,5,4,2,6,7,2,12,16,20,2.4,6.8,0,0,49,48.7,43.9,18,1.6,2,10.9,13.2,13.4,23.7,9.9,15.1,14.6,16.5,13.7,16.6,10,8.6,11.7,20.7,12.8,12.2,14.9,15.5,9.1,7.4,11,19.3,9.7,6.1,10.6,8,8.2,14.5,9.2,11.1,4.2,5.5,9.3,14.1,16.7,17.6,10.4,23.6,23.9,12.4,13.6,12,9.8,11.2,25.5,11.8,15,23.2,8.9,17.6,17.9,11.6,8.1,9.6,12.1,33.8,35.4,8,8.3,12.3,10.8,10.3,28.2,26.5,16.6,6.6,12.2,6.4,31.5,4.2,8,8.3,11.9,14.2,10.4,20.7,32.1,10.2,8.9,13.2,8.1,12.6,11.8,15,9.5,8.4,7.4,15.2,33.4,32,50,40,24,36,8,39,57,40,20.8,46.8,50,30,34.9,71,40,28,35.1,32,27.1,23.3,23,18,44.2,24,35.9,36.4,18.1,21,36.3,41.4,6,39.1,49.2,30,38,36.1,36.5,4.3,14.3,0,8,10,13.2,9.5,6,12.3,23,10,11.9,12,20.6,14,15,10.4,13.8,43,0,13,48,38,22,17.8,32,5,32,4,30.9,39,13.3,18.5,37.1,28,18,18.1,15,22,23,23,19,28.7,29.9,0,7,13,30,30,33,18.8,24.8,171,24.6,39,21.3,27.4,26,33,43,19.6,36.4,25.8,28.6,33.3,26.5,33,23.4,30.1,18,24,43,20,55.2,39.8,20,42,47,22,31,26,22,59,40.7,39.7,13.6,33.9,55,41.3,40.9,42,30.1,34.9,26.1,50.7,30.7,22.8,34.2,26.2,21.9,33.8,19,26.3,18.7,26.7,25,27.4,36,42.2,28,32.5,34.3,30.6,28.8,19.4,23.4,21.9,26.7,21.6,41.9,28.9,30.1,38.2,43.8,34.2,39.1,36.6,27,32.3,44,44.4,28.8,32.3,46,42.6,30,42.2,42.5,31.9,24.3,25.2,23.6,18.7,23.6,25.6,23.2,18.1,43.3,32,28.4,92,109.7,45,35,47,36,19,38.6,24,54.8,63,45,103,83,86,107,110,85,104,70.8
1960-10-01,64.3,96,54,41.9,97,26.5,128.9,92,146,58,129.5,40,73,61,41,55.5,85.2,24,197,35,90,112,63,177,25,47,30,75,56,109.3,27,109.2,150.2,86,92,43,120,98.7,81.7,70,135,62,129,85,69.8,18,93.5,107.8,112,121,85,159,66,103.9,61.8,94,130,41,93,43,68,25,70,150,45.8,105,93,41,60,78.9,60.8,81,31.5,50,33.1,61.5,51.1,66.2,65.9,57.7,54.7,46.6,55.8,66.5,69.8,67.3,53.4,64.5,84.2,73.2,53.6,79.8,68.4,57.3,35.3,46.4,28,36.5,32.2,28.7,34.8,42.5,35.2,29.8,25.7,31.3,39.5,74.9,89.1,96.7,67,68.9,82.4,80,74.7,66,73.4,68,75.6,83.6,85.2,67.9,69.9,72.9,55.2,60.4,55.3,51.3,40.5,44.5,56.5,31.5,43.8,77.5,55.8,53.2,45.5,44.5,53.6,58.5,37,47.8,52.7,32.7,32,50.9,31.3,83.4,59.8,71.5,85.2,35.9,51.7,54.7,64.6,59.3,44.1,25.9,6.8,43.2,39.3,57,128.1,101,58,77,181,118.5,201,77,81,190,83,115.9,104,44,105,96,77,108.9,118,86,87.9,159.7,98,81,131.8,141,114.5,106.5,83.8,41,109.2,131.9,122,126.6,143.2,40,109.7,97.5,108.5,50.4,130.8,146,33,180,143.6,107.3,138,135.6,159,222,99,216,125.1,192,158,62.9,109.7,123,111,81,130,112,120,96.6,118,88,100,168,136.5,73,80.3,112.7,125.2,72,62,67.9,98,185,53,88,77,101.1,109.8,25,81,78,129,66,103,78.7,101.6,123,150.2,107,97,114.6,103.1,107,102,84.2,130.9,86.2,68,125.1,80.6,116.4,119.2,116.9,129,41,118.8,68,130.7,100.5,110,82,99,78,112,48,109,62,95.7,121.7,105.7,117.6,151.9,105.5,122.1,68,150.2,98.2,134.3,146.4,108.4,122,133.8,113.9,77.5,106.9,96.6,87.8,92.6,119.6,107.1,112,112.9,120.3,116.5,105.8,128,140.7,93.4,113.4,124.5,124.7,90.6,151.3,94.7,113.5,100,113.1,90.3,92.1,86.1,131.5,98,121.8,136.3,138.6,105.8,127.4,141.2,127.2,112,141.4,129.1,116.6,106.4,99.8,106.1,93.3,107.5,112.7,95.2,75.5,115.7,86,94.1,19,21.1,68.2,94,47,30,33,51.7,20,63.4,108,115,87,55,74,81,93,59,58,65
1960-11-01,3,55.4,44.3,37.7,69,47.2,79.6,39,72,27,76.3,85,30,105,54,60.3,67.3,43,108,79,84,117,37,88,145,57,58,104,68.3,72.8,44,73,99.8,95,44,62,24,78.3,74.6,101,70,91,83,34,52.6,96,64.2,62.7,64,115,107,75,96,88.7,65.7,39,49,99,24,82,90,51,91,108,31.7,71.2,96,34,110,89.8,59.9,76,30.9,15,33.4,71.2,47.6,73,67.8,53,56.3,46.8,59.8,53.6,67.8,60.8,65.9,56,82.9,67.5,60.8,83.9,79.5,66.1,39.4,33,17,35.7,27.6,27,31.2,36,41.2,27.3,23.1,28,34.8,81,87.8,99.6,67.7,70.5,78,80.4,79,67.6,73.9,81,72.7,86.7,79.8,74.2,63.6,73.2,66,61.4,50.8,45.6,40.2,44.3,47.6,31.1,44.7,67,55.6,40.8,44.2,43.5,51.3,64.1,69,49.9,47.8,35.1,28.8,52.3,35,84.9,54.8,77,74.4,32.5,61.2,53.7,73,60,56.2,18.4,6.4,35.4,32.4,54.8,138.1,105,82,67,98,98.4,148,66,117,136,78.1,107.5,126,115,106.6,64,67,88.5,97.3,165,90.9,78.8,85,121,120.5,145,102.3,111.8,86.8,99,89.9,142.4,42,113.6,103.7,107,76.2,75.3,113,44,59.2,47,65,39,71.2,64.9,23,74.2,27,43,66.4,53,65.5,42,30,60.5,80.6,63,59,115,105,81,72,90.6,88,119,152,89,111.4,108,128,86.2,98.7,89,131,66.5,92,105,87,105,160,86.5,95.5,76,65,61,89,122,77,87.3,101.3,123,92.2,57,100,112.4,88.5,103,72,79.4,91.7,77.2,98,95.7,73.4,89.3,94.4,113,117,144,101.3,146,112,98.4,74,102,78,116,50,58,28,63,62.6,98.5,61.7,79.8,100.2,95,95.7,131,89.6,90.5,87.4,115,74.9,79.4,81.5,69.5,55.2,63.7,71,72.4,66.4,77.6,83,77.5,80.9,99.4,89.1,85.1,83.3,99.6,73.3,70.5,46.4,64.1,40.9,87.8,69.1,92.2,100.6,98.9,88.8,66.1,67,93.4,78.2,106,102,110.3,82.1,127.8,136.9,118.8,128,136.6,137.4,121.6,112.2,106.1,105.2,86.9,99.9,113.9,107.2,74.5,90.4,165,85.2,10,7.2,49,78,38,70,16,46.5,75,41.3,39,16,38,45,29,24,21,23,3,39.8
1960-12-01,109,54,84.7,75.4,132,120.6,91.1,167,74,55,129.1,30,177,29,81,124.9,127.8,57,166,82,68,134,168,266,124,184,165,176,104.1,182.5,77,168.4,137.6,207,36,91,142,174.8,108,30,40,138,304,241,92.3,172,85.5,133.1,45,217,183,230,99,141.2,129.5,265,62,98,143,122,220,107,253,143,97.5,113.9,93,104,8,74,129.9,99,77.7,78,108,165.3,107.8,153.4,160.3,141.8,161.5,128.8,61.8,147.2,125.2,130.7,144,105,147.2,163.9,158,163,151,139.4,97.6,89.9,33,110.7,70.4,92.1,99.5,92,90.5,77.3,71.8,79.6,81.9,160,201.5,195.7,155.2,145.4,157.8,216.5,198.4,144.7,164.4,151.1,159.3,176.3,212.1,178.1,118.6,165.8,125.5,140.1,99.5,111.5,116.6,137.3,86.4,67,89.8,129.4,112.2,111.1,101.5,87.8,118.6,121.5,165,130,133.6,113.3,86.2,127.7,86.8,178.1,123.2,141.1,168.7,90.5,130.4,118,126.2,104.9,124,29.7,19.9,102.4,92.7,124.3,153.8,106,110,18,191,99,113,18,74,132,81.4,104.5,157,90,93.2,108,18,112.1,88.2,94,99.5,106.2,100,158,131.4,152,96,117.7,102.4,145,87.3,110,41,104.5,84.6,58.2,57.4,51.7,16.5,50.9,97.7,85,36,131,109.6,99.7,62,111.7,144,162,101.3,104,96.8,101,62,77.9,97.2,75,103,110,89,68,87,107.7,37,138,80,161,122.3,52,101,113.7,123.7,110,168,90.9,77,139,140,82,111,93.5,114.5,174,50,91,145,127,161,104.9,126.8,129,105.8,130,168,140.3,135.8,86,108,81.8,83.8,119.8,128,93.6,79.4,94.6,102.7,120.7,203,151,109.6,104,92.8,96.8,70,134,80,24,54,10,19,51,47.8,105.8,98.8,85.3,92.1,105.3,99.7,117,109.5,98,108.9,103.3,86.3,92.4,97.6,116.7,71.6,93.2,88.2,74.7,84.5,99,112.7,91.7,100.3,121.1,102.2,97.9,91.1,104.4,85.3,120.3,127.5,88.1,67,144,64,102.1,128,113.8,123.5,76.1,64.6,98.6,114.1,101.5,119.1,92.6,75.1,151.7,170.8,170.3,125.3,176.7,190.7,140.7,121.4,131.4,118.1,95.9,106.3,130.2,113.1,82.4,83.3,94,84.3,16,9.8,45,24,48,53,42,40.2,37,53.9,54,27,40,65,37,17,31,14,11,45.6
1961-01-01,74,12,39.2,30.8,83,96.4,102.4,28,151,42,92,0,45,24,27,59.7,67.9,42,84,78,9,68,56,71,56,92,106,65,58,76.5,5,86.4,114,87,33,17,39,72.8,75.4,15,105,33,40,55,59.4,58.6,61.9,76.1,68,24,51,42,122,80.8,48.9,37,87,153,140,73,21,27,25,17,35.1,69,43,85,41,83.9,63.1,65.5,3.6,59.5,31.1,64.5,48.4,51.1,55.3,53.7,54.6,47.2,53.1,52.9,59.5,58.4,48.9,57.6,69.3,62.5,52.3,63.8,60.5,55.4,36,43.1,50,36.5,22.7,25.5,28.1,40.3,31.1,33.3,22.9,27.2,31.6,71.9,70.9,86.7,52.7,55.3,76.8,67.3,61.5,51.5,61.6,66.8,65.2,71.7,61.5,65.5,42.4,69,48.8,53.4,40.9,41.4,37.7,46.8,47.8,31.9,30.2,60.2,47.5,40.8,45.4,37.4,46.2,58.4,43,44.4,47.6,36.3,30.2,39.6,26.4,77.5,49,66.6,85.3,28.1,49.3,53.4,57.3,48.3,39.5,26.9,8.1,33.4,35.4,58.7,348.1,33,109,79,94,105.2,108,79,135,174,65.2,111.4,118,136,116.1,125,79,94,132.8,195,86.8,86,121.8,114.7,113.2,85,106.2,109.1,58.5,60,93.1,136.7,122,121.4,153.4,86,99.8,98.6,88.5,39.1,66.5,49,60,68,72.7,60.4,37,74.9,52,72,69.1,61,81.9,71,147,49.9,74.7,117,88,2,29,42,57,82.1,27,80,89,115,96.8,100,40,80.5,100.5,105,23,50.3,70,54,152,98,96.7,98.2,100.5,87,94,63,116,79,113,89.7,91.8,139,127.8,27,114,110.8,85.1,150,74,72.5,120.2,75.1,138,123,81.2,105.9,115.3,123.7,172,84,112.5,126,125.5,98.8,82,150,77,119,99,68,73,79,109.8,111,77.7,103.9,142.8,100.3,117.8,300,138.6,92.7,117.8,140.1,93.4,107.5,124.7,91.7,71,90.9,73.2,85,82.2,88.1,87.4,101.8,96.8,106.5,111.8,104.4,107.1,132.3,71.2,77.1,99.1,81.1,58.4,98.1,76.6,98.3,98.6,101.9,95.4,69.7,82.9,117.3,79.2,120.9,122.5,121.5,98.8,126.2,121.6,122.2,128.4,144,132.1,101.6,79.4,81.1,78.1,71,88,79,77,55.9,111.6,195,87.1,83.1,100,95.2,92,84,72,97,91.3,88,85.5,75,75,99,105,137,61,96,62,80,82
1961-02-01,31.2,100,82.8,71.8,160,54.6,126.8,89,141,99,103,72,88,55,99,89,109.7,77,110,74,102,178,108,145,100,92,52,127,94.2,114.7,38,123.5,93.4,150,63,131,189,146.5,72.5,78,67,169,224,173,80.8,118.3,102.3,105.1,116,97,98,150,120,107.7,89.9,103,185,127,79,193,110,97,248,208,80.8,119.5,76,42,27,25.7,110.2,120.8,20.7,58.4,62.4,117.8,99,120.7,116.6,80.1,87.3,97.4,51,132.2,109.3,116,108.9,92.7,113.4,124,102.2,133.2,97.4,96.5,72.1,80.2,22,87.3,54.6,69.6,74.5,71.4,59.1,46.8,58.8,61.7,59.4,145.2,154.9,133.4,111.1,134.2,116.5,129.4,134.7,137.2,137.6,129.1,128.5,129.7,149.8,107.9,107.2,115.7,89.6,109,68.8,82.6,97.8,90.1,87.6,59.5,68.6,106.3,83.7,98.1,88.1,78,72.7,90.4,73,93.8,114.6,85.7,67.4,118.3,59,135.2,90,117.8,116.5,62.9,98.4,94.1,110.5,92.4,105.6,23.4,16.2,82.5,74.1,96.6,95.2,117,59,75,111,77,51,76,138,82,91.8,85.9,49,43,90.4,34,75,83.3,94.1,115,155.6,152.6,119,125.6,109.5,31,76.2,76.3,123.2,155,74.1,85.7,122,75.2,81.9,32,70.1,77.3,63,47.4,123.5,203,130,89,124.6,98.9,147,129,115,106,124.5,121,117,140,172,92.2,114.4,123,176,260,78,77,167,99,94,81,112,182,145.2,159,171,121,165.9,125,112,94.8,188,73,124,122,116,94,129.6,27,223,147,186,161,248,105.9,120.7,155,126.1,191,133,134.2,139.5,101,122,93.6,94.2,105.3,10,85.7,86.2,92.2,81.5,111.6,66,30,97.3,43,93.4,65.8,27,25,60,99,49,57,73,93,90,94.6,114.5,67.9,85.1,81.6,99.6,55,119.7,110.4,132.7,107.8,120.6,118.6,114,125.5,72.6,105.3,96.8,67.4,81.3,105.9,127,110.9,101.2,100.3,97.8,109.8,110.3,96.9,105.3,139.7,97.8,109.5,73,172.4,71,104,111.1,95.7,108.8,88.2,71.6,84.3,113.3,101.8,95.4,96.3,80.1,162,195.1,173.3,188.2,175.5,175.6,169.7,153.6,156.3,140.2,125.5,153.1,161.3,158.1,103.7,87.6,115,96.6,76.6,49,87.3,68,84,110,95,80.6,83,101.8,76,78,99,94,74,101,187,131,55,51
1961-03-01,181.2,81.3,101.8,89.2,73,83.9,147.8,106,44,92,155.6,111,87,59,208,118.2,112.6,106,118,258,163,127,72,220,81,55,47,115,99.3,135,221,123.7,161.4,100,107,70,157,141.4,94,159,87,140,196,155,91.6,137.1,146.2,117,105,117,113,65,106,119,115.7,98,128,93,77,84,79,121,99,154,107.2,133.8,47,144,134,111.8,136.5,169.1,57.6,153.6,109,156.1,97.6,145,176.2,148.4,157.4,126.4,249.2,159.4,157.6,141.6,149.4,115.7,153.7,167.2,165.1,183.1,152.5,151.3,98.4,93.1,108,121.4,74.3,83.4,96.2,82.6,96.4,81.6,66.6,75.2,82.4,167.8,195.8,196.7,159.2,157.3,181.8,214.5,188.1,163.1,172.4,178.3,165.9,191.1,212,177.4,132.9,164,126.6,141.7,111.3,115.5,122.8,126.6,90.1,61.1,97.8,131.4,105.1,123.2,100.3,104.3,133.4,145.1,266,153,139.2,119.4,84,154.7,103.1,173.9,143,195.7,227.2,103.8,139.9,110,144.5,116.7,134.7,35.6,24.3,114.2,95,139.2,208.8,134,84,71,117,102.1,66,70,163,127,111.5,111.6,51,77,114.7,77,71,107.1,134.3,109,78.6,185.5,213.7,226.8,131.2,180,105.3,113.8,114.2,85,93.8,106.8,40,100,142.8,67,84.9,85.9,51.5,57.6,152.8,140,110,174,176.6,119.5,110,163.8,205,234,133.2,153,140,151,321,118.3,151,224,211,134,102,144,208,95.8,170,128,222,154,196.1,232,117,148,191.3,116,205,117.3,149,234,157,209,141.7,115.8,179.8,87,84,90,160,73,152,148.8,152.9,41,159.7,33,150,137.4,141.8,156,70,118.5,123.9,128.6,105,126,106.7,134.1,109,129.2,146,180,125.4,102,101.8,83.8,55,118,68,115,72,86,89,145,68.1,114.7,143.1,106.6,142.2,102.1,135.1,118,156.8,127.6,163.4,115.3,141.8,150.2,167.5,147,96.2,133.9,114.7,97.6,105.2,161.6,142,132.8,131.6,145.7,134.5,133.4,153.1,160.8,128.6,158.4,193.3,141.5,98.7,190.5,73.8,118.7,145.9,112.9,129.2,86.3,86.6,121.6,152.8,135.4,136.1,120.9,97.9,172.2,204.6,195.8,200,199.7,187.3,162.4,151.2,158.7,141.9,130.2,145,145.7,132,120.6,114.7,105,106.1,33.5,33,64.5,62,90,53,49,57.4,71,66.8,52,34,61,98,51,51,25,81,42,46
1961-04-01,17.2,5.2,14,9.4,33,51.3,27.9,17,26,38,31.7,7,13,15,63,32.3,38.3,33,37,60,12,132,32,71,35,17,37,21,41.3,57.2,15,52.7,39.8,46,4,49,15,45.5,58.3,15,15,18,68,54,26.4,33.4,27.5,33.1,72,105,45,60,62,34.7,33.4,16,17,24,17,85,66,29,71,131,17.6,23.8,34,28,90,72.8,42.5,128.8,14.9,16.4,21.3,44.8,21.5,49.4,42.1,52.8,41.8,35.1,161,48.8,47.3,37.6,38.9,32.8,47,36.3,41.6,49.2,45.6,34.4,20.8,30.6,20,21.8,15.3,18.8,17.4,29.1,21.8,17.2,12.6,10.9,14.8,53.3,45.7,50.9,35.6,59.9,55.2,55.5,46.8,39.3,43.5,47.1,52.9,48.4,46.1,63,37.6,42.3,48.6,27.3,27.3,29.2,23,35.5,34.5,12.2,23,37.8,32.8,23.2,29.9,31.4,30.3,31.8,74,26,28,21.3,19.3,38,21.5,36.5,30.1,48.4,84.3,17.1,38.6,28.9,42.3,42.5,30.8,13.6,6.1,17.4,18.7,33.8,4,5,70,81,48,41.6,49,81,16,25,29,59.8,62,116,36.1,68,81,31.1,43.1,25,39.5,49.5,38.3,18.3,49,55,61.8,45.2,19.9,48,46.4,64.4,45,50.1,55.7,134,87.7,70.2,105.5,15.2,30.1,23,0,29,19.4,14.9,16,33.6,34,30,16.6,31,27.3,21,20,18.7,20.7,34,49,12,14,19,39,28.9,24,20,19,12,43.4,19,36,25.1,43.1,25,7,19.9,27,20,27,26,33.1,35.6,37.7,54,22,24,69,45,67,28.9,31.4,86,46.4,12,12,47.9,28,68,42,26.8,36,28.5,42,42.4,29.5,34.4,36,34.5,40,54,48.3,49,51.3,57.4,53,86,83,199,91,98,61,67,55.8,50.5,20,39.5,64.6,59.2,41.1,43,43.3,35.6,28,58.9,29.6,34,43.7,33.1,34,36.3,27.2,29.3,30.3,29.7,34,38,44.8,50.5,41.5,36.6,39.1,37.5,34.6,30,30.5,29.7,32.3,30.6,48.8,41.3,38.8,44.3,54.3,40.5,71.3,52.2,33.9,42.9,43.7,42.4,46.2,41.1,48.5,49.7,40.4,49.6,45.8,38,26.5,23.1,24.4,24.9,31.4,31.3,26.6,22.5,40.3,35,36.4,45.9,50,51.4,45,40,47,25,50.4,49,37.8,38,23,36,33,40,31,21,37,32,39
1961-05-01,16.7,38.2,43.4,34,122,28,67.2,22,41,46,79.7,110,125,58,57,47.9,78.9,44,142,75,65,86,40,117,29,38,34,25,54.6,82.7,40,86.2,92.2,61,70,23,112,67.8,77.4,80,7,51,77,70,53.5,56.5,70.6,73.8,28,65,25,10,82,73.5,44.8,93,165,40,102,12,75,34,89,53,32.2,97.1,69,29,37.9,51.4,68.2,15.9,0,32.8,35,70.3,42.2,66.9,60.3,61.8,59.4,49.9,34.7,58.2,60.4,58.3,62.1,54.9,72.4,65.7,61,70.7,84.3,55,44.5,36.1,23,32.7,31.1,31.8,27,36.6,43.9,25.1,23.9,26.5,24.9,81.9,68,92.7,63.8,75.8,81.8,79.1,67.1,59.2,67.8,68.9,65.2,82.9,69.3,78.5,43.5,69.1,57.1,51.1,46,49.2,42,54.9,46.3,33.4,36.3,58.8,65.8,42.2,38.9,30.7,41.8,64.7,68,37.2,34.2,38,28.9,47.7,35.8,60.2,59.4,65.9,79.6,30.2,59.9,51.9,59,54.5,42.4,15.2,9.7,32.2,30.6,54.9,0,66,68,3,112,46.4,99,3,118,129,48.7,47.9,58,48,69.9,58,3,50.9,62.8,41,21.4,109.2,79.5,133.4,52.9,70,35.4,59.3,59.7,57,47.1,41.8,19,40.5,54.6,22.4,20.4,23.8,13,47.6,82.1,72,106,93,79.5,72.6,85,104.5,94,99,63.8,131,66.3,101,93,54.7,72.4,143,97,65,52,56,105,64.2,55,57,82,85,74.3,63,50,49.5,75.5,76,60,40.9,60,36,94,93,78.6,46.7,76.1,0,34,30,77,45,91,67.6,56.5,0,65.3,42,63,68.5,50.3,48,22,43.9,45.7,48.1,0,43.3,52.3,41.8,48.8,51.7,74,69,61.5,29,32.6,32,10,25,5,0,5,7,6,4,21.5,57,78.4,38,56.2,50,52.1,109,68.3,63.7,74.9,49.3,61.9,59.9,67.5,73.2,39.1,41.7,56.8,34.2,53.1,61.5,85.2,57.4,60.9,63.9,73.7,70,80.3,59.4,54.8,63.1,35.5,69.8,49.8,77.2,46.4,57.1,57.6,50,65,53.3,33,61,53.5,50.3,72.9,41.9,43.7,81.2,89,92.1,93.8,102.5,83.6,80.5,63.1,61.7,66.8,61.7,69.2,69.9,66,51.6,51.3,65,37.3,38.9,51.6,17.8,6,4,1,6,13,0,22.4,10,6,10,26,14,30,43,33,45,11
1961-06-01,9.4,2.5,1.6,3.1,0,1,8.7,0,0,0,11.6,0,0,0,0,0.8,3.2,0,0,0,0,0,0,0,0,0,0,0,3.8,9.5,0,11.3,7.6,0,0,0,0,2.2,8.9,0,0,0,0,0,3.6,0.8,1.4,9.6,0,0,0,0,0,7.5,8.8,0,0,0,0,0,0,0,0,0,9.9,0.6,0,0,0,3.4,22.3,5.5,0,8.2,12,19.6,15.8,20.9,12.8,17,9.2,14.1,1,15.9,19.3,11.8,12.5,13.1,14.1,9.8,12.6,15.2,11.7,6.1,7.9,15.4,13.9,7,10,8,7.3,21,10.1,12.4,4.4,7.3,12.8,19.4,20.7,18.2,9.2,19.1,21.4,12.3,10,15.2,10.4,11.4,22.2,11.3,17.8,16,7.3,22.7,9.3,6.8,11.1,14.1,16.3,42.5,15,6.5,7.2,13.7,11.9,9.1,21.6,14.2,11.2,11.1,9.5,7,32.7,5.1,7.1,9.8,13,11.3,11.9,15,27.8,10.1,6.7,20.3,6.1,15.3,10.4,19.2,13.9,8.6,8.6,14.8,4.1,0,4,17,6,5.7,7,17,0,0,5.6,10.1,0,0,3.5,0,17,2.8,4.2,3,3.1,0.1,0,0,10.5,5,14.3,5.7,5.5,15,12.3,16.5,3,3.8,15.1,9,9.2,9.8,8,3.4,4.5,0,0,0,3.5,3.7,0,2,0,0,2.4,0,2.9,0,0,2.8,2,0,7,0,1,0,0,8.1,0,0,0,0,5.9,0,3,4.6,4.7,0,0,2.9,0,0,0,0,0.8,3.1,4.4,17,0,0,0,0,0,2.8,6.2,0,6,3,0,5.2,3.3,0,0,2.6,5,4.1,0,2,4.6,9.7,5.4,5.7,2,5,8.7,0,3.5,3.9,0,4,0,0,0,0,0,23,16.7,14.8,7.4,10.4,14,12.6,11.6,0,10.7,11.5,13.5,15.2,3,6.3,7.2,12.6,7.3,10,11.1,16.1,11.4,14.8,10.5,6.4,17.3,10.7,11.6,10.2,14.6,14.1,9.5,7.4,11.3,8.3,7.2,8.1,16.3,12.1,9.4,13.1,9.9,11.6,9.8,9.2,11.8,12.5,16,18.4,14.3,20.1,21.7,13.8,7.8,13.4,15.9,7.3,12.1,12.1,9,5.5,9.7,13.6,9.8,8.2,5.1,0,2.9,16.5,16.2,17.5,23,18,23,30,18.9,22,14.3,23,11,18,35,38,15,12,10,17,17
1961-07-01,0.2,0,3.1,4.6,4,0,15.1,0,0,0,13.1,0,4,0,0,3.3,5.9,0,0,0,0,0,0,0,0,0,0,0,5.8,12.5,0,11.1,10,3,0,0,0,7.7,10.6,0,0,0,0,0,7.7,1.5,3.6,11.1,0,0,0,0,0,11.8,15.1,0,2,0,0,0,0,0,0,0,4.5,1.7,0,0,0,0,22.2,0,0,0,13.7,13.8,17.2,20.7,17.5,17,11,17.2,8.2,17.6,26.9,10.3,13,12.1,15.1,9.2,12.7,16.9,11.6,5.3,8.8,14.8,13.5,7.3,11.4,9.7,8.1,22.4,9.5,11.3,4.3,7.6,11.4,21.9,18.8,21.2,11.4,22,21.5,14.3,12.5,14.2,10.3,11.5,26,9.3,15.7,17.1,7.2,28.7,7.6,6.1,9,11.4,15,36.7,18,5.3,6.7,12.4,10.9,10.1,22,11.9,11,11.1,9,5.6,33.2,4.8,9.8,6.9,13.1,12.4,13.1,16.7,27,11.4,7.9,20.3,8.8,17.6,11.6,18.9,15.1,9.5,7.9,14.9,3.3,5,0,0,0,3.6,0,0,0,0,6.7,7.9,0,0,5.4,0,0,2.7,5.6,58,5.7,40.5,0.3,0.6,10.1,0,8.9,3.3,8.8,0,11.3,14.5,27,3.1,14.3,9.7,4,4.5,0,2.7,10.8,12,0,30,4.2,6,13,6.7,55,7,1.6,20,10.9,13,9,2,3.9,12,7,2,5,10,0,7.9,3,0,0,18,5,0,0,7.8,9.9,0,0,7.1,3,0,0,0,0.7,5,6.8,12,0,0,0,0,0,2,4.2,0,6.2,5,0,3.1,4.8,0,3,2,6.8,3.9,0,3.6,2.4,5.1,2.1,7.1,0,0,10,0,3.4,2.2,0,0,0,0,0,0,0,0,10.7,15.8,10.8,8.3,22.3,10.9,16.3,0,11.7,12.5,11,15.9,4.7,7.4,12.6,11.2,8.5,10.1,10.8,15.5,10.9,15.4,12,7.5,13.4,10,12.9,12.2,16.8,21.3,14.4,8.2,12.3,10,10.4,9.7,16.8,9.1,11.7,15.7,8.9,12.6,7.3,10.3,12.7,11.8,17.8,17.5,15.5,15,21.8,12.4,9.2,17.3,18.1,9.3,16.6,14.3,9.6,10,11.7,15.7,9.5,10.3,6,3.7,4.6,1.6,12.1,8.5,2,2,5,0,3.6,0,6.3,2,4,0,2,0,10,5,8,19,16
1961-08-01,0,0,0.5,4.4,0,0,13.3,0,0,0,11.6,0,4,0,0,1.3,6,0,0,0,0,0,0,0,0,0,0,0,5,8.8,0,8.8,6.8,0,0,0,0,4.7,7.5,0,0,0,0,0,4.3,2.5,0.4,8.7,0,0,0,10,0,4.8,10.4,0,0,0,0,0,0,0,0,0,7.2,1.3,0,0,8.5,7.9,26,11.9,0,1.8,12.9,15.8,15.5,21.1,13.8,3,8.3,15.2,0.4,19.5,20.7,12.5,13.5,17.1,15.2,10,13.6,13.7,12.5,5.3,7.5,14.1,12,7.9,10.1,11,7.9,18.2,8.5,11,4.1,6.8,9.7,17.3,19.7,20.4,10.9,23.4,19,15.3,10.2,12.3,7.5,10.7,20.8,8.9,19.4,15.2,7.6,22.8,11.4,5,11.5,12.1,17.7,39.9,14.9,5.7,6.3,12.8,16.9,8.7,21.9,16.4,12.8,9.4,10.5,5.1,34.2,6.2,8.2,5.4,12.4,9.9,12.2,14.8,28.1,11.3,5.7,13.8,6.7,13.8,12.9,20.8,13.2,8.5,7.1,12.8,4.7,0,0,10,6,6.4,4,10,0,2,9.1,8.7,3,0,5.2,0,10,4,2.7,0,6,0,0.8,0,11.6,17,15.7,6,7.1,0,12.5,16.6,26,7,11.9,13.2,8.7,14,13,4.3,4,0,0,0,5.8,4.9,0,2,0,0,3,0,4.2,3,0,4.5,4.8,0,0,0,0,0,0,7.9,0,0,0,0,7.6,0,0,6.5,4.4,0,0,4.9,0,0,0,6,3.3,5.5,6.5,0,0,0,0,0,0,3.5,3,20,7,0,0,2.7,2.8,15,0,3.3,3.5,6.1,0,1.7,3.8,4.7,3.8,9.4,5,17,8.9,13,5.1,4,3,6,4,0,11,9,7,8,16.1,13.5,7.4,12.7,18.8,12.4,13.5,0,13.2,11.3,13.8,14.8,5.3,3.2,4.9,12.1,8.6,10.1,10.9,14,11.7,12.6,12.4,6,14.4,10,9.8,9.3,12.9,19,14.6,6.7,20.8,8.5,10.8,7.7,15.8,10.5,8.9,15.7,8.3,10.8,8.9,9.2,12.6,15.8,14.4,17.9,14,16.4,21.2,11.4,7.7,15,12.7,9.1,12.4,10.7,9.6,6.4,7.6,14.7,7.7,8.4,4.7,2.1,4.9,18.3,44,16.4,14,23,27,14,22.5,12,18.4,22,21,21,20,37,14,41,33,53,52
1961-09-01,0.7,8.6,3.5,2.5,4,0,11.5,47,0,0,13.3,1,0,0,0,1.4,4.5,0,16,0,0,0,0,7,0,0,0,0,4.3,7.8,0,6.6,5.7,0,0,0,6,5.7,19.2,0,16,0,0,0,7.8,2.2,3.3,10.5,0,0,0,0,0,8.5,9.4,8,0,0,5,0,0,0,0,15,5.4,2.8,0,0,8.3,10.5,23.1,9.3,0,18.9,9.4,16.4,16.4,20.3,11.5,16.8,13.8,15.2,6.5,16.7,14.8,7.9,15.1,17,12,10.1,16.4,15.2,11.4,7.1,8.3,15.1,13,8.7,9.5,7.3,11.3,17.1,8.7,9.4,6.4,6.6,8.3,14.3,19.7,20.1,10.6,23.6,23,15.9,11.5,18.4,11,9.4,20.6,13.4,17.1,18.4,5.7,18.4,9,11.2,11.4,9.8,14.7,40.7,17,5.3,5.9,11.3,7.6,9.1,20.8,14.6,11.2,9.8,7.8,5.7,32.6,5.5,7.3,10.3,10.3,11.1,12.9,16.5,27.9,8.4,6.2,11.6,7,12,8.2,14.8,10.3,10.6,8.6,17.6,41,0,33.5,12,30,22.7,65,13,5,20,18.3,23.2,15,15,16.8,36,12,11.6,14.8,9,16.2,0,21.5,15.1,17,29,22.4,20.9,8.9,5,16.6,23.5,46,18,22.2,10,16.4,22.1,15,4.1,7,0,0,0,6.9,3,0,5.9,0,0,23,0,8.5,0,0,7.9,3.6,0,6,0,0,0,0,13.6,0,0,0,21,15.9,12,5,5.8,15.1,0,0,9.6,19,4,0,14,13.2,14.6,16.5,68,9,17,16,10,16,5.8,10,86,8.2,13,15,16.8,11,0,7,9.6,19.4,16.4,0,14.7,10.6,11.4,15.8,16.8,51,27,21.1,9,27.1,21.5,12,10,17,17,18,12,11,16,19.3,26.1,8.7,16.9,31.1,18.3,20.2,0,19.7,16.2,14.8,28.1,9.2,10.4,16.6,12.9,15.5,18.9,14.5,20.5,15.4,17,18.4,13.8,20.4,19.5,19.1,17.9,21.5,18.5,15.9,10.2,18.1,13.7,12.5,11.7,17.1,15.6,15.8,18.5,17.5,19.1,17.9,18.6,15.5,21.2,28.3,27.1,18.2,21.8,24.2,30.7,13.3,26.2,28.2,18.1,13.3,14,13.1,9.9,12.4,19.1,12.2,8.7,15.7,11.4,13,21,17.7,16.3,15,15,18,16,16.4,18,18.6,21,14,22,22,16,14,13,21,14,18
1961-10-01,50.3,41.8,82,81.1,111,100.2,124.5,154,71,163,105.8,155,114,91,90,91.5,95.7,185,101,123,77,125,28,68,41,61,100,89,103.5,88.4,180,103.4,107.3,91,178,102,86,109.1,74.8,116,174,64,130,66,82.7,103.1,101.4,111,79,17,78,48,165,110.7,97.7,96,84,116,103,77,61,84,68,70,74.4,95.5,222,170,114.1,116.9,99,69.7,0,26.1,67,112.6,80.9,89.1,102.5,89,93.2,96.5,97.4,107.8,113.6,96.6,93.4,94.7,98.5,108.4,84.4,114.8,81.1,95.9,69.3,64.2,110,84.3,49.1,58.3,77.9,64.2,50.3,49.1,53.6,60.8,59.9,107.9,125.3,116.1,102.3,131.1,105.6,101.7,109.7,109.6,114.5,119,120.2,108.3,123.7,109.4,114.6,104.4,77.5,97.8,80.6,87.4,91.5,84.9,87.2,55,68.2,108.2,83.4,98.6,80.7,72.1,68.5,82.4,132,85.2,116.7,73.6,58.9,112.1,61,121.7,79.7,117.6,118.7,61.6,94.4,83.6,98,100,90.7,27.7,17.3,78.5,63.2,109.2,297.1,145,218,126,145,121.6,141,126,110,134,102.5,138.2,155,13,112.7,169,126,138.2,114.7,28,113.8,120.8,192,187.9,124.1,254,133,133.1,126.4,65,115,153.8,175,122.3,121.9,173,142.3,137.7,135.5,53.1,121.6,97,105,164,122.2,106.2,129,131.2,150,139,113.5,172,117,139,145,94.5,115.6,190,124,91,188,124,130,89.3,113,95,68,27,153.4,130,135,123.3,166.4,90,103,97.1,105,109,96,79,123.4,102.9,151.5,66,90,91,202,117,244,114.8,129.3,102,118.4,140,215,164.4,125,78,102,101.5,129.4,120.5,68,121.2,91.6,137.7,117.6,133,244,253,150.3,144,129.2,117.4,81,108,100,120,109,131,103,145,126.9,126.1,114.7,120.3,136.2,121.2,119.2,106,122.8,120.1,127.4,134.6,128.1,118.8,115.6,122.3,84,123.3,100.7,94.1,89.5,118.7,124.3,108.9,113.3,131.4,117.9,116,119.7,124.9,97.7,143.8,126,125.1,93,167.5,89.4,147,129,132.9,132.9,87.1,108,133.2,136.3,131.4,139.4,112.4,92.7,162.4,181.1,197.1,162.3,195.2,195.8,158.9,150.1,135.9,133.6,116.7,141.8,129.8,133.4,95.9,112.6,125.3,108.7,78.3,68.6,127.7,106,94,104,129,114.5,93,112.5,132,104,118,56,127,86,125,113,92,88
1961-11-01,71.3,23.2,34.6,22.6,67,34.5,85.1,85,51,27,66.8,0,0,22,17,41.4,56.2,24,0,25,0,0,38,43,0,89,40,0,39.1,75.2,17,74.2,99.7,0,30,25,60,60.9,96.9,0,94,0,0,0,50.4,52,52.5,68.5,25,56,0,0,33,79.9,41.4,100,0,65,107,10,0,53,0,0,23.2,43.6,51,15,178.8,79.1,69.9,135.1,0,35.9,32.2,55,37.7,42.2,44.6,73,59.7,40.8,54.5,57.7,52,48.9,36.8,44.8,49.2,34.8,34.1,45.5,54.2,37.9,33.8,42,53,31,25.2,23.1,31.2,36.7,31.9,28.5,19.3,25.7,29.4,52.6,58.3,69.7,40.1,48.1,59,50,46.2,44.8,41.5,49.4,50.7,51.1,42.8,63.2,30.8,55.3,36,49.5,36.1,31.3,31.7,45.5,47.4,29.2,40.2,54.2,39.1,32.8,35.5,32.7,32.8,44.2,36,33.1,42,30.8,26,32.6,26.3,49.7,35.5,53.7,73.2,25.6,34.1,34.1,37,36.6,36.7,24.5,7.9,28.4,25.3,46.2,126.1,42,189.5,107,168,134.5,140,107,60,0,95.5,131.1,213,10,109.4,189,107,109.8,109.6,97,65.6,125.9,96.3,90.1,130.3,181,149.4,131.7,69.7,23,123.1,194.7,6,152.8,114.5,114,121,140.6,96,36.7,84.9,112,80,73,87.4,77.1,96,92.9,94,106,72.6,102,86.8,120,120,49.4,90.5,93,113,55,75,65,59,83.4,55,5,46,60,99.2,102,68,84.1,92.5,60,38,60.3,40,58,60,49,92.4,94.4,90.6,102,32,40,84,86,85,83.8,89.6,128,98.2,86,117,123.8,79.3,97,80,86.7,99.8,83.9,98,124,70.7,105.7,148.3,125.1,175,180,130,130,142.3,145.4,148.2,130,134.8,134,140,140,140,140,106,125.1,76.3,131.8,128.4,143.2,98.1,60,105,87.5,96.4,149.4,72.1,81.2,97.7,82.1,58.8,78.8,71.4,79.3,74.4,79.7,89.9,89.8,92.8,114.5,104.2,78.8,94.5,111.4,74.2,76.7,71.8,103.2,69.9,107.7,104.2,115.2,101.2,126.8,108,74,110,127.5,79.7,109.7,123.4,121.5,98.3,119.4,123.3,134.6,121.1,122.2,121.9,97.7,81.3,72.9,76.3,66.4,79.7,87.5,81.3,57.8,105.1,106.5,102,71.1,70.1,49.8,4,0,2,9,37.6,5,36.9,18,14,23,35,20,5,1,28,11,76
1961-12-01,14,60.9,64.8,59,222,120.7,106.9,103,91,80,116.2,80,163,64,173,80.4,103.9,94,264,105,54,150,55,232,50,44,121,61,77.7,122.4,129,122.2,133,119,154,20,116,114.5,90.9,40,73,86,55,55,69.7,97.5,86.5,113.9,35,59,45,75,21,113.8,66.6,101,172,104,142,78,92,67,93,28,54.1,116,72,56,163.5,164.1,84.3,116.6,0,61.5,50.3,91.9,80.7,94.7,76.7,58,86.9,69.4,102.8,93.3,96.8,87.9,83.8,89.2,88.9,85.4,88,102.9,81.1,85.4,49.3,53.1,32,53.8,38.7,51.5,49.8,55.5,48.9,40.5,40,36.6,47.1,96.6,111.7,113.2,88.5,102.9,103.1,109.8,88.9,79.2,86.7,95.5,93.9,106.8,92.2,87.8,82,91.5,67.6,73.1,67.1,62.5,69,58.5,65.1,42,53.8,92.8,76.9,62.4,61.3,70.4,65.2,76.3,182,75.8,71.1,62.2,46,81.6,49.3,99.9,70.5,86.1,103.8,48.7,75.2,72.6,82.9,92.5,58.1,26.2,10.1,63.7,61.7,70.2,144.8,115,237,49,57,111.9,62,49,39,33,83.1,115.9,109,16,101.9,228,49,111.7,106.3,58,110.3,133.2,198.4,185.1,129.4,140,105.3,116.4,116.9,103,102.4,130.9,125,114.1,127.8,20,62.8,71.4,42,48.1,94.3,65,8,65,94.8,92.2,68,109.4,80,102,107,151,92.5,148,62,74.3,94,107,136,140,85,83,105,104.8,46,116,91,28,127.8,25,111,113.7,116.5,14,115,63.9,46,124,35,108,112.8,95.9,112.2,79,126,105,186,118,187,94.1,118.8,128,108.5,127,188,138.5,111.9,158,85,92.7,93.8,101.4,128,112,87.4,103.5,107.1,122,176,139,109.8,114,124.8,93.5,37,62,54,32,25,77,9,41,59.6,113.8,98,98.5,125.9,106.4,102.9,140,106,98.4,110.1,129.1,93.2,105.9,92.5,101.4,64.9,90.8,83.2,77.8,84.8,88.2,115.3,105,95.3,119.2,94.2,100,97.2,107,82.8,94.5,99.4,87.6,73.7,109,72.2,118.1,116.8,124.8,122.6,77.5,86.4,101.3,90,124,118.8,107.5,77.2,151,150,150.4,142.4,154,164,129.7,125.7,129.6,111.9,93.8,106.8,131.4,117.7,73.2,98.3,108.8,96.8,33.6,32.6,44.3,58,34,37,0,42.9,45,36,29,23,31,52,23,58,27,34,18,22
1962-01-01,57.9,82.6,70.1,63,101,94.7,97.4,117,88,126,74.3,110,93,149,101,97.5,102,104,97,150,182,165,82,172,83,59,157,148,99.8,97.5,200,98.8,101.7,154,58,55,90,117.2,76.5,59,37,120,100,55,58.8,102.2,73.9,87.1,79,126,27,36,36,98.4,84.4,105,26,94,115,114,11,75,136,42,70.4,74.1,126,105,95.4,96.7,97.8,51.2,0,65,68.6,116.7,94,101.8,96.7,123,103.2,90.4,116,122.7,107.9,103.7,99.1,95.4,96,109,96.2,130,104.4,95.5,72,77.4,35,88.6,53.2,62.4,75.3,71.2,55.9,46.9,58.5,66.5,59.8,125.4,137.1,124.9,103.5,133.8,119,128.7,122.8,111.8,120.1,117,125,137,139.1,106.5,109.3,114.1,88.6,105.6,74.5,82,88.2,101.9,80.3,49.5,71.8,114,90.8,93.6,89.2,83,70.9,92,174,92.7,120,79.1,68.9,120.3,62.9,137.1,88.8,114.6,123.5,59.9,105.4,90.7,104.1,92.2,94.3,27,14.3,78.6,73.9,98.6,185.8,160,156,71,122,115.5,152,71,88,59,80.6,125.8,224,84,102.4,122,71,104,95,176,62.8,93.7,85.6,61,129.7,205,110.5,126.7,117,146,99.3,135.5,70,122.7,114.6,26,76.4,89.8,71,52.8,76.8,77,33,100,86.4,90,74,108.9,58,140,122,123,90.4,96,35,77.8,99.5,110,102,85,136,110,47,104.5,122,50,100,57,131.5,86,123,112.5,128.1,80,201,85,74,153,103,128,102.3,99.6,109.8,130,69,132,119,93,107,96.9,116.8,61,109.2,103,75,128.4,106.8,89,65,85.1,92.6,104.5,138,109.9,76.8,96.9,105.1,123,182,205,127.2,55,120.2,116.2,101,61,117,55,133,19,80,60,88,118.2,98.2,98.5,112.5,109.6,109.7,117,106,105.7,107.1,130.7,91.5,101.5,99.5,96.5,56.6,82.5,88.2,81.3,85.4,91.6,108,109,90.4,110.1,110.8,103,96.8,112.4,78.4,121.8,111.2,91.8,60,133.1,83.1,110.9,112.8,123.8,126.8,75.7,90.5,111,106.6,116.5,128.1,95.5,85.4,149.6,166.2,149.3,151.7,160.2,167.5,127.3,122.2,125.4,117.6,95.2,112.9,129.4,112.3,84.2,87.9,112.3,92,29,29,68.4,63,71,67,38,83,106,58.4,51,61,20,54,21,40,24,23,58,58
1962-02-01,25.3,10.9,24.5,20.9,51,27.1,46.3,28,79,42,41,0,73,4,20,30.3,40.1,42,56,8,8,10,18,54,16,56,18,45,23.4,60.8,15,51.2,54.9,25,31,0,45,39.1,83.3,10,27,15,0,10,43,41.5,36.6,41.6,152,34,14,25,30,47.6,30.1,4,30,105,122,83,81,23,5,6,13.9,32.4,21,20,85.9,122,50.3,66.4,0,33.2,23.6,34.5,23.9,37.9,31.1,15,37.2,33.9,7.6,39.8,43.5,27.4,30.6,24.4,35.7,35.8,28.3,38.8,32.8,31.6,30.7,31.5,21.8,23.4,18.8,26.2,22.9,32.5,23.2,21.8,14.1,14.9,16.9,37,40.9,43.3,34.7,42.2,55.6,46.6,38.9,38.2,33.6,34.5,36.4,47.8,26.9,58.5,22.5,46,34.9,34,26.5,30.5,26.9,38.9,43.6,17.4,32.5,37.9,33.9,26.4,31.4,30.9,28.5,31.3,9,27.2,34.6,20.4,21.5,28,23.7,35,32.1,47.4,48.3,24.9,26.6,29.1,30,31.1,29.9,14.6,6,23.3,24.9,40.3,109.9,44,81,73,74,68.7,81,73,12,75,64.5,76.8,101,96,65.8,99,73,58.6,65.2,106,74,65.5,20.8,20.2,69.7,116,75.7,94.1,58.6,76,69.6,72.6,10,69.2,64.3,15,64.6,59,84.5,30.6,54.1,42,71,71,56.5,42.7,34,60.2,35,36,87,36,46.1,57,47,44.3,50.9,10,43,10,26,73,78,55.2,62,24,85,42,82.3,42,35,42.7,62,30,52,51.9,125,35,17,18,50.9,45.2,61.9,34,35,52,52,56,69,50.4,55.2,111,76.8,97,161,80.6,50.3,148,105,51.1,53.9,59.4,65.2,58.3,54.1,49.3,54.6,62.1,87,116,68.4,193,60.7,74.3,86,98,63,86,96,56,43,28,47.6,63.8,38.8,50,64.5,71.6,60.1,150,59.3,57.6,43.2,61.3,50.5,51.9,58.2,56.1,33,41.5,42.7,33.4,51.8,55.8,62.8,57.4,58.9,76.5,71.6,64.2,60,64.9,39.9,47.3,25.9,43.9,35,51.9,57.6,64.3,61.9,66.6,76.2,50.9,64.5,72.2,47.7,54.3,73.7,51.4,61,84.7,101.3,92.5,77.3,95.3,93.6,69.8,55.1,61.7,54.1,49.5,62.8,55.6,63,48.4,79.9,68.7,56.8,58.3,19,32.1,22,27,19,46,46,34,36.4,35,64,76,101,57,29,38,86,22,1
1962-03-01,6.8,40.8,59.3,51.5,50,32.7,130.3,67,27,72,90.7,178,33,26,40,66.2,85.8,84,76,51,147,105,13,64,83,20,17,31,53.8,80,52,71.9,120.4,141,103,53,40,73.7,94.7,46,47,118,155,134,57.7,92.3,81.8,67.7,31,30,38,63,39,79.9,62.4,98,52,54,43,30,68,135,35,57,46.2,86.5,131,20,116.3,122,75.8,116.3,0,16.2,36.3,84.8,68.2,101.7,90.6,29,76.1,63.5,18.9,77.4,90.7,77.1,82.1,77.1,101.9,85,79.6,102.6,81.8,70.7,39.8,48.6,18,44.9,37.8,30.9,39.7,47.9,41.8,34,33.2,31.9,39.9,78.5,99.2,117.6,84.2,104.2,85.5,110.3,98.3,85,80,83.1,72.9,98.4,96.4,81.8,80.6,83.3,62.4,67.4,69.3,57,57.3,52.7,64.3,37.4,52.1,90.3,61.6,59.4,50.5,65.7,66.6,75.1,39,61.6,59.2,45.5,36.4,63.8,44.4,82.6,60.3,74.5,84.5,43.9,65.5,64.8,76.7,89.6,61.2,26.3,9.4,50.1,42.2,55.5,139,335,227,48,134,111.1,96,119,74,146,108.2,112.3,93,150,113.5,124,48,114.7,133.6,30,108.7,131.2,146.2,152.9,135.5,127,115.2,117.9,116,83,114.1,142.9,72,118.9,147,29,71.6,67.8,87.5,57.3,110.5,65,50,89,112.3,89,109,122.2,64,138,79,184,119.9,170,113,82.5,129.3,140,181,150,109,139,214,99.2,127,14,296,201,172,181,52,133.2,158.3,121,98,76.3,107,78,170,162,135,105.1,150.2,54,100,79,119,130,123,108.5,119.7,0,153.1,162,38,134.1,123,83,127,104.6,123.3,103.1,97,129.3,93.4,117.2,117.9,122.3,127,101,134,62,124.2,107.1,125,78,69,45,43,50,29,15,57.8,131.2,106.3,104.2,146.4,112.5,144.8,159,153.1,111.7,137.4,141.7,134.6,141.1,145.7,117.1,76.1,113.6,100.4,97.4,100.7,134.2,129.9,132.3,127,141,117.1,116.3,111.7,145.7,113.7,107.2,126.9,121,89.7,157,82.4,129.4,116.5,118.9,118.3,86.2,70.4,123.7,102.2,135.2,134,124,103.2,146.7,165.7,187.7,142.3,149.1,142.2,152.3,135.2,126.6,138.8,117.1,133.6,139.8,126.3,94.8,116.1,127.2,96.6,6.7,39.2,45.6,31,25,54,75,38,25,36.4,9,17,79,76,38,82,9,82,74,90
1962-04-01,7.7,0,8.4,6.4,25,9.2,10.9,10,23,36,24.2,5,50,20,23,23,32.1,14,26,35,55,24,24,3,52,21,10,70,19.1,27.6,20,32.9,31.2,52,10,15,12,30.4,24.6,0,18,43,35,26,13.7,17.7,13,22,36,16,1,5,34,25.2,18.9,24,6,22,28,78,24,9,38,22,19.2,13.4,11,37,45.3,44.4,37.4,10.5,0,15.8,15.3,39.7,17.9,29.2,22.7,27,23.7,25.1,26.5,19.7,25.4,23.1,27.9,26.7,35.5,30.9,28.1,38.3,35.6,26.5,12.5,22.4,30,12.5,12.9,11.7,11.9,23.5,18.3,12.6,8.7,8.4,9.7,30.7,28.2,41.3,21.2,45.7,45,37.4,30.5,30.5,32.2,29.2,37.3,32.8,27.7,48,20.8,21.4,27.7,17.6,19.2,24.6,19,30.9,26.8,11.8,19.4,20.6,24.6,12.7,25.7,25.5,20.9,24.8,29,14.2,31.1,12.4,13.3,27.8,13.7,31,21.4,43.2,50.7,10.9,30.1,16.8,31.6,27.4,17.6,11.1,7.2,14.3,12.7,18.2,15,56,0,21,10,21.3,48,21,3,0,24.7,30.8,71,15,22.5,0,21,15.7,19.6,39,13.7,22,17.1,10.5,26.3,21,26.9,18,12.9,25,21.6,23.2,72,24.9,35.7,40,35.2,31.8,33,13.7,16.1,34,0,9,12.7,10.1,16,16.4,8,12,0,11,17.6,11,8,10.5,12.2,4,35,7,2,16,14,24.2,0,0,14,1,32,49,32,16.7,26.8,5,18,9.3,28,24,27,9,20,19.4,22.6,32,13,20,13,23,16,7.6,16.8,11,25.1,27,27,20.7,19.6,0,22,14.8,24.4,19.8,50,29.2,12,13.7,15.1,17.2,53,21,26.9,17,35.4,27.7,9,16,34,35,21,53,31,23,40,24.9,10,21.3,45.1,18.4,23.4,0,34.2,21.4,16.9,33.5,13.1,15.9,20.7,22.4,27.1,28.7,22.3,19.8,19.3,22.6,28.4,18.6,27.2,25.7,24.6,19.4,22.4,20.8,24.4,16.5,21.4,25,20.7,18.6,31.4,18.5,20.9,25.1,23.2,24.4,26.6,25.9,25.6,25,31.1,35,23.3,30.5,29.9,30.6,21.5,31,28.1,22.7,19.1,17.7,17.1,15.1,19.5,23.3,17.4,11.3,27.4,20.9,19.2,31.6,32,48.5,8,26,12,73,16,15,43.4,99,103,21,12,113,93,22,35,57,50
1962-05-01,2.7,0.5,2.1,2.8,0,12.9,9.4,4,0,9,11.5,0,0,0,3,6,5.2,9,5,8,0,0,28,0,0,8,12,5,7.1,6.7,0,7,16.4,9,8,0,0,4.7,18,0,0,0,0,5,5.1,2.3,3.6,12.6,10,10,1,0,11,10,6.1,0,5,0,0,4,12,4,0,0,3.4,6.5,10,0,24.5,20.8,21.6,2.8,0,3.2,10.1,15.5,17.9,20.5,17.3,20,10.1,13.7,17,17.1,11.4,8.8,14.9,17,16.2,10.8,14.1,12.7,10.6,9,9.2,14.1,14,6.8,9.8,9.2,10,17.3,8.7,10.1,4.4,6.1,9.5,15.9,18.9,14.9,11.1,23.7,27.7,15.9,11.6,15.7,12.2,10.8,21.2,10.8,17,19.9,6.9,24,9,7.2,11.4,10.7,10.4,32.4,17.3,6.5,8.3,8.4,9.8,10.9,20.1,16.1,12.2,9.9,8,5,32.9,5.2,7.5,8.6,9.8,12.7,10.8,13.9,26.7,9.7,11.7,9.1,9.6,10.4,11.7,16.6,12.1,10.4,5.8,15.8,21,0,14,15,36,12,21,15,22,0,11.5,19,20,31,9,33,15,8.7,7.4,22,11.7,9.2,7.2,8.1,17.2,13,15.5,13.8,7.1,0,13.3,17.4,93,12.1,16.9,12,16.1,18.2,34,6.8,8.1,5,5,0,2.5,2.4,5,4.2,11,8,1,15,7.9,10,7,1.5,4.5,2,18,7,6,2,0,11.4,0,0,11,5,13.3,2,0,7.1,14.4,8,0,8.6,8,0,9,6,4.3,8.8,9.9,135,0,6,0,0,11,5.2,5.4,0,12.5,2,0,10.1,6.8,10,5,4.6,13.6,11.3,13.2,11.8,6.8,9.2,11.9,10.7,20,13,15.3,13,21.8,16.3,0,19,22,17,20,27,29,13,25.3,20.4,8.8,16.9,28.6,15,21.5,5,16.6,13.6,14.6,23.5,4,7.3,10.9,11.8,12.5,16.7,12.3,16.5,15.3,17,18.6,11.4,16.5,19,16.8,15.2,17.9,16.3,15.9,8.8,17.3,14,11.6,9.1,22,13.1,14.6,14.2,13.3,19.1,15.8,15.6,15.5,17.7,25.5,24.5,18.7,18.3,20.1,16.1,12.7,20.6,22.9,11.8,10.4,10,11.2,8.6,8,15.1,10.3,8,11,8.5,6,15.5,12.4,18.4,10,23,9,10,12,8,18.5,24,31,27,32,29,21,12,21,16,23
1962-06-01,3,2.7,0.6,2.8,0,0,14.4,0,0,0,14.7,0,0,0,0,1.9,2.8,0,0,0,0,0,0,0,0,0,0,0,10.6,9.8,0,8,8,0,0,0,0,4.5,9.9,0,0,0,0,0,2.6,3.6,0,5.9,0,0,0,0,0,13.1,9.9,0,0,0,0,0,0,0,0,0,6,1.1,0,0,0,1.2,21.9,0,0,2.6,12.1,20,19.2,22.9,15.3,20.9,8.1,14.1,8.4,18.6,29.9,11.4,11.3,15.3,16,10.6,15.3,17.8,15.3,4.7,8.2,21.1,12,7.5,12.3,9.4,8.9,24.7,9.4,14.6,5.2,8.5,14.9,21.9,19,17.8,16,26.3,17.7,13.3,10.7,15.8,9.8,11.5,24.6,11.5,18.9,16.2,7.2,27.6,9.1,8.2,8.7,15.4,16.8,40.1,16,8.7,6.9,15.3,9.2,10.4,25.7,13,11.1,18.4,9.4,6.1,32.5,6.5,10.3,7.9,13.2,10.1,13.6,15.1,26.3,12.1,9.1,20.3,8.1,16.9,12.6,20.7,15.2,9.5,8.8,16.2,3.4,0,3,0,0,3.8,0,0,0,0,5,7.6,0,2,1.7,0,0,3.9,3.5,36,8.1,0,0,0,12.3,1,6.9,3.5,6.2,0,11.6,12.1,0,4.8,11.2,5.2,4.4,7.6,6,5.9,2.4,0,0,0,0.3,5.1,0,2,0,0,0,0,2.4,0,0,1.8,4.7,0,0,0,0,0,0,14.3,0,0,0,0,3.9,4,0,3.3,8.8,0,0,4.7,0,0,0,0,3.8,2.3,7.2,0,0,0,0,0,0,3.5,4.6,34,7.9,0,0,6.1,3,0,0,1.4,2.6,3.6,2.6,1.5,5.7,4.1,4.1,7.8,1,0,12.5,0,4.7,7.1,0,0,2,4,0,2,3,0,11.9,14.2,6.6,9.6,15.4,14.3,16.4,0,10.2,13.8,13.6,13.3,3.3,3.7,8.8,9.8,6.7,9.4,10.2,12.8,11.1,17.1,14.8,7.7,14.4,12.1,10.2,13.9,13,16.6,15.8,8.9,16.8,6.5,8.8,9,18.4,10.8,9.8,16.1,9.6,13.7,9.2,11,14.1,14,15.5,16.6,15.5,17.5,21.1,10.4,12.2,12.9,21.1,6.3,13.2,17.9,9.3,5.5,10.2,13.7,10.1,6.2,6.4,3.9,5.1,9.2,1.4,11,0,2,0,0,0,0,5.3,3,3,11,65,11,9,0,5,3,0
1962-07-01,11,17.8,10.1,6.8,39,10.1,36,5,0,0,21.4,0,28,7,0,6.2,17.9,0,34,4,14,22,0,40,0,0,10,0,7.6,28.5,0,40.6,38.9,18,5,0,10,22.7,15.4,20,33,14,10,21,20.7,6.8,12,21.4,0,24,25,21,0,23.3,10.1,17,25,0,32,1,2,5,20,20,2.7,12.6,8,0,48,24.7,40.2,26.8,0,18.5,14.5,17,18.2,20.1,14.3,16,14.9,43,14.8,13.5,13.8,11.4,14.8,15.6,14.8,13.8,17.6,19.9,12.7,12.9,13.9,24.5,13.2,8.4,12.1,11,10.3,18.2,12.2,13.4,7.5,7,10.6,17.5,15.4,20,17.2,26.2,31.7,14.3,11.8,13.6,14,13.1,27.1,12.3,16.9,24.3,10.4,29,17.8,12,13.8,8.2,16.1,34,31.1,10.8,10.8,13.7,11.6,8.2,22.3,19.2,11.2,10.7,8,8.5,30,8.9,10.6,11.1,11,15.5,14,19.4,26.8,10.6,12.4,15.1,12.4,18,13,12.9,6.6,12,10,20.4,20.5,20,30,28,50,30.6,25,28,46,0,23.4,39.8,30,36,37.2,52,28,25.1,36.6,1,21.3,61.1,33.4,37.9,40,48,36.8,33.1,23.5,10,37.3,45.9,0,33.1,57,50,29.7,29.5,43,4.1,27.8,38,9,44,19.9,15.1,41,25,34,32,19,53,26.9,33,39,11.1,10.5,53,8,33,14,13,28,18.7,12,0,26,34,29.2,21,8,16.3,37.5,35,38,14.5,34,17,43,15,35.4,27.2,29.2,0,27,0,28,0,31,24.5,23.6,11,43,9,23,32,21.3,79,21,25.4,41.2,23.1,31.7,40.1,26.9,28.1,24.6,29.9,42,48,38.6,30,42.5,29.1,15,20,18,32,41,42,37,23,33.8,40.3,19.9,27.6,66.5,36.6,49.6,45,45.6,37,25.4,57,36,35.1,41.1,34,22.5,34.1,16.1,28.4,20.6,31.8,36.9,33.4,37.2,41,41.5,34.9,37.9,44.4,29.6,25,24,24.8,27.3,24.7,32.4,26.7,34.9,36.3,40.9,27.1,30.9,35.5,24.3,40.5,43.9,45.2,29.8,33.5,37.4,41.6,26.7,40.1,36.7,31.5,27.4,27.6,26.7,25.9,28.4,25.8,23.5,19.5,46.9,65,22.3,0,1,17.6,4,6,10,0,5,8,20.7,0,0,0,0,0,0,0,0,0,8
1962-08-01,0,2,4.4,3.8,0,0,11.5,8,0,0,11.9,0,0,0,0,2.7,6.4,0,0,0,0,0,0,0,0,0,0,0,4.6,10.8,0,8.3,14.8,0,0,0,0,6.9,22.1,0,0,0,0,0,8.2,4.6,4.3,11,0,0,0,0,0,9.1,7.5,0,0,4,0,0,0,0,0,0,6.5,2.5,0,0,30.2,25,35.8,28.2,0,0,9.3,15.8,14.2,21.9,10.3,17.2,10.3,14.1,14.7,19.9,11.4,7.7,12.7,20.4,13,12.5,16.2,17.6,13,5.6,9.3,18.8,13.7,5.9,10.1,7.2,8.6,19.3,8,11.3,4.7,7.2,7.9,12.2,20.5,19.3,10.7,24.2,20.9,13.4,11.7,15.3,9.9,10.7,24.1,11.6,18.3,19.8,6.5,19.7,15,9,9.1,12.2,16.2,40.3,26.8,7.4,6.5,12.4,11.4,9.8,24.4,25.9,13.5,7.4,11.3,6.2,34.7,5.4,9.2,7.2,14,10.8,16.6,20.7,33.6,9.6,8.1,18.5,7.5,14.6,13.3,15.9,11.1,7.8,7.4,19.4,27.7,0,40,50,6,38.4,40,50,0,14,10.8,46.9,64,30,19.5,64,50,14.9,20,77,20.9,0,6.2,7.1,37.8,41,48.3,37.5,11.6,0,33.1,43.6,3,45.5,33.2,70,58.6,52.6,50,7,8.5,0,0,10,7.1,3.9,0,1,0,2,0,0,8.7,0,0,6.4,4.8,2,0,0,6,5,0,14.1,4,8,0,0,25.5,3,0,7.1,16.1,0,5,13.4,2,0,0,2,13,15.6,17.7,0,12,10.8,10,0,12,5.8,16.5,0,17.1,11,0,22.7,15.4,0,28,14.8,25,22.6,18.2,22,19.1,18.4,14.9,25.1,30,40,47.5,73,52,51.9,50,18,84,80,42,40,80,56,58,37.2,12.2,35.9,54.2,45.1,29.6,2,20.2,24.5,19.4,48.9,10,10.4,18.3,16.5,24.4,31.7,15.6,20.8,27.4,18.3,18,21.7,29.1,33.9,20.7,20.7,25.4,22.3,28.8,13.9,20.9,19.6,23.8,15,44.1,25,23.1,38.4,30.6,37.2,62.6,35.7,23.4,31.6,36.9,41.2,32.7,24.5,32.5,38.1,18.8,30.3,36.7,25.2,16.7,16,13.6,10.6,20.1,18.8,12.2,9,35.3,0,23,21.2,29.9,52.8,39,30,20,28,25,33,53.9,48,32,35,33,32,25,72,25,38,30
1962-09-01,0,0,0.5,3.9,13,3,9.8,1,0,9,10.9,0,10,0,0,2,8.9,0,0,0,0,0,0,0,0,0,0,0,6.4,9.2,0,11.3,8.2,4,0,0,5,6.9,23.4,0,30,0,0,0,3.2,4.3,2.7,11.9,0,0,1,0,0,10.4,11.9,0,0,0,2,0,0,0,0,0,5.6,5.2,5,0,4.2,0,16.5,0,0,0,11,12.9,18,21.4,16,13.5,13.1,15.1,9.8,16.9,20.8,13.7,14.3,13.2,15.8,12.5,12.6,18,11,8.3,6.1,14.7,11.9,6.4,10.4,9.5,8,18,9.4,9.6,5.2,7.9,10.6,18.2,19.1,17.6,9.6,27.9,21.6,11.6,8.6,13.9,10.3,11,22.1,8.4,18.4,18.4,5.5,27,9.1,5.4,9.1,12,16.8,33.3,14.3,6.2,7.6,10.3,12.5,8.3,21.4,14.4,10.6,10.9,9,5.6,31.3,3.4,12.5,9.1,11.5,11.2,11.5,16.6,24.6,9.6,5,14.7,9.1,12.9,10.3,18.6,13.9,9.6,6.9,12.2,5.3,0,0,0,5,3.8,0,0,5,0,13.8,11.2,51,3,5.6,86,0,5.3,7.8,8,7,8.7,0,0,12.2,0,13.7,9.7,6.8,0,6.6,12.5,5,4.6,14.7,6.7,4.6,11.3,2.5,4.5,3.7,0,0,0,3.2,2.6,4,0,0,0,0,0,3.9,0,0,3.6,5.2,20,0,0,7,0,0,17.4,0,0,0,13,6.9,0,0,5.6,8.8,2,0,4.8,0,0,0,0,2.7,6.6,9.2,3,0,1.4,0,0,0,3.8,2.1,43,10,0,55,3.3,3.4,0,0,3.1,7.7,4.7,5.7,2.8,3.4,6.6,5.3,7.3,0,0,7.3,0,9,6.3,0,0,0,0,0,0,2,8,12.5,18.2,9.9,13,23.4,12.4,15,0,15.6,12,12.1,18,4.6,11.4,13.2,10.8,6.2,9.8,11,15,10.7,14.4,14.1,7.8,13.6,12.8,13.8,11.5,13.5,15.5,12.2,8.1,15.2,8,8.5,10.2,20.9,11.9,8.8,17.4,9.2,16.4,10.8,11.6,13.8,16.1,15.7,17.3,15.1,16,23.2,10,10.2,15.7,17,10.2,12.4,11.4,7.6,6.9,6.8,13.1,7.2,7.2,4.5,5,5.1,23.8,34.5,9.3,8,2,5,6,13,7,12,15,12,12,19,12,14,72,24,28,34
1962-10-01,1.9,4,19.1,14.9,59,6.3,36.6,73,54,67,45.5,74,91,30,36,35.4,68.1,49,60,10,35,62,21,60,118,19,12,106,36.8,73.4,35,55.1,68.2,80,52,0,64,56,49.3,27,59,62,110,62,41.4,35.3,36.7,44.4,15,55,38,39,3,51.5,29.2,49,15,39,81,40,5,70,77,82,29.9,42.8,47,10,49.1,48.6,50.9,29.1,0,7.5,18.4,52,33.6,60.8,53.5,13,42.1,36.8,1.6,50.1,43.4,44.8,46.1,28.4,52.2,41.6,43.1,56.1,55.5,35.6,27.5,29.5,4,22.6,21.9,18.9,18.5,30.9,21.7,16.2,11.9,14.1,19.5,62.9,65.2,67.7,39.6,68.3,57.5,71.6,53.1,62.2,54,56.3,58.5,60.6,60.3,59,36.7,52.1,54.6,30.8,33.4,37,26.9,42.4,38.4,14.6,25.4,41.5,37.9,33.1,30.8,29.9,30.2,39.5,14,29,29.3,20.8,20.9,36.7,23.1,39.8,35.5,58.8,77.6,20.8,42.8,39.5,47.1,40.8,34,11.3,6.1,20.2,18.2,37.5,59,6,112,27,18,44.8,61,27,38,29,24.1,50.6,51,64,45.8,0,27,36.2,47.1,42,19.4,65.2,46.5,48.2,44.9,64,49.8,40.1,27.9,0,52.5,56.6,45,44.2,59.3,49,51.2,41.2,63,17.8,37,61,27,32,37.8,27.9,57,30,37,68,58,83,36.2,63,42,25,24,35,33,44,12,16,60,40.1,8,0,23,52,49.2,19,7,25.3,50.8,32,9,25.6,23,6,34,25,38.2,36.5,37.4,68,0,26.9,28,0,34,32.4,41.6,26,48.2,31,215,48.8,32.7,130,16,30,39.4,30.1,42.8,45.1,33.3,33.1,36,38.5,75,63,51.6,137,53.5,48.2,60,81,67,67,77,56,36,15,42.1,38.4,38.6,32.2,61.1,50.8,41.1,67,45.2,35,34.3,56.1,34.9,42.4,46.7,36.8,30.8,38.1,34.2,29.5,32.6,30.5,41.4,39.9,42.2,55.1,38.5,37,45,44.1,38.3,32.8,24.4,33.1,28.8,31.8,39.9,41.3,47.1,45.5,57,45.1,50.8,44.3,32.4,40,47,40.6,39,54.5,65.2,58.3,59.2,61,62.1,53.4,36.6,39.3,35.2,32.8,43.6,45.5,34.9,26.7,48.4,65,34.1,27.5,27.7,27.5,14,26,27,18,28,28,29.2,0,10,20,35,21,13,23,14,15,19
1962-11-01,55.8,54.4,44,35.3,118,34.9,63.1,17,107,48,76,64,70,68,16,60.8,94.5,51,149,72,112,39,29,126,45,35,49,64,60,90.3,26,95.9,94.5,102,87,82,93,91.9,82.1,185,145,108,65,86,59,73,77.8,91.4,38,30,16,29,47,99.9,56.7,108,84,48,187,75,21,46,88,48,37.8,90.5,48,8,77.2,131.1,65.5,71.3,0,37,27.2,73.1,58.2,79.8,71.8,144,75.2,55.2,125.6,67.5,65.4,71.1,66.7,72.2,71.3,69.5,63.3,84.5,88.6,62,42.5,40.1,30,36.1,31.2,36.6,33.8,43.3,43.4,30.1,25.9,29.7,33.2,87,94.3,98.8,65.5,87.3,89.7,78.6,87.3,71,80.6,77.9,81.9,80.8,84.9,79.6,61,81.8,63.2,61,53.6,50.5,47.2,59.4,53.7,32.6,40.6,69.5,65.7,49.1,52.6,51.2,53.2,65,94,53.5,53.4,36.3,36.8,63.9,37.4,80.1,60.8,80,91.1,41.1,61.6,55.9,73,73.3,49.8,15.8,7.2,42.3,39.3,66.5,21,77,140,184,116,82.8,3,184,33,34,59.6,83,64,115,72.7,121,184,75.2,71.2,110,27.6,102,77.6,123,84.8,123,93,85.3,54.8,87,73.7,96.4,121,79.4,76.5,114,137.2,128.7,78,48.3,80.3,97,38,127,72.8,75,86,128,93,91,79,112,71.8,60,27,60,76.8,65,191,74,48,82,98,96.5,95,10,65,51,95.9,53,87,53.3,91.2,22,86,51.6,62,73,44,93,80.2,60.1,74.4,60,48,69.2,83,102,103,65.9,66,96,68.5,66,75,99.9,58.4,187,25,49.6,56.2,63.7,80.8,69.1,57.3,61.4,73.6,85.4,55,123,86.8,138,86.4,85.3,88,119,111,111,134,132,306,150,109.1,78.4,66.1,68.9,82.7,77.4,70.3,35,70,76.5,77.9,92.7,62.5,58,71.3,71.3,55.7,57.1,68.7,51.7,70.6,82.7,78.1,79.5,71.1,87.1,75.1,76.5,88.7,71.5,65.5,76.9,42.2,64.3,51.5,97.3,68.8,73.1,64.7,81.2,78.9,63.4,79.2,85.9,64,72.8,80.5,72.5,78.3,108.4,116.3,104.3,114.5,111,107.8,104.4,84.7,79.5,84,76.2,80.6,89,82.5,62.1,78,60,69.1,53.8,93.1,122.8,92,19,77,130,196,128,107.7,109,120,191,96,155,167,132,35,74,67
1962-12-01,94,68.8,30.9,49.8,19,113.4,75.3,44,88,194,56.3,79,25,81,37,92,63,141,10,33,136,52,142,25,98,108,94,167,84.5,60.4,12,65.6,61.6,22,110,69,40,59.3,79.3,2,21,44,25,38,47.1,98.3,57.4,43.1,79,22,5,18,64,67,60.9,28,54,62,22,118,0,51,30,25,56.1,49.3,89,113,135.2,183.7,76.3,136.8,0,36.2,53.4,85.2,64.4,79.1,67.8,57,70.4,66.5,59.7,57.9,81.3,68.8,91.5,65,78.6,79.9,58.8,91.9,77.9,80.5,60.3,42.9,38,59.1,36.8,42.7,49.8,63.9,45.8,35.6,37.4,42.1,43.1,90.2,75.1,95.5,85.1,87.6,86.6,83.2,76.9,81.5,84.2,76.9,96,93.6,82.5,82.7,63,83.5,54.7,65,64.8,59.9,57.8,67.6,62.6,41.1,48.6,81.5,63.6,53.6,53.5,67.9,55.7,64.7,26,53.7,70.7,57.9,44.9,65,52.6,82.9,65,86.5,89.7,45.8,79.6,62.1,86.5,101.2,76,26.3,11,55.6,48,51.6,161,143,147,114,99,119,106,114,50,102,81.4,123.9,125,41,99.3,153,114,115.4,92,50,91.2,54.6,81.5,107.7,125.8,243,115.6,128.7,101.8,83,107.5,159.9,94,132.3,87.2,102,96.8,99.6,156,57.2,66.3,38,70,51,68.5,69,22,84,51,58,39,48,65,35,60,81,93.5,104,50,100,99,80,158,96.9,117,64,71,55,116.7,118.8,83,94.4,105.9,60,139,83.3,148,127,50,102,93.8,81.4,94.2,90,61,104.9,75,128,78,82.4,104.7,256,79.6,113,133,141.4,100.9,51,75,81.5,81.7,98.3,102.3,99.3,83,91.1,108.3,133.6,281,143,120,180,113.8,121.2,115.8,150,124.5,100,60,60,60,60,92.2,120.9,52.9,107.3,94.7,124.7,81.8,50,59.6,89.7,75.9,124.6,70.9,66.9,79.3,66,53.9,64.5,63.1,72.4,69.7,81.9,98.5,94.4,82.9,108.2,95.6,89.6,81.3,90.3,72.5,72,66.6,66.1,47.1,87,77.4,127,109.6,118.2,111.5,64.3,110.1,101.8,80.5,96.9,106.1,93.8,77.7,150.1,153.5,142.1,141.7,135.3,152,132.3,115.1,111.5,113.2,85,104.3,135.1,120.1,74.6,96.9,150,105.2,59.3,46.9,60.8,19,41,41,32,54,84,49.7,42,42,41,59,54,41,108,52,83,87
1963-01-01,31.4,105.3,71.2,151.5,193,103.3,209.2,134,67,145,198.6,243,142,129,188,166,166,153,185,216,205,80,177,283,111,136,107,166,122.3,190.5,88,181.6,216.3,235,117,44,240,198.1,128.4,127,225,213,213,126,125,142,168.3,164.3,87,200,144,83,231,177.8,172.1,161,135,176,142,68,110,133,152,102,160.9,162.2,161,95,102.5,74.9,166.6,86.6,65.5,62.3,140.3,246.2,132.5,195.9,229.8,135,220,162.9,56.1,192.7,161.8,213.7,206.1,183.1,249.2,204.5,196.2,227.2,191.7,179.2,108.7,118.9,72,151.8,94.7,83.9,120.8,120.3,124.1,99.7,104.9,110.5,103.2,220.8,225.5,255.1,205.9,267.9,200.1,279.9,233.5,208.4,269.1,262,183.3,211.5,257.4,213.6,166.2,173.2,166.4,157,179.5,144.7,168.4,144,138.8,100.3,121.6,175.3,172.2,133.3,132.3,143,162,187.9,235,201.6,157.2,135.9,127.9,233.6,148.2,226.1,194.1,244,282.7,135.1,189.4,184.4,200.3,123.1,175.5,60.3,56.3,143.9,123.3,144.6,118,245,194,110,219,163.9,162,111,225,188,144.1,145.3,212,100,233.5,231,110,197.4,167.8,78,183.2,202.5,211.3,200.7,200.3,150,169.4,181,155.2,188,176,163,1,156.8,155.1,137,120.6,110.1,250,78.2,167.9,125,173,213,176.4,133.4,141,214,175,201,210,286,170.3,257,196,127,187.4,203,200,158,194,241,281,87,169,178,255,230,230,248,209,188.6,268.2,174,233,170.6,278,238,182,145,205.1,155.9,210.2,80,189,151.2,211,221,204,175.3,192.6,27,180.9,190,251,187.7,187.7,281,157,182.1,153.1,189,213.2,191.9,165.1,186.9,161.5,189.4,171,150,167.5,60,153.7,135.3,141,52,132,72,115,136,72,81,99.6,180.5,163.5,134.7,159.5,161.9,174.4,207,191.4,187.7,213.8,162.2,193.9,195,187.3,163.9,123.1,170.4,134.6,149.7,131,186.1,157.1,178.2,191.9,189.4,140.1,151.5,196.9,169.3,180.7,177.1,266.9,171,115.3,203.3,120,183,181.4,157.6,165.6,140,103.5,160.2,209.5,147,179.2,151.1,146.3,267.7,318.5,273.4,265.9,306.3,293.7,193.9,185.5,180.7,173.4,146.4,194.4,188.6,176.2,148.7,161.2,199,144.2,41.3,86.1,91,37,169,70,74,126,128,95.5,64,90,64,59,56,44,22,49,54,35
1963-02-01,132.9,95.6,66.9,83,113,155.8,77.3,100,25,134,122.6,193,119,130,227,157.9,149.9,118,91,267,153,49,146,129,190,142,154,206,117.1,148,64,165.5,113,144,143,81,116,169.7,96.5,201,108,81,88,170,96.7,158.9,98.4,126,126,80,40,82,153,134.7,123.4,198,9,248,163,139,13,160,176,130,119.8,130.2,117,154,129.2,109.1,129,60.4,85.5,82.9,113.4,186.2,115.1,197.3,202.3,165,181.2,166.3,264.8,182.7,169.4,163.1,180.1,167.3,209.5,186.5,173,205.1,189.7,164.6,125.1,111.5,150,131.2,88.8,100.8,107.2,122.9,107.9,86.8,85.1,97.6,93.3,193.2,196.8,219.1,173.9,215.1,194.2,284.2,223.5,189.3,215.8,212.3,163.9,211.3,237.5,208.8,129.5,171.3,147.1,163.6,130.8,132.2,130.5,137.8,106.1,73.1,85.5,154.1,150.7,117.3,134.2,129.9,138.9,142.7,184,164.7,146.5,121.8,94.7,164.9,121.6,210.6,179.1,171.9,177.4,138.9,155.6,141,160.5,105.6,155.2,42.6,30.2,124.2,111.6,154.1,137,58,89,106,64,73.4,27,105,84,63,69.6,102.9,219,68,68.5,80,106,77.4,73.6,61,46.4,158.9,134.5,148.2,125.3,167,95,99.6,92.2,92,73.2,91.9,22,73.4,92.9,53,77.9,82.7,214,63.5,119.4,32,88,226,130.3,102.2,134,160,142,49,140,90,94.8,64,42,99,95.2,21,121,81,50,83,156,107.7,82,224,88,106,125.9,86,65,109.2,138.2,60,85,102,118,127,80,64,103.9,74,88.9,74,139,89,64,116,73,80.1,125.7,40,92,88,136,139.8,115.8,205,75,74.6,67.7,108.7,92.1,73.8,71,74.4,77.8,88.1,54,167,98.8,44,87.8,89.7,63,99,24,2,53,61,83,147,73.9,99.2,94.7,57.5,87,86.3,83.4,32,120.3,87.3,103.9,77.4,82.3,72.4,90.5,120,64.4,70.9,81.4,53,85.9,91.1,103.4,93.1,92.3,101.4,82.9,92.5,101.1,86.2,94.2,115.2,160,83.7,66,147.3,60.9,93.8,107,114.4,97.5,87.4,74.9,85.7,118,104.7,103.1,76.6,70.7,149.3,187.6,151.5,128.6,175.7,197.4,121.9,119.8,133.6,119.3,110.1,96.2,119.9,117.6,76.2,76.8,29,81,162,215.6,81.7,89,99,83,81,117,118,81.4,130,126,91,156,84,156,36,130,106,98
1963-03-01,12.6,31.5,96.5,40.4,84,151.3,85.9,50,102,93,95.2,74,68,85,44,98.1,97.2,95,140,34,65,22,73,94,138,101,135,205,93.4,91.7,40,104.8,106.7,93,26,30,74,107.6,69.4,55,35,202,45,136,61.8,92.9,65,92.1,95,48,17,3,51,91,53.4,101,67,203,107,132,25,237,97,33,59.8,77.8,170,107,47.6,43.1,66,130.6,42,31.1,38.1,86.6,75.1,97.5,97.1,50,72.1,75.4,57.5,77,88.8,96.7,103.2,82.1,86.2,98.8,77,112.7,89.3,82.6,57.3,46,15,50.6,38.5,35.9,46.9,48.1,37.6,39.6,31.9,34.3,38.1,93.5,122.2,125.6,82.3,125,90.9,102.8,101.4,96.9,101.1,102.1,90.1,116.8,109.5,83.4,87.3,91.3,77.7,73.7,60.4,55.9,55,56.4,59,43.3,41.5,79.8,65.1,53.9,63.8,79.4,75.7,72.9,45,75.3,74.2,46,40.5,84.8,57.8,99.6,70.3,101.7,107,51.6,75.4,77.8,90,98.1,71.4,26.7,12.8,55.7,45.7,72.7,109.6,82,148,48,40,93.6,93,48,64,32,56.8,100.5,151,56,81.5,123,48,87.4,94.1,143,31.9,82.4,89.3,92.7,95.8,113,86.6,94.8,57,53,81.6,126.5,205,96.7,134.9,88,94.6,100,92,46,66.4,47,53,40,69.2,72.2,64,55,31,51,18,130,70.1,79,27,48,72.4,32,76,44,96,89,86,86.8,90,53,132,80,90.4,97,112,60.5,88,86,100,54.3,60,85,69,66,80.5,92.8,83.5,81,10,23,44,35,67,57.4,75.2,26,99.3,31,79,99.4,70.4,95,36,59.6,88.8,65.4,86.8,93.9,60.2,89.7,85.1,98.1,200,114,103.1,52,109.9,96.1,47,35,75,79,70,62,79,100,107.6,90.5,70.2,82.9,129.5,103,88.6,65,116,81.6,103.7,118.1,72,74.3,78.2,79.3,68.6,61.6,61.8,70.2,73.4,72.9,79.1,79.3,76.3,90.8,93.2,79.9,97.1,123.9,67,79.5,64.7,76.4,50.8,90.6,78.3,81.5,76.2,84.2,82.5,68,72.6,107.5,74.3,115,97.1,112.6,73.8,103.3,99.3,89.5,106.8,104.5,106.4,93.5,85.3,84.8,81,66.1,85.7,82,79.2,57.8,101.2,96,67.7,128.6,244.1,95.8,41,56,51,173,52,54,98.7,79,89,121,112,110,117,166,111,185,220
1963-04-01,6.7,20.6,53,14.3,93,17,40.7,70,12,16,49.6,44,61,29,19,18.4,47,0,191,12,2,52,5,120,19,20,8,0,25.8,66.5,0,56.7,72.7,25,0,0,81,53.1,45.1,88,42,58,60,55,35,14.1,38,47.3,20,38,10,25,0,42.1,22.3,58,47,7,65,0,3,45,85,64,13.3,37.6,18,15,27.9,25,42.4,30.7,4,5.2,13.3,31.2,17.3,32.8,23.4,29,22.5,25.4,20.7,29.9,28.8,20.8,23.9,22.8,32.5,26.9,29,33.9,30,20.2,15.9,22.9,10,12.6,14.4,14.6,11.8,24.9,13.8,13.2,9.4,9.2,14.2,34.1,25.1,30.8,21,46.4,44.6,36,30.2,26.5,31.7,31.5,27,29.4,26.9,44.2,22.4,34.7,30.2,17.7,18.7,26,21.1,39.8,35,14.3,22.1,28.1,25.3,14.8,23.7,22,21.5,24.8,14,20.6,37.9,15.5,15.5,18.1,15.4,27.5,16.7,28,50.6,13.7,26.2,27.8,27.9,24.2,21.4,10.9,5.5,15.8,14.5,19.6,44.6,77,15,20,31,35,25,20,31,30,28.6,40.7,47,56,21.5,67,20,30.2,40.8,10,59.2,44.5,33.1,39.2,35.9,32,30.1,31.7,32,42,41.9,45.3,1,34.5,62.5,10,33.7,31.8,40,14.1,36.4,15,51,50,28.9,23.1,22,26,29,34,53,21,34.9,20,48,51,25.1,20,50,30,41,43,50,24.9,82,14,28,71,48,32,73,28.5,48,46,26,20.4,59,43,16,18,36.7,35.3,36.3,5,20,41,33,32,28,24.9,39,9,53.4,29,27,40.1,31.3,0,50,27.6,40.6,32.7,36.2,40.4,33.4,33.5,23.9,30.9,29,32,38,24,39.4,36.9,53,60,57,41,58,8,20,7,34.2,35.2,33.4,30.7,58.4,45,37.4,28,58,39,31.7,43.7,29.7,33.3,43,34.3,25.4,31.4,27.2,28.1,26.5,30.1,39.8,32.6,42.3,38.7,34.8,36.1,38.2,40.3,29.6,31.7,24.6,28.4,23.6,36.1,36.4,36.8,34.5,36.1,44.6,31.5,31.2,36,31.6,34.9,44.4,40.2,28.3,49.7,56.2,56.3,41,56.4,52.4,44.3,37.9,42.7,34.9,35.3,36.8,47.4,42.8,27.7,39.9,18,35.7,13.9,54,21.8,9,5,0,3,11,0,31.9,25,48,28,22,20,18,20,12,44,118
1963-05-01,4.6,2.7,23.2,4.4,20,4.4,8,20,0,6,16.7,0,2,14,5,4.5,8,2,20,60,37,12,5,15,0,4,11,0,8.2,7.9,0,14.6,14.9,15,0,0,4,10,26.6,0,4,0,0,10,8.2,15.1,5.2,11.4,13,0,0,0,97,10.4,11.8,4,0,3,13,0,0,9,5,0,2.2,7.5,0,0,9.2,13.9,19.7,0,25,23,10.8,22.6,19.7,18.2,22.2,50,15.9,23.1,45.9,18.8,19.2,10.1,16.6,17.1,24.1,13.8,18.6,21.7,20.5,12.1,8.4,20.2,15,13.6,13.9,9.9,12.9,21.7,16.9,14.5,6.6,9.8,11.5,22,19.4,22.9,15.9,31,40,19.6,12.6,17.3,22,15.8,26.6,15.3,17.9,24,10.4,28.9,12.5,13.6,11.9,11.1,13.3,26.9,22.4,6.9,9.5,15,14.9,9.2,22.6,13.6,12.5,13.5,5,8.1,34.6,16.9,13.8,15.5,11.3,16.7,12.7,19.8,31.5,12.7,14.2,17.3,12.6,20.2,12.9,14.3,9.8,17.5,12.8,24.5,18.9,0,25,3,13,10.2,21,3,3,5,18.5,16,31,14,28,19,3,10.6,13.3,88,16.3,8,10.1,7.2,16.2,28,15.9,11.8,9.7,2,11.3,17.5,10,14.1,19.8,1,7.4,8.9,0,7.4,8.8,4,15,0,5.5,6.1,0,7,0,17,1,4,10.2,8,21,2,4.6,95,11,7,16,9,13,18.6,7,0,19,20,14.8,10.1,0,7.9,15.4,15,0,6,4,2,0,11,9.2,8.8,14,5,15,0,11,45,11,5.3,8,6,16.4,20,43,13.7,9.2,45,0,7.5,16.2,13.1,14.5,12.8,6.5,10.2,12.6,13.9,38,27,17.8,6,22.6,18,7,8,14,16,5,0,5,10,13.9,22.7,8,13.9,28.9,11.3,18.7,11,21.3,12.6,12.2,23.2,5.3,10.1,16.1,13.8,10.9,13.6,11.6,15.8,16,15.1,15.9,13.7,20.5,15.4,14.5,18.6,22.1,22.2,15.2,10,17.8,15.2,10.5,12,19.6,11.7,10.1,13.7,13.8,20.3,13.9,14.6,15.1,20,21.1,26.1,19.4,18.9,21.1,26.5,16.9,21,18.3,14.6,16.3,13.7,13.9,9.9,15.2,19.6,11.3,8,17.8,9,10.2,13.2,1.6,6.9,0,2,0,0,7,0,10.5,2,5,0,0,0,3,3,16,5,4
1963-06-01,0,0,1,3.8,0,12.4,11.6,4,0,5,10.2,0,0,5,27,6.3,7,4,0,0,5,0,7,0,14,11,21,13,6.5,12.8,0,10,8.1,10,0,0,0,6.2,12.2,0,0,8,0,0,4.9,2.5,2,6.3,0,0,0,0,0,10.4,3.6,0,0,0,0,0,10,10,0,0,2.1,8.3,3,2,0,3.4,21.5,2.8,0,6,12,16.2,16.8,20.1,11.9,22,10.4,14.1,4.6,19.3,17.6,14.2,14.2,14.7,12.3,10,16.1,15,10.7,7.2,6.1,13.7,11.8,6.7,12.2,8.9,9.3,16.7,10.2,9.6,3.6,5.9,10.9,19.6,18.9,15.8,9.2,25,20.1,14.6,10.7,13.6,10.7,9,19.6,10.9,19,19.1,6,27.8,11.9,7.3,10.8,10.1,14.5,29.3,15,6.4,6.5,9.4,11.6,12.3,21.5,13.7,12,8.9,33,5.1,34.3,6.2,8.2,7.4,9.2,11.9,10.9,18.1,32.4,12.6,7,16.9,9.2,13.4,10.7,18.6,11.3,9.2,6.8,15.7,8.4,0,2,6,18,6,0,6,10,0,10.3,8.8,0,0,8.5,0,6,3.8,6.2,14,6.7,13.6,7.5,7,11.8,2,8.5,5.4,8.3,0,7.9,13.9,27,4.4,9.6,5,6.4,8.6,7,3.8,2.1,11,0,0,2.9,2.5,8,8,0,0,0,0,4.3,6,0,0,6.5,2,5,0,1,3,0,7.4,3,0,0,0,6.2,3.8,0,7.4,8.3,5,0,2.7,2,0,12,3,3.4,4.4,5.4,0,0,0,3,0,4,2.2,3.5,17,5.9,0,5,4,3.1,0,0,0.9,6.7,6.7,3.9,2.7,4.1,8.5,4.6,4.5,0,2,7.5,3,6.8,5.5,7,9,6,3,2,7,5,8,14.6,12.9,6.6,12.3,21.6,10.8,14.7,9,12.6,8.5,14.2,16.8,2.5,4,4.9,9.5,6.9,9.1,9.6,14.2,11.7,13,10.8,5.8,12.3,10.5,10.9,11.5,11,16,12.7,7.2,13.3,10.3,10.7,8.3,17.7,8.9,9.1,13,11.7,12.3,9,10.4,12.4,15.5,18.4,16.6,14.9,15,18.9,7.1,4.8,15,13.9,10,13.3,15.1,10.4,8.7,10.8,14.3,7.2,5.3,9.4,20,9.3,19.5,26.6,7.6,5,2,6,7,7,9,9,6,6,15,10,8,6,19,10,24,29
1963-07-01,26.6,9,26.4,3.5,7,7.3,10,33,0,7,18.4,0,5,2,0,8.2,12.1,4,14,11,5,5,5,0,3,2,9,5,8.3,11.5,20,12.6,16.7,12,0,0,3,6.5,20.4,25,12,5,5,9,8.2,4.8,8.6,13.6,14,0,7,11,3,13.1,7.6,0,18,7,10,10,0,15,8,8,5.4,7.8,7,2,6.2,5.1,19.6,13.2,0,13.3,15.7,17.9,16.7,19.4,16.5,3,13.1,17.4,28.6,17.1,18.1,12.1,16.2,14.4,15.5,13.9,16,14.7,21.3,12.2,10.3,18.4,19,9,13.8,11.4,11,24.1,13.7,12.5,5.6,8.1,11.7,24.6,15.7,19,13.8,31.4,33.1,19.5,12.4,14.8,12.2,16.4,25.9,13.7,16.5,23.4,6.7,28.2,8.9,9.7,23,8.9,13.5,24.6,20.9,6,11.1,12.1,13.9,8.4,21.9,13.6,12.1,13.9,8,8.1,33,8.9,10.8,10.8,7.3,15.8,14.1,15.7,27.6,11.8,9.6,15.6,10.5,17.5,10.1,18.3,10.1,11.9,10.5,15.8,14.7,10,11,0,0,6.5,0,0,11,0,24.2,8.8,0,0,9,24,0,4.8,8.9,76,7.8,23.3,19.7,19.1,10.1,19,15.8,6.5,8.5,13,7.7,14.1,10,3,13.8,6.8,5,5.4,0,9.8,9.7,23,10,20,4.9,6.5,6,10,0,13,4,21,10.7,19,8,11,7,14,13,5,6,4,0,24.1,6,28,15,3,13.9,12.3,16,12.3,15.6,7,23,6.4,15,18,13,20,15,11,9.5,30,10,12,23,10,25,6.3,8.2,0,8.9,11,0,8.8,5.5,34,12,5.6,12.5,7.8,8.7,5.2,5.2,10,9.3,9.7,15,19,14.4,0,7,6.3,0,0,0,0,0,0,0,0,10.7,14.9,8.6,10.6,17.2,12.5,11.5,6,15.7,11.2,15.2,16.8,10.9,8.3,17.3,12.1,8,10.8,10.4,12.4,12.5,16.7,13.1,9.9,12.3,10.1,14.2,11.6,16.2,22.5,11.8,12.4,13.7,12.4,10.8,14.8,17.8,9.9,10.3,13.4,10.8,14.1,9,10.2,13.4,13.9,17.1,18.4,16.4,19.4,18.2,19.4,16.4,18.6,21.4,11.7,15.5,17.1,15.1,14.3,16.2,18.8,13,9.9,9.5,10,6.1,8,6.4,6.6,0,0,0,0,0,0,7,0,0,0,0,0,0,6,0,7,9
1963-08-01,0,0,0,1.7,0,0,8.2,0,0,0,14.7,0,0,0,0,4,7.6,0,0,0,0,5,0,0,0,6,0,0,3.8,7.9,0,6.8,6.2,0,0,0,0,4.8,8.6,0,0,0,0,2,4.7,5.1,3.4,6.8,0,4,0,0,0,8.7,13.2,0,0,0,0,0,0,0,0,0,4.9,1,0,0,2.7,4,22.2,0.4,0,0,11.6,15.2,16.9,21.5,12.4,9,9,18.5,8.7,17.9,22.4,10.9,12.9,16.9,15.9,11.3,13.3,12.5,11.9,4,7.6,15.8,10.8,5.9,11.9,10.1,8.4,20.6,8.6,11.9,5,7.5,11.6,18.8,19.9,17.3,10.7,27.8,15.5,14.8,12.8,13.4,11.4,9.5,24,8.4,20.3,15.9,5.1,29.6,7.6,6.2,11.4,12.1,15.4,41.6,16.8,6.6,5.7,12.3,8.5,12.5,22,12.4,11.4,9.1,1,5.5,34,4.6,9,6.2,12.4,8.8,13.2,15,42.2,10.3,5.9,17.5,6.4,14.2,9.6,21.2,15.7,7.8,7.6,14.2,2.7,0,11,2,0,3,0,2,0,0,5.2,6.2,5,8,0,5,2,2.8,2,0,6.2,11.5,0.1,0,9.7,0,5.9,2,7.7,0,7.6,12.3,20,3.3,12.1,5.9,2.9,6,3,3.8,2.5,5,10,0,1.4,5.4,0,2,0,0,0,19,3.5,11,0,0,3.6,0,0,0,0,0,0,6.7,0,0,0,0,5.2,0.8,0,5.5,8.4,0,0,5,0,0,0,0,0,4.6,2.8,14,0,0,0,0,0,0.9,4.3,9,7.9,0,0,3.2,4.6,0,0,0.5,3,2.5,2,1.4,2.3,1.4,2.7,5.6,1,0,4.4,0,2.6,5.4,1,4,4,0,1,0,3,0,13.5,12.1,6.8,10.5,18.9,13,13.3,0,11.2,11.5,12.4,16.1,2.6,3.9,6.8,9.6,7.4,9.5,10.4,14.5,12.4,14.9,11.6,6,10.2,10.4,11.4,9.8,13.2,14.9,12.8,7.8,16.9,8.8,10.4,11.4,18.2,9,8.2,12,9.1,11.6,8.1,9.7,12.2,13.9,16.4,17.5,12.7,13.6,23,10.5,9.3,13.9,13,8.8,12.6,13.9,8.1,6,6.6,16,8.1,7.6,4.3,0,2.4,6.3,15.7,10.2,0,4,4,6,0,16,11.7,17,10,3,0,8,6,46,0,10,12
1963-09-01,2.2,0,39,6.3,22,6.1,15.8,7,0,5,21.4,33,27,7,0,8,21.7,0,85,13,1,30,1,50,8,0,9,18,13.1,19.8,0,35.1,33.8,59,0,0,31,25.6,22.1,39,58,29,49,41,12.1,7.8,15.1,28,0,10,0,0,5,25.3,13.3,45,1,5,27,9,0,26,26,25,4.7,17.8,5,6,29.9,59.1,38.8,9.7,0,2.2,9.7,19.2,16.8,21.9,17.5,10,11,17.4,21.5,19.1,11.3,9.9,13.5,23.6,15.5,13.8,15.2,18.3,16.4,10.3,10.4,15.8,14.5,6.6,10.6,10,8.6,17.8,11.7,8.1,4.5,5.8,9.8,21.3,19.5,17.4,11.6,28.4,28.6,17.1,16.1,14.9,14.8,11.3,25.4,12.7,18,25.5,11.5,17.8,18.5,11.3,10.5,14.9,17.1,33.7,26.5,8.7,11.7,12.1,15.7,9.5,22.6,25.6,16.2,11.3,12,9.1,31.6,9,9.3,11.1,8.2,14.8,10.2,20.9,34.7,7.6,17.7,17.8,11.4,13.2,9.9,13,7.4,10.5,8.1,17.8,27.9,27,42,33,27,26.3,23,33,30,33,25.3,29.7,27,34,33.5,55,33,20.2,23.7,15,16.2,0,29.9,44.4,30.8,42,27.1,28.9,12,25,21.3,27,36,30.4,37,25,35,33.5,39.5,7.3,14.8,0,0,0,10.8,7.5,0,0,0,2,5,3,14.9,2,0,12,11.2,0,15,5,23,25,15,17.9,26,27,23,1,25.8,24.7,18,15.2,29.2,4,21,11.4,17,34,9,31,25,21.7,24,0,15,24,16,24,26,9.1,22.8,35,18.5,16,17,27.9,22,15,19,17.6,26.7,22.9,29.5,24.8,17.8,21.2,20.6,23.4,64,41,38,26,32.5,25.6,23,52,28,28,25,36,25,42,39.3,32.5,12.6,25.3,41.5,24.4,29.5,41,35.3,27.1,22.7,37.1,20.1,19,24.5,22.6,19.4,31.1,17.1,24.2,17,25.3,23.7,22.4,27,26.4,30.1,21.5,28.3,27.4,28.2,21.8,23.6,21,17,18.5,27,21.1,22.6,31.3,24,23.7,26.5,24.5,22.4,26.4,40.1,35.5,22.2,33.9,36.7,35.6,19,31.5,38.4,29.5,19.9,19.6,16.3,16.5,20.9,26.7,20.5,12.6,28.1,44,26.5,71.7,107,41.6,49,56,29,47,22,38,51.7,68,62,82,105,89,47,71,73,90,94
1963-10-01,1.7,2.5,3.8,12.3,90,8,32.8,31,0,14,44,32,98,8,11,16.1,42.2,13,66,10,0,0,3,75,11,0,10,16,20.5,61.5,28,56.5,59.5,39,0,0,25,47.3,47.5,15,32,38,54,58,28.9,14.1,31.2,46,7,2,0,0,7,37.3,27.6,47,18,18,95,5,5,28,16,38,14.6,30.9,10,4,54,53.8,46.6,25.6,0,0.7,10.8,24.7,19.6,28.3,18,90,24.1,20.9,8.3,20.7,26,23.1,27,24,30,29.5,22.6,32.3,27.4,20.5,11.9,27.4,4,11,14.9,12.2,10.6,18.4,13.2,18.4,9.1,9.5,12.9,27.5,25.2,29.4,17.7,40.5,38.8,25.2,23.1,22.6,27.1,25.8,22,25.2,21.2,43.2,18.6,35.3,26.4,16.4,3,20.7,19.2,39,38.3,12,16.6,24.2,23.1,15,34,31.5,26.8,21.9,7,18.8,36.1,9.9,12.6,17.3,13.5,21.3,18.4,30.8,47.9,12,22.3,19.1,23.3,23,26.4,19.1,7.7,13.6,12.9,22.9,43,32,79,45,45,56,55,46,27,53,27.1,80.9,84,54,36.5,86,45,38.1,39.1,100,12.6,42.1,29,23.8,58.3,47,61.4,52.4,22.5,17,61,72.8,107,63.7,69.7,88,83,79.1,122.5,11.3,26.4,29,40,14,21.5,16.5,36,32,54,31,7,41,32.1,30,37,8,25.5,73,47,47,7,7,39,18.9,5,9,32,47,54.4,12,34,25.8,40.2,7,3,23.5,11,16,28,25,17,40,30.5,42,3,0,21,18,34,19,35.1,94,75.4,32,77,47,26.5,41,8,24.7,57.2,33,36,52.5,29.8,40.9,41.7,34.1,59,46,51.7,24,79.5,66.7,60,48,83,80,73,104,73,107,85.6,49.3,21.4,57.7,90.2,59.5,47.6,21,56.2,36,37.3,85.4,26.8,30.4,44.9,39.8,43.3,39.8,24.5,35.7,42.3,32.1,35.9,42.4,47.6,54.7,43.3,36.9,50.2,46.5,30,36.2,31.9,38.2,33.1,33.3,57.1,42.9,44,50.9,60.4,43,64.9,69.8,33,56.5,50.7,58.8,48.6,44.5,58,49.8,38.8,49,53.3,42.1,32.8,28.9,26.3,24.9,31.2,32.9,27.5,18.8,55.9,34,37.6,79.1,120,82.7,57,51,53,92,70,109,77.9,126,81,100,69,92,58,174,58,89,106
1963-11-01,29.8,71.2,106.7,37.8,83,117.8,94,76,75,143,81.1,49,87,55,64,71.2,87.6,101,61,68,112,77,112,44,69,62,95,36,74.3,81.5,23,99.2,93.9,0,47,37,122,80.1,70,25,99,133,188,138,58.1,74.9,54.8,77.1,44,62,4,19,86,88.9,66.1,111,62,70,95,113,30,153,50,26,59.2,81.8,49,82,112.6,110.8,73.9,134.6,0,29.9,33.5,87,72.1,94.3,89.7,103,74.2,63.6,89,79.5,87.9,84.1,89.2,81.3,91.4,87.3,79.3,112.9,83.9,77.9,45.8,50,80,39.2,35.1,34.3,37.3,49.1,45.1,31.5,28.4,29.5,35.2,98.2,106.9,115.9,78.5,94.9,89.2,103.6,96.3,89.8,86.6,98.2,75.1,103.5,92.3,82.1,72.6,93.7,62.6,65,88,55.5,49.3,60.9,58.2,33.4,47.6,74.2,60.2,54.3,60.2,72.8,68.6,72.5,85,67.2,59.5,40.9,38.6,66.6,43.7,91,60.6,86.2,97.8,43.7,61.5,68.7,81.2,96.4,62.8,19.2,7.7,48.3,43.5,64.5,48.4,88,163,116,96,107.8,95,116,82,83,54.8,122.6,102,138,125.5,161,116,89.9,97.8,168,121.3,118.6,108.7,100.5,119.7,191,115.9,112.3,49.7,22,91.1,141.9,75,119.5,117,82,98.4,101.5,156,44.2,82.7,69,88,108,87.6,85.8,88,130,77,124,84,121,92.8,104,125,42,79,136,98,69,36,36,112,93.4,40,52,105,109,99.1,27,52,69.7,107.3,88,38,51,89,37,110,103,86,91.7,92.4,30,36,36,109,35,117,78.8,83.2,136,104.6,23,134,113.2,85.5,108,98,74.3,84.6,78.1,104.7,103.4,62.6,93.7,87.5,112,232,191,118.6,134,115.1,105.9,100,120,123,66,93,155,114,110,97.8,106.7,84.6,98.8,96.1,112.1,94.4,98,107.4,77.8,114.6,121.1,77.7,101.4,92.1,95.5,63,70.7,78.8,72.3,72.3,79.2,90.5,83,88.8,100.4,89.4,90.8,97.2,111.4,66,86.1,64.5,88.3,54.4,109.4,79.1,102.6,94.3,111.8,100.5,80.9,87.5,106.3,71.6,112.1,107.4,101.1,75.8,117.9,115.7,105.5,121.4,124.7,124.4,98.5,79.9,70.3,75.2,70.2,76.8,78.9,71.8,58.2,92.5,110,90.6,107.6,139.7,77.8,66,80,49,39,58,62,68.1,83,104,80,106,178,134,80,100,127,143
1963-12-01,91.7,66.8,40.1,56.7,233,100.9,151.8,74,108,138,149,106,148,107,28,86.8,102.4,104,256,37,21,38,21,262,69,98,79,31,83.3,111.2,32,103.8,186.4,56,72,37,70,103.6,94,81,259,109,117,118,84.3,99.5,131.7,121.7,122,10,50,42,57,114.7,73.9,67,126,87,84,80,44,94,32,21,61,108.4,82,69,90.6,118.8,90.3,132.6,113,108.3,52.5,89.4,77.9,97.6,99.1,106,89.1,86.6,125.3,97,89.2,74.9,80,88.5,104.1,102.3,82.6,106.3,74.2,71.4,46.5,60,50,77.6,45.1,54.3,54.3,57.1,43.4,44.6,53.7,50.6,49.4,94.6,105,107.3,96.2,108.1,99.6,108,102.1,95.1,97.6,96.4,98.5,108.4,102.6,98.8,91.2,93.2,71.5,84.7,85,63.7,73.2,70,81.5,53.5,53.2,95.6,75.3,74.9,68.4,74.4,69.3,74.6,71,74.4,86.2,68.1,52.8,96.7,57.3,112.4,88.6,100.3,104.4,63.6,82.1,80.3,85.5,95.4,68.9,24.9,10.8,76.4,60.5,78.1,124.4,181,106,126,191,107.5,91,125,57,134,102.4,122.4,103,110,114.5,96,126,122.9,132.6,76,95.9,228.4,170.5,207.8,117.5,78,108.8,102.3,118.3,95,108.9,113.9,110,106.9,145.6,105,119.5,115.5,104.5,54,132,160,40,160,158.4,106.4,218,205,260,219,137,220,134.1,213,72,47,132.8,51,142,141,127,125,159,88.9,124,136,160,139,193.5,167.4,119,144.2,186.9,173,235,99.3,178,158,209,99,137,113.9,160.7,50,55,92,127,127,127,111.5,143.2,72,163.6,87,281,146.8,125.1,93,114,103.2,136.3,112.9,120.4,136.8,91.9,136.2,120,118.3,160,78,121.9,117,127.8,97.2,89,99,98,106,134,93,91,153,118.8,125.2,122.9,114.7,141.1,108.6,145.2,58,161.8,118.9,164.1,140.1,149.8,149.7,156.6,128.6,92.8,132.4,113.2,109.9,109.8,138.8,147.6,134.2,120.9,129.1,134.6,129.9,145.1,136.7,111.4,130.1,135.2,132.1,95.7,189.7,89.5,130.4,125,113.7,125.9,83.7,84,134.4,122.9,136.1,133.3,126.4,108.3,158,179.8,160.9,154.3,168.6,152.1,155.2,140.8,125,143.2,125.3,138.2,126.7,119.8,109,132.3,116,108.7,133.3,154.7,106.7,151,120,119,93,134,214,105.6,71,101,55,50,127,174,197,192,223,253
1964-01-01,55.8,63.1,45.4,54.7,15,25.8,75,17,27,22,44.6,18,17,51,108,52.5,55,29,33,96,28,27,33,8,11,32,49,20,37.7,59.7,50,64,66.8,8,39,116,44,49.8,90.7,5,57,57,40,90,46.5,89.1,43.2,45.6,25,0,18,6,32,67.4,47.7,10,29,33,15,74,78,57,33,0,29.5,44.1,33,20,112,90.9,78.1,87.2,55,63.4,52.5,68.1,62.5,71.5,58.5,121,72.7,53.6,110,57.2,73.9,55.8,58.7,62.9,69.7,65.8,52.7,69.1,81.8,70,49.1,39.9,60,49.4,38,33.7,46.9,47.5,49.1,31.2,34.1,36.2,33.4,74.9,71.6,88.8,73.7,65.2,85.9,79.4,66.3,57.3,77.3,72.4,82,80.2,60.7,76.5,40.2,79,49.4,58.5,50.3,46.9,51.4,56.6,49.2,36.7,51.4,70.9,67.3,42.6,49.4,41.9,45,60.5,78.3,45.8,45.2,42.8,34.2,50.4,40.7,75.3,59.3,65.8,75,38.9,62.5,50.8,69.8,60.7,54.4,19.4,9.8,49.8,45.8,56.4,196,131,123,52,150,100.1,130,53,59,131,65.3,86.7,50,125,90.5,126,52,105.3,83.5,129,101.1,72.3,86.7,91.4,110.1,219,90.6,101.7,85.9,62,88.3,123.5,122,110.8,80.2,10,55,61.8,42,61.3,70.4,41,53,53,79.4,77.6,54,48,66,108,92,100,82.9,93,107,75,95.5,55,125,74,72,80,113,107.5,93,128,111,101,117.9,116.7,99,94.5,97.7,95,90,83.8,96,180,118,92,111,68.8,101.4,175,62,122,109,85,89,79.2,102.8,61,75.1,241,63,122.6,92.5,59,89,72.7,76.1,83,91.6,87,78.5,74.6,96.2,117.9,247,219,113.5,114,85.1,86.4,101,135,76,90,55,34,72,34,52.2,101.2,74.7,82.4,75.8,108.1,89,127,83.5,85.8,95.8,93.4,74.8,79.6,88,72.7,56.7,70.9,78.8,64.7,64.6,83.8,101.5,71.5,80.8,106.6,91.2,82.8,84.5,89.3,66.2,74.4,51,74,38.9,94.4,62.3,104.6,104.9,100.4,97,70.8,69.6,86.9,74.3,79.4,106.2,77.5,74.7,142.6,156.7,139.2,133.2,168.4,147,135.7,113.7,118.4,110.3,93.5,96.4,124.4,112.7,74.6,69.2,91,78.5,51.7,32.5,46.7,29,48,24,27,29,28,34.7,40,41,64,76,43,13,36,22,42,43
1964-02-01,52.3,28.3,101.3,27.9,18,111.2,45.1,68,82,73,38.1,63,27,41,42,76.7,54.6,46,8,52,145,35,73,17,36,46,114,100,69.3,68.2,30,59.2,52.9,0,104,57,60,54.9,70.1,20,100,83,47,26,43.8,94.3,37.6,40.9,110,87,25,28,64,60.1,50.4,38,27,40,13,73,60,109,35,75,44.6,52.7,35,35,14.2,20.6,48.9,40.6,51.5,76.4,28.2,74.3,55.1,79.5,65.8,310,80.8,56.6,111,61.9,74.6,58.1,78.6,63.4,71.7,79.5,64,100.1,98.8,85.9,46.9,40.4,45,50,41.1,39.5,37.3,44.9,49.8,27.1,30.4,34.3,31.2,95.3,83.7,109.7,67.7,95.9,90.9,89,74,72.7,81.7,79.4,83.5,85.3,76.9,80.5,50.7,86.4,69.2,59.4,48.9,52.4,45.1,58.6,46.3,28.1,31.1,60.9,56.3,43.4,47.7,45.7,47.9,68.4,79,48.7,49.8,49,38.6,65.4,49.4,70.9,62.3,66.2,86,38.7,66.3,58.1,86.6,94.3,53.6,16.3,9.8,46.4,39.4,68.5,40.6,40,78,73,24,48.4,48,72,27,48,34.1,56.7,29,48,16,25,73,41.8,57.3,25,24.3,43,89.3,106.1,49.8,62,46.1,59.2,49.8,93,45,48.9,90,41.5,50.7,35,14,55.7,33.5,50.8,50.4,28,27,0,39.2,31.2,13,7,37,25,23,23,38.5,44,3,12,44,10,80,20,30,53,49,57,45,32,27,12,62.1,42.8,74,42.1,63.5,15,81,37.7,60,40,42,125,125,43,63.9,156,38,42,93,55,84,51,63.4,87,56.4,41,142,71.1,45.7,46,49,34.7,46.5,46.8,53.2,48.5,42.2,39,41.4,50.2,26,62,52.8,47,55.1,42.4,7,10,33,13,57,76,84,115,62.3,55.3,31.7,45,67.4,51.5,45.1,7,46,50,42.9,58.2,42.7,47.3,50,45,33,38.3,52.1,35,37.6,54.8,56.6,52.1,54.7,68,60.2,58,67.1,47.6,43.4,45.2,28.2,42.9,28.2,51,53.9,55.8,59.8,56.9,62.9,47.9,57.1,62.7,51.8,52,65,50.8,55.2,77,81.5,75.6,85.9,84.1,86.4,62.6,57.4,50.8,47.2,47.7,51,56.1,49.8,37.5,66.6,60,43.8,49.1,74,63.4,84,46,30,61,85,52,54.6,32,49,72,85,92,39,76,39,73,75
1964-03-01,155.1,66.8,184.5,74.5,155,57.5,149.4,142,75,81,196.1,62,119,48,131,89.7,107.4,58,201,229,65,93,48,209,59,72,65,92,86,132.7,126,131,226,75,47,171,115,144.7,99.3,148,242,72,146,183,102.1,125.1,132.3,139,109,93,59,62,134,141,97.4,122,121,68,118,88,75,60,130,58,90.7,129.3,80,54,75.8,108.7,105.9,115.3,91.5,126.4,86.2,110.7,79,128.2,120.6,93.8,103.2,103.4,269.8,143.1,110.7,109.9,119,98.4,112.7,143.9,115.6,133.2,105.9,118,73.5,94.7,109,101.1,60.6,79.2,86.2,60.9,65.5,64.1,62.2,67.6,69.2,144.4,162.8,147.8,113.2,137.3,140.2,132.6,121.1,118.6,131.3,131.3,145.7,156,130.4,124.8,118.1,110.9,88.8,114.2,112,82.6,90.3,92.6,94,48,73,110.6,93,105.4,103.5,73.3,92.3,110.9,240,94.1,130.2,90.6,63.7,146.4,76.9,151,104.6,147,171.7,79.8,112.3,87.9,106.3,122.3,115.7,36.5,22.9,84.6,76.4,115.8,155.4,90,124,44,138,115.4,187,44,106,159,95.6,137.2,86,127,0,162,44,109.6,130.1,65,48.5,255.2,85.9,111.6,131.7,222,127.6,119.3,97.8,124,106.7,142.7,117,128.4,192.5,66,144,105.3,60,47.1,133.7,175,72,231,144.8,111.4,294,184,226,169,71,234,164,230,58,72,120,163,138,127,65,49,159,95.7,125,25,202,319,161.7,150.5,71,133.4,159.6,112,112,93,78,113,125,68,135,108.1,151.1,52,94,143,70,110,90,102.3,137.4,10,192.3,146,35,124.3,137.2,163,58,99.3,155,111.4,111.9,140.1,92.3,135.6,110.2,116.2,133,222,143.4,163,129,109.9,124,159,136,165,80,60,41,47,96.7,119,125,112.8,175.4,107.1,152.1,148,189.4,121.4,150.9,150.2,138.4,131.2,176.2,129.8,97.1,123.9,104.3,102.4,105.3,152.4,143.1,124.1,122,133.6,145.5,134,143.2,158,125,154.6,171.8,137.5,91.5,176.7,94.9,125.1,123.4,124,120.7,92.5,94,138.2,134,148.4,142.3,131.9,121.1,158.6,174.4,144.1,147.9,162.2,168.7,139.5,132.8,117.5,118.2,107.5,115.4,114.8,113.4,83,117.7,126,100.8,26.7,79.9,72.5,51,40,44,72,63,76,85.2,59,109,143,185,208,106,210,90,99,71
1964-04-01,9.8,2,19,8,0,12,31.1,27,30,19,29.6,0,13,6,8,20.9,25.8,19,0,27,0,75,29,17,29,15,19,16,21.2,40.7,12,37.2,54,14,7,47,16,36.3,43.9,10,2,16,0,36,23.3,22.3,19.3,23.9,43,63,0,0,40,30.9,26.9,21,0,23,0,50,89,7,40,18,11.4,17.6,18,0,39.6,56,48.6,16.1,12,9.4,13.2,26.9,18.8,28.5,20.8,42,27.4,26.3,53.6,17,27.4,23.7,26.2,25.1,33.3,30.4,24.9,35.6,28.5,27.3,14.8,29.6,17.1,11.7,14.2,12.7,12.7,18.4,14.1,17.3,7.9,9.3,12.2,33.4,24.8,35,19.3,38.8,42.1,29.7,27.2,25.7,30.1,28.7,29,29.9,24.3,49.6,20.8,29.9,29.2,17.2,15.2,17.8,19.5,33.2,34.1,9.7,16.6,26.8,26.5,15.7,27.8,31.7,26.5,24.5,36,17.3,31.6,13.9,12.8,22.5,15.7,28,18.9,33.9,51,13.4,22.5,20.1,24.5,22.8,28.6,15.7,4.5,13.7,13.1,27.3,37.1,16,63,71,60,48.6,46,71,3,23,28.5,66.9,87,29,28.5,48,71,37.4,39,55,24.4,13.9,21.1,26.5,54.7,85,59,45.6,15.3,5,56.9,78.9,144,62,75.4,110,83,76.2,101,12.2,18.3,14,5,0,17.1,11.8,15,0,32,14,5,5,18,5,4,14,22.6,48,112,34,24,16,36,20.1,18,8,60,53,46.5,25,31,24.5,34.3,15,14,19.1,8,15,2,40,2,31.1,32.2,18,16,13,3,20,20,20.4,29.1,16,67.7,28,33.8,46.3,25,44,26,27.9,54.5,32.6,29.1,54.8,29.4,36.6,37.4,34.7,107,84,49.4,70,64,66.8,88,45,100,131,26,128,90,119,78.2,50.5,18.7,45.8,69.8,58.3,46.7,40,55.4,31.8,30.1,61.8,31.6,25.1,45.8,36.6,40.2,37.1,23.3,31.5,39.1,32.5,35,41,42.3,47.9,49.6,32.1,39.7,50.2,31.7,29.8,30.7,42.4,30.6,29.5,52.4,38.1,43.2,44.2,55.6,46.3,63.8,56.7,35.8,48.1,50.5,54.3,42.1,35.7,47.9,42.5,37.2,43.9,46.6,37.6,28,24,23.9,20.4,27.9,27.4,22.2,16.5,52.7,24,36.9,52.6,51,73.5,40,67,38,75,62,61,70.1,78,90,56,67,171,90,111,55,100,62
1964-05-01,0,0,0,5.4,0,22,12.6,6,6,20,14.4,0,0,0,15,9.9,7,14,0,8,0,0,3,0,3,18,16,0,7.6,9.5,20,17.4,14.4,0,3,15,0,16.4,18.6,0,0,0,0,0,6.1,13.9,5.3,14.8,20,0,0,0,0,13.1,13.4,0,2,0,0,6,33,0,0,0,5.1,9.2,22,4,11.3,9.9,21.2,1.6,2.5,10.7,11.1,14.5,15.7,20.4,13.4,11.9,11.7,20,10.2,18.3,16.5,8.9,13.3,18.1,14.4,13.1,12.7,14.8,14.5,9.2,11.1,15,15.2,7.8,11,8.6,7.9,18.3,11.7,11.1,6,7.3,10,17.6,18.4,17.6,12.8,28.7,31.1,14.3,13.2,16.8,11.2,15.8,24.9,11.8,17.7,25.1,6.9,23.3,9.9,8.1,2,9,14.7,28.6,19.4,8.6,10.4,10,14.9,11,21.1,15.6,13.5,10.4,11,6.6,34,6.9,9.5,9.4,8.3,13.6,10.8,16,26.9,8.3,8.9,13.7,8.5,18.6,9.1,18.7,10.4,10,7.1,15.6,15.3,14,0,0,15,16.3,64,0,5,22,23.8,17.9,21,12,23,19,0,10.4,14.8,38,13.1,13.9,21,26.6,17.9,8,13.4,9.4,8.8,6,13.5,13.2,42,12.3,20.4,6,5,12.5,3.5,6.4,9,4,25,0,6.2,4.3,4,16,17,11,14,11,12,11,0,0,6.9,30,28,0,6,0,27,11.9,0,6,17,46,16.2,11.7,30,11.5,22,8,15,9.5,6,19,0,17,30,13.4,16.3,5,16,18,34,10,22,7.4,11.3,9,12,0,8.9,12.6,8.9,0,0,9,15.9,9.3,13.8,12.2,6.5,11.2,13.6,14.1,15,7,19.4,12,23.6,14.8,0,0,0,0,10,0,0,0,19.5,19.9,9.2,14.3,27.6,16.4,21.1,12,20.2,14.6,17,30.3,9.7,11.5,20.1,16.7,13.2,16.8,11.2,17.3,14.2,18.4,14.8,11.6,16.8,18.6,19.2,14.8,21.3,27.2,19.9,11.8,19.4,19.1,16.8,12.8,21.1,15.6,13.9,19,15.6,16.9,12,17.1,14.3,22.2,22.6,30.6,19.9,21.9,16.8,15.9,17,21.8,22.3,13.6,16,18.8,14.3,10.8,11.6,20.7,16.4,11.1,22.2,10,10.9,5.5,22,15.2,20,12,30,17,37,20,20.6,20,15,11,10,0,27,31,22,30,27
1964-06-01,11,6.7,7,5.2,11,3.9,14.1,18,0,14,14.3,44,10,10,0,8.3,9.9,22,0,7,0,0,10,0,6,6,10,0,7.9,12.2,5,14.4,14.8,9,40,0,8,8.7,22.5,20,15,6,20,20,9.5,5.6,10,12.9,0,0,0,0,0,13,8.6,27,20,0,28,0,5,0,9,0,3.5,12.1,0,7,5.7,10.2,24,8.6,8.9,18.1,15,18.9,17.2,20.7,13.8,13.7,11.6,17.6,16,18.9,16.3,10.4,16.9,14.4,17.2,14.1,17.2,18.1,13.2,10.9,11,18.5,15,9.1,11.8,8.7,11,21.8,14.8,13,6.2,8.4,11.6,24,17.6,19.6,14.5,28.6,38.2,19.6,13.2,18.9,13.3,11.6,24.4,11.4,17.1,24.9,6.3,26,8.5,12.3,11,11.5,13,27.2,18.7,8,10.3,13.4,15.2,10.1,24.4,13.8,11.9,16.1,6,8.1,31.8,12,9.5,11.1,7,17.1,9.2,21.5,21.4,13.6,16,12.8,9.2,15,11.6,14.8,9.9,12.4,9.1,16.3,22.8,20,27,0,13,13.2,0,0,0,0,32.6,14.3,14,0,1,0,0,11.3,10.9,1,30.7,18.2,8.8,13.7,13.7,48,13.8,13.1,12.9,18,10.3,12.1,0,12.9,19.6,8,0,8.4,0,4.9,13.4,16,27,14,7.7,8.9,15,0,23,24,20,31,9,20,0,8,6.9,0,12,4,21,10,0,20.5,47,0,0,27,19.7,16.5,22,15.4,17.8,15,0,8,15,11,5,12,15,10.8,14.4,8,22,17,7,26,9,7,15,0,10.9,29,14.9,20.3,13.3,0,28,12.3,16.6,16.2,19.9,12.1,9.1,16.8,14.8,16.8,38,47,22.5,0,21.3,15.1,0,4,0,7,3,0,0,0,10.1,22.2,8.3,12.3,27.4,12.4,20.7,1,18.5,14.1,15.9,24.5,10.4,11.3,19.4,19.9,12.4,14.2,9.4,15.9,13.8,18.6,19.3,13.7,18.6,15.8,16.3,16.4,25.5,26.5,16.5,14.4,16,13.5,10.6,17.9,17.7,14.9,13.6,15.2,14.1,19.8,10.6,17.1,15.1,21.4,25.9,26.2,19,25.1,21.4,21.5,15.8,24.5,23.8,18.5,22.6,24.6,19.1,14.1,16.9,23.7,16.6,14,16.7,6,14.7,1.1,1.6,6,0,0,0,0,0,0,10.9,0,0,0,0,0,27,0,5,0,2
1964-07-01,0,0,0,1.4,0,1.6,9.1,0,0,0,14.1,0,0,0,0,3.6,0,0,0,2,0,6,4,0,0,5,3,5,7.1,8.7,0,8.3,14.6,9,0,0,4,3.7,10.7,9,0,4,0,0,2.5,9.7,2.8,6.3,6,0,0,0,0,14.7,8,0,0,0,0,2,0,4,0,0,1.4,3,0,0,0,3.1,21.3,2.4,1.9,1,12.5,16.4,18.7,21.8,14.2,20.6,10,15,0.5,20.1,32.5,10.4,11.3,16,16.3,9.6,11.7,14.7,15.2,5.1,7.1,19,13.5,6.9,12.3,10.3,7.8,22.3,9.3,13.3,4.3,8.5,13.8,23.5,19,18,11.9,27.1,18.2,18.4,13.2,15.6,11.9,11.6,24.1,10.3,17.2,16.7,5.5,27.3,8.3,7,11.9,12,17.1,35.8,16.1,6.6,6.3,12.7,14.2,9.3,22.1,9,11,12.6,2,7.8,33.9,8.1,10,8.3,12.2,9.9,13.6,13.3,30.1,11.1,8.8,14.7,8.7,14.3,11.1,19.1,15,9.5,7.8,14.7,3.1,0,0,0,6,3.7,8,0,0,0,8.2,5.5,0,1,1.5,0,0,5.2,3.8,0,5.9,10,0,0,12.4,0,6.6,1.3,6.6,0,10.3,15.3,33,2.5,12.8,7.3,4,5.1,3,6.5,2.8,7,2,12,3.1,2.7,5,10,9,2,2,2,13,2,0,0,2.8,0,0,0,1,0,0,7.8,0,0,0,0,4.1,7.5,0,2.4,5.7,0,0,4.6,0,0,0,0,0,4.8,8.2,9,0,0,0,0,0,1.6,1.5,0,7.7,0,2,0.6,2.7,0,0,1.5,3,3.2,4.7,1.7,5.8,3.9,5.7,7.2,0,0,10.7,0,0.8,2.5,0,1,0,0,0,2,5,9,11.8,13,7.4,9.2,15.8,13.8,14.1,0,10.6,12.2,11.3,13.2,3.2,3.4,7.9,9.3,5.1,10.3,11.7,13.1,9.8,14.4,13.9,7,12.8,9.9,11.2,10.6,13.5,20,15.1,8.4,14.8,8.7,8,12.6,17,10.5,9.5,13,10,13.7,6.6,9.4,11,13.1,21.8,17,15.4,17.2,21.9,10.8,12.6,13.9,12.3,6.6,13,15.6,8,6.3,7.8,13.5,7.2,8.4,3.6,0,4.4,3,1.2,9.9,0,0,1,0,0,0,5.6,0,0,0,0,0,0,6,0,0,6
1964-08-01,0,0,0,3.1,0,0,17,0,0,0,15.9,0,0,0,0,1.8,0,0,0,0,0,0,0,0,0,0,0,0,5.8,7,0,16.2,21.6,11,0,0,0,9.9,17.1,0,3,8,9,3,8.7,9.1,10.9,20.2,0,0,0,0,0,12.7,7.3,4,11,0,0,0,0,0,0,0,2.7,3.8,0,0,0,0,21.1,0,0,0,12.7,13.9,17.9,19.2,12.8,14.1,10.5,24,11.2,19.4,20,11.7,14.2,15.4,12.8,11.5,14.4,13.1,13.4,7.8,8.6,16.1,12.8,6.6,9.4,12.6,9.5,18.7,8.9,12.6,5.1,7,11.4,18.8,15.8,22.5,10.4,24.2,31.8,16,9,15,10.8,10.2,27.3,9.9,17.9,23.1,5.7,29.7,9.5,8.2,13.2,7.2,16.4,39.1,23.3,8.6,7.5,11.5,8.7,13.2,24.8,11.5,10.3,10.8,9.2,7.5,34.2,6.2,7.8,9.2,12.9,11.2,11.2,18.5,35.7,10.7,7.9,13.6,7.4,17.7,8.2,16.9,10.6,9.7,6.7,14.6,14.2,0,0,0,6,9.3,0,0,53,13,7.8,13.7,0,0,9,25,0,7,16.5,0,14.2,24.3,13.6,29,19.4,0,15,8.8,7.7,0,11.5,14.1,0,7.4,23.9,7.2,0,6.2,0,3.6,10.5,10,3,9,4,5.4,12,13,17,13,5,13,42,14,41,0,3.2,20,3,6,0,7,1,11.8,6,0,14,55,13.7,8.9,0,8.6,17.9,0,0,9.6,14,0,0,12,20,11.5,15.1,0,0,0,7,0,9,9.4,10.2,68,14.1,0,0,9.5,6,0,0,3.6,19.2,10.6,12.9,11.8,4.2,10,10.7,10.1,0,0,19.7,31,16.1,10.1,0,0,0,0,0,0,0,0,13.4,20.1,15,15.3,32.8,14.9,21.9,50,22.3,16.5,16.5,24.2,8.6,15.8,22.3,16.3,10.6,14.9,14.2,17.9,12.6,18.7,17.4,10.9,19,17.3,19.4,21.4,20.3,27.3,17,11,14.9,15.7,13.4,11.9,22.7,12,13.7,17.2,12.4,15.4,11.5,15.3,14.6,16.7,22.4,22.8,18.2,20.2,18.3,18.2,14.4,19.7,22.8,12.7,14.9,14.8,14.5,7.8,17.6,17.3,10.8,9.6,13.4,14,6.8,15,16,4.5,0,0,0,0,0,0,6.5,0,0,0,0,0,0,0,0,3,4
1964-09-01,0,40,0,14.7,37,32.6,54.4,0,0,15,56.9,17,90,3,9,21.9,35,8,153,0,45,80,27,99,61,0,0,71,26,60.5,5,58,86.2,37,9,23,56,42.4,48.3,49,45,24,45,37,40,18.4,32.5,43.1,0,50,12,39,0,41.9,32.3,45,11,0,32,0,20,37,38,100,11.2,31,0,0,35,31,49.1,21.9,2.1,0.8,14.9,29.4,20.8,29.1,21.7,7,21.7,16.5,0.6,19.7,27.3,22.9,24.7,25.2,26.6,32.7,28,31.3,25.9,23.5,18.5,24,12.7,15.4,13.3,14.8,12.9,20.1,13.6,18.3,8.1,7.4,10.4,27.5,27,31.9,19.1,37.4,45.3,39.2,28.1,24.8,26.6,25.3,28.2,30.7,26,53.6,19.1,41.3,29.1,24,12.6,20.8,26.3,33.4,38.7,14.4,21.6,24.7,22.7,15,26.8,30.5,27.4,26.4,25.6,20.8,30.9,9.5,14.3,16.4,14.1,24,17.4,33.8,43,15.8,29.3,24.4,21.3,15,26.1,14.9,8.6,15.4,12.9,25.7,74.5,101,71.5,33,59,53.6,62,33,66,77,54.6,66.1,87,42,65,96,33,59.9,66.6,34,73.8,49.8,71.6,86.9,59.9,115,53,66.5,48.4,65,51.7,56.1,57,51.4,77,40,41,45.6,31,22,42.7,15,0,25,35.5,29,35,38,12,24,13,42,59,36,21,7,48.8,15,58,67,39,50,77,39.1,74,36,107,51,82.3,55.9,95,41.7,64.8,57,48,41.9,75,70,77,61,80,47.8,53.5,36,33,36,49,52,64,60.6,57,234,91,36,43,63,46.8,60,60,43.2,72.3,55,65.2,60.7,53.6,49.4,46.3,50.4,108,114,60.6,64,63.2,50.1,34,52,34,37,27,35,38,52,55.3,67.8,29.1,49.5,74.8,55,61.7,67,67.3,64.2,49.3,60.4,56.6,53.2,59.4,47.9,28.6,38.2,25.6,31.3,36.2,55.6,58.3,59.8,60.9,70.6,69.3,66.2,58.6,73.3,30.1,48.1,24.8,25.8,28.9,46.9,51.5,54.5,54.9,55.2,67.1,46.4,46.9,64.8,43,65.8,79.5,56,49.7,74.3,84.2,82.2,66.7,78.8,74.2,61.8,49.6,53.5,55.4,45.5,57.8,55.8,54.1,44.6,72.8,82,57.8,47.7,69.9,69.4,72,65,67,73,89,70,62.8,72,75,88,90,75,80,60,64,61,70
1964-10-01,41,95,43,42.2,29,67.7,62.4,1,32,50,49.5,42,50,0,78,50.9,58,45,43,63,85,55,18,50,48,52,74,131,64.7,65,76,59,72.7,47,47,36,37,46.2,80,57,44,54,61,30,46.1,72.8,44.6,46.6,32,28,27,20,30,66.9,43,63,38,56,53,72,44,51,25,60,29.3,47.8,49,97,101.1,110.6,68.7,96.1,25.2,35.4,37.2,73.8,44.3,60.3,55.1,57,58,48.6,32.6,50.1,70.8,51.3,58.2,52.3,65.7,57.9,54.1,67,72.4,62.5,44.2,33.7,30,39.9,33.7,31.3,34.6,47,42.4,30.3,29.1,29.5,29.2,73,59.4,89.9,58.6,60.3,77.6,84.1,57.6,62.6,62,65.3,67.8,78.4,54.2,76.9,39.7,65.9,44.1,58.1,49,49.2,47.3,53,48.5,34.9,46.9,62.9,52.2,44.6,38.3,36.7,39.6,63.5,39,44.1,39.4,36.6,30.1,39.5,32.8,64.6,50.5,65.6,79.6,31.1,49.7,43.4,58.3,60.9,45.8,19.6,7.1,42.7,36.2,53.4,230.1,71,93,33,261,83,139,33,83,195,59,82.1,90,77,192,93,33,103.9,85.6,94,102,65.2,192.7,168.3,107.7,125,85.7,108.5,89.5,94,79.9,104.1,0,80.3,70.7,33,37,52.1,28,54.2,66,62,35,47,65.8,66,44,34,42,56,59.4,89,48,71,69,62,72.6,55,55,29,12,45,73,84.1,43,79,95,48,99,98.2,54,71.4,93.1,107,120,70.2,65,121,103,128,119,63.1,89.8,40,85,100,146,90,159,84.5,94.7,48,72.2,84,120,117.8,85.8,71,111,73.6,64.5,72.9,103.3,84.1,71.9,75.5,80.7,104,172,125,86.6,96,70.2,78,52,116,41,14,40,36,51,43,38.1,84,62.7,70.5,65.6,77.1,80.2,114,70.1,91.5,66.4,83.3,68.1,68.6,77.1,61.4,48.9,58.4,59.2,57.5,64.1,74.8,85.6,74.4,81.7,101.7,83.7,83.2,80.3,74.9,53.9,62.8,36.9,53.4,36.3,66,60.3,84.9,85.6,89.8,91.8,54.2,62.2,81.1,70.3,76.3,95.9,67,69.3,141.8,140,127.7,135.9,145,133.2,113.9,108.2,89.4,95.6,77.6,78.8,108.7,95.9,64.7,76.5,148,73.2,13.1,11.9,28.7,23,32,22,20,5,35,28.9,25,28,30,0,41,48,65,11,10,10
1964-11-01,45.3,8,58.3,29.9,87,12.3,55.1,3,35,12,51.1,58,53,45,9,32.6,24,12,107,10,0,33,20,67,45,46,8,25,33.6,58.9,15,59.5,64.9,61,40,125,55,52.8,86.5,25,89,69,53,34,43,41.5,32.8,55.5,35,5,38,10,26,70.8,36.2,58,9,15,29,50,26,38,75,33,24.6,38.2,22,0,98.1,112.3,55.3,55.9,31.8,28.6,24.1,43.6,28.3,49.5,42.9,31,53.5,33.4,26.3,43.8,39.3,39,39.5,42.3,42.2,45.2,33.7,43.5,42.3,35.8,30.6,32.9,24,26.5,20.9,23.6,23.5,34.3,30.5,28.6,17.2,19.7,23,47.5,49.2,57,40.5,51.9,53.5,52.9,48.6,45.5,46,46.1,43.5,54.4,45.1,63.8,28.6,50.5,32.2,42.6,29,34.5,30.5,50.2,41.9,21.1,30.2,43.2,41.8,34,40.2,36.7,32.8,35.4,6,33.7,38,24.4,21.6,34.4,21.6,37.1,31.4,50.6,60,25.3,32.1,32,42.3,37.5,43,20.4,6.9,26.2,27.7,48.2,195,62,154,206,92,110.7,117,206,36,42,57.4,126.7,154,108,59,165,206,101.2,77.8,98,106.8,36.3,46.7,53.8,100.8,142,116.7,125.6,56.8,57,95.5,149.1,102,114.3,91.9,167,149,145.5,165.5,22.4,57.1,41,49,50,50.4,43.2,17,43,60,91,49.5,71,48,56,29,85,72.1,68,57,57,37,85,67,45.6,50,35,62,20,88.1,73,59,51.6,83.2,55,100,54.1,72,97,40,70,53,78.8,70.9,110,64,85,41,78,58,66.9,69,123,80.4,60,140,102.1,65.9,106,64,71.8,81.6,68,89.7,96.1,67.3,74.8,105.1,106.6,192,141,107.1,111,112.4,109.2,104,130,79,110,113,134,145,141,119.9,101.6,43.9,104.3,98.6,120.1,70.3,35,66.9,71.9,67.4,125.2,61.7,58.1,68.3,56.9,55.5,52.5,49.7,62.7,61.9,61.8,69.3,79.5,74,112.8,79.9,68,71.2,92,53.1,62.1,41.3,46,31.5,63.8,73.5,98,80,102.8,92.9,59.2,95.8,100,66.9,100.6,97.5,102,88.7,108.1,112.8,102.8,119.3,113,112.7,85,79.8,68.1,68.4,58,71.1,84.1,78.2,50.2,98.9,48,106.5,193.5,154.5,119.2,171,137,202,108,150,185,94.2,98,89,71,49,132,93,98,108,77,101
1964-12-01,36.4,62,37,47.5,110,43.1,97.1,9,114,72,93.7,39,70,25,115,63.8,106,84,183,55,40,113,53,94,39,60,33,24,54.8,87.6,63,92.6,97.1,160,64,133,163,85.4,70.1,15,68,98,186,90,60.2,80.1,61.7,84.6,47,57,76,61,25,88.1,69.2,134,58,72,48,30,24,35,86,142,52.3,70.1,76,21,162.2,151,74.3,145.7,41.2,53.1,42.2,77.3,69.1,91.3,76.1,65,58.5,59.7,56.2,86.1,79.3,82.8,79.7,72.2,84.8,77,76.6,88.7,77.6,72.1,42.7,43.9,26,41.7,32,36.2,34.5,49.5,37.1,30.9,31.4,34.9,44.5,80.6,105,100.5,75.4,86.8,89.9,88.1,95,71.8,84.1,87.8,82.9,95.5,89.7,74.5,82.2,77.8,60.2,59.6,111,54.8,53,52,58.7,39.8,48.9,97.4,67.6,48.4,52.7,59.4,60.8,69,102,64.3,58.4,42.3,37.8,69,38,89.8,60.3,89.3,86.7,41,63.6,64.5,83.9,86,57.9,25.8,8.6,50.8,48.9,61,156.5,162,152,128,147,131.6,121,128,29,144,75.7,139.6,182,148,101.5,237,128,130.1,114,101,104.3,68.1,147.9,139.2,130.6,208,137,137.9,105.1,100,125.3,166.8,142,141.5,127.9,99,125,119.4,79.5,53.5,71.7,30,161,123,87.7,75.1,62,74,95,104,107,86,48,78,40,53,91.5,65,115,73,75,79,108,92.3,82,47,161,57,121.9,117,92,116.6,134.7,145,153,75,80,184,98,162,123,99.5,125.3,119,80,105,156,151,179,106.7,123.5,81,115.6,116,194,159.8,114.7,104,83,94.6,111.8,115.3,125.3,113.1,82.9,139.2,137.3,138.5,284,208,137,174,149.8,148.2,179,115,164,86,65,88,61,45,102.9,136.5,82.9,135.6,150.6,130.9,110.6,140,98.4,111.5,106.2,142.9,96.8,112.7,104.4,94.6,69.4,95.1,90.5,91.6,90.5,96.8,104.1,115,116.8,136.2,115,105.1,103.9,124.1,90,96.7,101.7,114.2,75.9,116.5,94.8,150.4,129.5,140.1,124,83.5,117.7,131.4,107,112.6,139.1,127.2,101.3,166.8,180.6,148.7,154,170,152.9,135.3,117.9,113.9,113.3,89.7,113.7,125.3,114,81.5,108.1,120,111.8,56,34,105.1,95,121,72,106,93,83,86.5,122,183,157,133,145,99,110,57,93,30
1965-01-01,84.9,138,124.5,55.3,63,186.9,56.2,24,211,82,56.5,206,68,113,59,140.7,87,80,12,121,69,135,97,49,117,187,153,155,101.1,89.6,60,91.6,69,119,24,182,144,91.9,92,30,25,201,130,31,56.1,125.7,80.6,59.4,135,83,132,161,45,76.3,88,22,236,77,94,171,31,112,73,60,102.4,83.5,91,94,104.5,151.7,109.3,161.6,88.3,117,95.7,140.9,111.3,144.4,159.8,154,166,132.7,152.3,143.7,141.6,117,145.2,104,118.1,156.8,146.1,181.2,135.5,140.2,99.4,105.9,100,113,64.4,90.9,98,87,92.3,65.2,75.4,69.8,79.6,161.5,184.5,182.5,148.9,136.9,171.6,231.1,179.9,138.7,162.3,163.9,146.5,175.7,185.6,170.3,95.7,144.3,115.6,154.4,69,106.1,108.5,132.4,77.4,67.2,80,112.7,114.8,95.5,101.5,88.1,86.3,122,147,123,136.3,113.1,82.7,123.4,88.2,190.7,136.1,143,169.8,99.3,128.5,112.6,132.5,96.5,116.5,30.1,24.9,106.6,96.2,126.8,69.7,66,63,141,46,64,51,141,43,95,55.3,85.9,91,122,35,117,141,57.1,59.9,53,139.5,57.4,75.8,57.9,98.9,92,90.4,97.9,76,112,63.2,73.2,25,64.7,69.5,49,97,88.3,75.5,64.1,63.4,10,25,65,65.2,70,24,48,37,22,60,31,78,36,26,109,80.5,17,64,44,98,69,46,80,82,142,58,27,91.5,82,63,71.5,79.1,28,55,93.7,71,97,57,59,64,47.5,68.5,136,112,92,54,44,91,58.8,74.7,47,56.8,125,109,97.8,91.5,51,145,50.9,54.8,71.4,70.8,63,59.5,61,60.6,73.5,93,92,76.5,41,61.7,66.9,64,77,82,67,82,78,50,150,77.2,77.1,49.4,50.8,71.3,79.2,71.2,18,67.2,71.8,67.6,68.1,51.5,52.7,65.1,54.7,41.2,47.4,53.6,37.9,56.5,71.4,80.5,66.9,63.2,83.2,74.1,74,81.6,58.7,63.4,61.9,93.7,42.6,40.1,66.7,51.9,64.4,71.4,85.8,74.4,52.5,82.3,73.7,82.7,65.8,73.4,59.3,62.1,134.6,132.3,126,109.6,134.9,132.4,104.5,106.5,114,94.9,81.8,88.4,98.4,101,66.7,68,50,66.2,52.2,56.4,76.4,77,68,65,46,84,129,67.9,85,58,105,38,60,59,134,22,164,102
1965-02-01,32.8,0,30.3,34.8,147,84.3,56.5,109,21,84,83.5,29,96,22,37,51,124,121,181,78,45,152,16,139,73,39,28,57,62,90.4,65,101.4,110.1,52,70,99,129,81.6,88.3,0,141,79,56,88,54.9,77.7,61,86.5,43,17,75,62,50,91.8,53.2,140,139,37,125,8,48,52,60,19,41.1,86.8,96,20,82.2,65.9,54,58.2,78.7,78.9,26.5,77.4,54.8,83.3,59.7,64,72,57.5,50,62.5,75.1,65.7,73,59,74.5,77.9,66.8,92,87.4,65.5,41.6,33.1,56,39.9,38.6,33.6,32.1,39.5,46.6,26,29.6,31.6,30.3,84.3,82.6,92.2,66.2,80,82.8,89,77.1,65.3,80.6,81,82.8,88.2,75.9,79.9,55.8,79.6,60.9,54.9,62,50.2,46.1,53.5,43.4,30,37.4,64.2,58.7,40.8,50.1,40.9,50.7,68.7,40,44.3,41.9,40.6,32.7,57.6,41.1,76.4,59.2,81.1,83,37.7,55.7,56.2,74,66.9,63.9,13.7,5.8,44.9,38,60.7,67.3,131,117.5,72,106,62,36,72,44,42,37.8,70.3,37,117,59.5,137,72,58.4,64,90,51.5,101.4,99.2,39.6,58,114,61.9,79.3,62.8,57,59.7,65.2,89,53.6,66.5,97,87,56.9,49,35.9,65.2,72,25,40,63.6,52.1,77,63,45,54,51,60,63,88,37,43,58.7,73,40,18,98,84,56,46.9,49,20,79,68,79,57,88,45.1,73.4,10,63,40.8,63,50,25,49,79,49.5,71.2,17,74,76,55,75,83,58.1,65.1,13,65.7,67,105,85.1,48.1,195,38,42.3,56.5,56.8,62.4,65,49,46.3,58.4,58.3,67,114,65.5,157,70.3,53.9,82,78,42,39,35,14,44,23,52.9,72.9,48.2,51.4,73.3,66.8,56.8,63,71.7,66.2,57.9,58.9,48.8,54.9,67.5,49.8,39.2,43,52.1,36.6,52.4,65.8,66.7,58.3,60,76.5,71.4,65.5,74.8,61.2,51.7,58.2,31.4,49.4,37.5,56.1,68.2,64.5,59.1,68.7,71.3,49.8,67.8,77.1,58.1,65.4,73.5,60.5,61.4,95.3,94.1,87.1,89.6,106.7,89.6,90.7,66.1,68,66.3,55.1,63.4,77.3,70.3,51.8,71.5,70,51.8,46.8,26.7,61.5,48,79,55,88,72,38,42.9,81,106,118,53,89,88,71,70,50,58
1965-03-01,26.5,55,25.7,31.3,59,65.2,28.8,78,123,51,40.6,45,66,92,40,82.9,82,44,22,61,67,55,82,49,16,128,83,142,85,67,34,53.6,57.9,89,58,133,90,51.2,75.9,0,24,29,36,0,37.2,135.7,48.7,41.9,50,11,24,31,140,58.1,50,78,205,62,29,134,50,62,38,28,54.6,58.4,66,180,102.2,92.7,49.6,26.4,46.6,65.7,43.9,70.1,63.6,79.2,74.4,61,64,62.6,51.8,61.2,78.9,68.5,78.6,64,76.3,78.1,65,92.1,97.4,97.7,55.3,40.3,88,54.1,44.6,43.6,51.8,59.1,49.8,31.4,36.2,37.6,30.9,93.4,83,117,67.5,87.8,96.6,84.9,72.5,68,79.5,78.4,90.9,89,75.8,74.1,53.7,72.5,62,54.7,46,64.1,44.2,57.5,48.7,29.1,37.6,64.7,58.2,45.8,44.5,52.4,48.9,68.5,63,51.7,52.2,58.4,38.5,76,56,79.3,70.8,84.9,117.9,43.5,79.1,65.6,92.6,101.6,66.4,20,11.8,52.3,42.6,62.5,17.2,4,67,101,18,57.7,23,101,25,11,38.3,82.3,128,109,18,33,101,34.1,37.4,80,43.3,42.5,13.7,19.1,62.8,96,86.5,72.5,24.8,30,64.8,80,19,73.3,50.7,109,78,85.5,98,51.6,35.4,38,30,9,33.6,24.9,18,24,31,35,18,8,25,3,18,14,29.7,20,0,26,6,8,4,61.1,13,0,58,10,55.6,15,18,26.1,45.4,10,0,34.4,10,16,0,22,23,33.6,35.2,98,25,48,7,22,16,21.5,36.8,72,35.4,19,17,57.9,36.9,15,30,26.3,36.8,31.1,39.5,47.3,32.5,32.6,40,45.4,78,95,55,83,64.8,83.5,87,127,86,82,92,99,62,51,70.4,55,27.1,45.9,63.5,71.8,42,15,33.5,35.8,27.1,61.9,25.3,30.1,39.8,35.8,35.5,39.1,47,27.1,45,38.3,43.6,37.7,44.5,57.7,40.6,36.4,46.2,40,46.4,30.3,37.8,35.6,34.9,31,54.5,53,48.8,55.8,57.8,51.8,80.5,59.8,52,46.4,48.9,45.6,51.8,49.2,57.1,52.9,50.9,52.9,59.3,56.8,33,30.1,28.5,24.3,28.6,33.8,25,20.3,44.4,25,36.6,40.7,10.8,45.1,30,60,50,13,41,45,38.8,21,22,14,26,23,9,18,10,10,8
1965-04-01,7.1,7,3.4,5.3,8,7.3,18,41,7,0,22.8,0,0,7,0,6.5,0,0,30,7,0,10,0,5,0,8,8,0,6.6,18.2,0,27.2,28.3,11,0,0,8,16.4,27.5,60,2,0,0,0,13.2,4.2,14.5,19.8,0,4,12,8,0,15.8,10.3,0,83,0,0,0,47,7,14,26,2,23.2,0,0,17.3,20.9,41.1,95.2,6.2,7,13.3,17.6,14.5,21.7,12,11.9,10,18.3,22.9,16.5,11.4,10.7,13.2,21.9,14.9,13.3,18.3,16.9,15.1,9.1,12.1,18.8,11.8,7,10.5,9.2,8.3,16.7,10.8,9.4,5.7,6.9,9.6,14.4,16.3,17.9,13.6,27.9,25.4,14.5,12.7,12.7,8.9,10.5,25.4,16.3,17.5,25.8,9.4,20,19.9,10.4,14,11.7,15.4,38.7,28.9,12.1,10.3,11.5,10.4,10.2,23,22.9,16.7,7.4,8,6.9,31,6.1,7.2,9.1,12.5,15.4,11.2,19,37.6,9.2,9.3,14.3,10.1,15.8,10,12.9,7.3,9.9,9.3,18.4,63.9,47,14,78,35,25,22,78,26,7,20.2,36,12,24,44,0,78,24.6,35.6,10,21.3,26.4,23.6,21.8,34.6,24,25.3,20.8,14.9,45,33.6,34.1,93,27.2,52.7,33,36,43,39.5,10,18.8,11,10,9,9.5,10.3,10,3,29,11,10,17,21,13,4,14,14.4,7,29,10,17,25,33,13.1,0,0,26,36,26.2,33,15,17.2,35.7,6,73,12.9,27,32,17,20,25,25.2,29,24,19,10,28,27,38,13.8,22.3,0,32.5,39,62,22.1,19.1,0,11,19.8,37.6,22.9,25.7,33.2,22.4,23.9,17.5,25.5,40,23,30.8,45,38.3,31.4,26,23,44,46,40,36,62,37,43.8,37.3,11.8,29.5,64,27.1,36.6,27,38.6,30,20.6,43.1,22.7,23.4,24.1,24.4,30.3,32.1,17.4,25.8,17.5,28.8,24.9,22.8,34.5,35.8,32,23.6,32.6,29.7,25.9,17.5,21.2,27.8,26.4,21,30.1,27,28.1,32.3,37.4,27.1,34.8,39.5,25,34.1,41.3,44.1,28.6,39.1,43.5,41.4,31.1,41.4,44.4,33.3,19.4,25.1,23.6,17.7,24.4,25.5,22.7,18.9,31.9,40,24.7,13.9,23.4,50.2,46,2,30,22,62,12,43.8,19,23,46,20,16,12,48,23,49,51
1965-05-01,6,1.6,7.2,2.2,5,0.9,11,4,2,0,13,0,5,0,0,2.8,1,0,20,11,0,32,3,27,0,0,1,0,2.1,6.4,0,9.6,12,0,0,17,0,4.5,24,0,1,0,0,3,3.6,1.6,6.1,9.1,0,6,0,0,0,9.7,10,5,0,0,0,0,10,0,0,0,4.9,1.8,0,0,10.2,9.5,20.4,15,5.2,6.5,13.6,20.1,16,21,14.4,16,20,16.8,34.6,14.7,11.3,12,13.6,13.6,13.3,11.3,12.3,12.7,13.1,8.8,7.2,16.2,18,7.1,12.5,10.5,7.5,20.6,12,9.9,4.6,7.8,10,12.4,19.6,20.9,10,19.6,25,14.4,10.4,12.3,10.7,10.6,23.9,12.3,14.8,21.5,6.1,26.2,7.7,10.2,14,8.9,14.5,24.8,13.8,4.8,6.4,8.7,11.2,12.3,22.7,15.1,10.8,8,10,7,33.6,6.8,8.3,7.9,9.4,11.9,11.1,19.1,28.3,9,7.6,14.1,10.2,13,10,17.1,10.7,10.9,7.5,18,10,6,0,3,18,12,13,3,4,4,7.9,13.8,22,15,14,22,3,7.2,6.5,12,2.5,7.1,7.5,11.5,17.1,15,13.4,13.1,7.2,0,11.6,18.9,22,10,15.3,4,5,14.6,4,3.9,7,20,10,9,5,3.9,2,0,0,3,0,3,3,2,0,0,1.8,30,6,0,0,0,20,13.6,0,0,0,0,11.7,5,4,5.1,14.3,0,0,5.9,2,3,5,5,6,5.9,10.8,2,0,0,3,0,7,5.3,4.6,7,8.7,0,0,6.2,3.6,0,0,3.7,12.6,8.3,12.4,8.7,4.6,7.4,8.8,8.7,25,15,15.8,16,13.3,13.2,44,15,16,38,20,2,5,1,14.9,19.6,7.9,15.2,26,17.1,19.9,2,14.1,12.5,11,23.5,1.5,7.2,15.4,12.5,9.5,12.3,9.9,16.6,12.8,17,18,10.1,15.4,16.9,18.2,15.6,16.3,19.5,15.4,9.9,14.9,10.5,13.3,9.1,18.5,11.7,11.2,14,12.8,14.5,11.5,14.5,13,14.7,22,21.7,17.5,16.9,19.9,16.6,9.8,14.5,21.1,11.7,12.8,11.7,9.5,6.8,12.3,15.3,8.2,11.4,12.4,10,11.4,9.5,8.2,7.6,0,2,3,18,0,0,9.6,3,0,0,7,0,0,5,3,16,15
1965-06-01,0,1,0,3.5,0,8.9,15.1,0,12,9,16.6,0,0,0,0,7.2,5,7,7,1,0,0,8,28,0,9,11,0,7.3,13.8,0,22.4,27.3,4,6,0,0,15.7,16.9,0,11,0,14,33,10.3,4.8,8.7,16.2,7,0,0,0,0,16.2,14.6,38,20,0,20,0,0,0,5,0,3,7.4,0,0,7.6,9.4,36.9,3.3,0,0.1,9.7,17.4,17.5,22.6,12.7,17.3,9.4,19.8,0.8,20.1,11.9,9.9,15.7,19.8,15.5,12.8,14.9,14.5,10.7,8.2,10,18.5,12.6,6.8,11.6,7.4,7.8,15.4,7.6,10.1,4.9,5.3,10,16.9,17.1,20.6,10.5,28.5,25.2,12.6,13,15.8,11.5,13.2,24,12.2,17.1,25.2,8.8,20.9,17.6,8.7,10.7,9.2,12.1,38.7,21.9,9.5,6.7,9.5,10.9,7.7,25.2,24.2,14,9,11.4,8.1,29.9,5.4,7.2,8.3,10.9,13.4,14.4,22.3,31.6,8.7,8.3,13.5,10.5,11.3,10.4,18.1,8.1,10.8,6.1,15.1,3.6,6,12.5,32,36,27.7,22,32,43,17,15.4,40.7,41,21,16.5,0,32,19.5,28.2,0,11.1,37.2,18.4,18.4,30,13,36.9,23.7,10.3,11,29.7,29.3,60,33.7,47.6,30,31,34.4,20,5.9,13.8,14,0,12,11.1,9.2,15,16,18,11,10,19,9,18,0,10,8.4,11,20,17,15,7,33,11.7,9,17,19,19,18.3,3,14,8.9,23.5,3,0,12.1,10,6,17,2,13,20.8,15.8,18,0,11,13,0,14,10.1,15.8,5,22,12,0,19.2,12.5,0,8,11.2,37.9,16.1,12.3,33.2,15.7,18.1,20.2,19.2,10,13,28.3,11,47.8,35.5,29,11,29,27,16,15,38,28,33.8,35.9,11.8,27.8,71.3,30.4,31.5,12,39.8,30.6,22.6,48,13.6,17.2,29.2,19.8,26.8,30.1,17.1,25,18.4,21.9,20,22.7,30.3,34,27.9,25.2,29.7,28,26.1,14.4,24.1,26.1,22.4,13.8,32.7,22.3,28.1,27.4,28.7,25.1,37.8,38.4,22.4,36.2,36.4,43.6,26.8,26.1,26.4,32.9,19.4,26.4,29.2,22.1,14.3,13.8,14.1,11.4,15.3,20.1,16.4,10.9,31.5,20,16.2,11.8,26.3,38.1,35,28,30,37,48,33,40.2,17,20,12,0,32,28,49,44,31,31
1965-07-01,0.3,0,0,3.6,8,3.4,11.5,35,10,0,12.9,0,5,0,0,6.1,14,0,3,0,0,7,0,5,7,7,8,0,4.8,12.6,0,14.4,10.9,7,0,0,14,12.7,13,0,26,0,10,20,3.5,3.9,0.8,11.2,10,0,0,0,0,11.4,9.5,10,0,0,8,3,0,6,0,0,3.3,5.1,0,0,10.1,5.6,26,0.8,4.7,4,12,14.8,17.4,22.4,18.4,12.7,13,16.8,0.6,20.5,16.7,8.9,12.6,13.8,16.2,10,12.2,10.7,11.8,7.4,7.8,16.3,15,7.7,13.7,8.9,8.2,20.9,10.8,14.5,4.4,6.5,13.7,19.5,19.8,15.7,9.4,21.5,22.6,14.6,10.4,13.7,13.3,10.3,23.8,8.2,17.8,16.4,5,31.9,6.9,7.1,9.1,10.7,14.5,29.7,14.4,5.6,6.3,9.1,13.1,11.6,21.7,13,11.3,8.7,8.5,8.2,32.8,5.6,9.5,8.8,8.8,9.4,11.8,18,24.6,10.9,6.2,15.7,11.1,11.8,12.3,20.3,14.4,11.6,8.3,11.4,0,0,7,1,0,5.8,0,1,0,0,2.5,7.2,0,0,21,13,1,2.4,6.2,4,4.9,2.8,3.4,10.5,12.6,2,10.4,6.5,6.7,0,10.2,15.1,21,2,10.9,5.3,0,3.4,1.5,3.6,0,0,10,0,3.5,2.6,3,0,0,0,0,2,0,8,0,0,1.9,0,0,4,1,0,0,0,0,0,9,0,6.8,2.7,0,7.5,9.4,5,0,7.4,5,0,0,2,10,4.5,5.8,0,0,0,0,0,6,3.3,4.7,0,9.1,0,0,0,2.8,0,0,0.8,9.9,3.8,2.6,5.3,1.9,4.7,2.4,6.2,11,2,8.7,0,4.3,2.9,0,0,0,0,3.4,0,5.1,0,12.7,13.4,9.8,11.1,19,12.9,14.6,18,17.1,12.9,11.6,14.4,4.3,6.8,13.2,11.6,8,11.4,7.3,14.3,10.6,15.9,13.4,8.1,11.9,11.4,13.2,11.3,15.1,21,11.4,7.3,13.8,9.1,9.6,9.9,18.4,9.9,9.6,11.8,9.4,12.3,8.7,9.9,11.9,16.5,17.1,18.3,15.1,17.4,20,10.1,6.1,14.9,15.5,9.1,14.1,13.3,11.5,9.1,11.5,15.8,6.6,9.3,6.2,4.4,4.2,7.2,15.2,5.1,4,2,3,7,9,0,7.5,7,4,0,6,0,3,0,5,0,4
1965-08-01,25.9,36.1,19,5.1,6,2.4,8.2,10,0,5,19.3,0,0,0,0,4.1,6,0,0,10,0,0,0,0,0,0,3,0,7,6.4,5,11.4,11.1,0,6,0,0,3.6,18.1,0,0,0,0,0,5.1,2.9,4.9,9,0,0,0,0,0,7.8,6.8,4,0,0,0,0,0,0,0,0,6.7,2.5,3,2,0,1,22.3,0,11.5,12.4,14.4,18.9,17.4,22.1,16.5,14,16,16.3,21.2,19.4,18.5,7.9,15,14.7,18.3,16,12.7,17,15.6,9.3,12.1,17.2,19,10.2,12.4,10.6,9.9,24.5,12.7,15,6.9,8.5,12.8,21.9,17.3,23.8,13.3,28.6,30.7,17.3,15.6,15.6,12.4,12.2,25.2,12.2,19.8,19.7,7,28,9,9.1,19,9.8,14.5,28.5,22.8,6.1,11.4,12.7,14.6,9.6,24.3,13,11.3,11.2,12,6.3,32.1,7.1,12.4,10.5,11.3,16,14.9,17.3,24.6,16.5,10.2,13.1,8.9,16.8,10.2,18,11.5,11.8,10,18,70.5,8,4,0,35,9.4,11,0,0,33,24.5,10.2,0,2,13.5,15,0,12.1,10.3,2,17.9,15,15.4,15.6,16.6,8,9.5,9.3,10.6,35,13.1,15.6,0,7.1,13.8,8.8,3,4.6,4.5,7.6,0,11,18,9,5.6,4.8,8,0,0,0,4,11,8,12,7,14,5.3,0,10,10.6,8,7,25,4,1,17,16,5,17.8,16.4,0,9.5,14.7,0,13,5.7,15,9,15,24,10,12.2,14.3,37,33,35,13,35,16,7.9,15,28,12.3,45,10.4,20,12.8,0,60,13,10.6,17.4,15.8,6.4,9.9,8.4,10.7,12.7,22,8,20.2,8,9.8,6.4,0,0,0,2,5.4,0,3.8,0,9,17.8,6.6,11.1,16.2,13.4,15.6,0,13.3,15.1,12.4,17.7,9.9,7.9,12,13.7,9.5,12.1,9.9,16,12.7,19.4,17,13.4,21.9,13.6,14.9,16.8,23.7,23.1,16.1,10.1,15,9.8,12.7,17,17.4,15,12.7,14.6,13.2,16.7,7.5,13.5,14.9,16,29.3,19.7,17.2,26.1,27.2,29,23.1,25.4,26.2,20.8,16.3,21.3,15.6,13.8,20.5,20.3,16.1,11.7,14.2,12.2,8.7,2.9,4.2,9.3,0,0,0,0,0,0,4.8,1,0,0,0,0,0,5,0,0,7
1965-09-01,4.9,8.8,8.4,5,0,1,17.7,0,0,5,10.3,0,10,0,0,4.5,3,0,7,0,0,10,0,10,7,0,1,0,4.4,10.8,0,16.4,19.8,0,0,2,8,8.2,18.6,0,5,6,7,4,8.5,7.8,7.9,16.2,0,0,0,0,0,12.2,7.5,0,0,0,0,0,10,10,0,4,1.4,2.9,0,2,9.6,10.3,25.2,6.7,3.6,6.9,12.8,18,20.2,20.8,14.3,17.3,12.1,11.5,16.3,15.7,11.1,10.7,14.4,15.4,12.6,10.7,13.1,13.1,12.7,10.4,11.1,16.9,12.8,8.2,11.4,10.6,11.5,20,11.4,11.1,6.1,7.3,11.2,16.8,15.9,14.9,14.3,23.7,28.4,11.3,10.2,15.9,10.8,10.5,25.1,11.8,14.7,26.4,5.9,24.9,9.8,10.3,10.8,10,12.4,29.7,24,8,8.7,10.3,8,10.9,21.6,11.3,10.1,8.6,3,6.9,32.6,7.2,9.9,9.7,9.3,13.8,12.1,15.8,20.8,13.9,9.1,18.7,8.8,16.4,9.2,13.7,8,11,9.4,16.8,25.8,13,17,7,48,17.6,36,7,37,50,28.5,19,10,0,51,96,7,15.8,21,73,13.3,20.8,37.5,38.5,22.5,53,17.5,16,14.8,10,12.5,19.9,0,14.1,28.6,8.2,10,16.6,6.5,6.4,9,12,34,16,12.6,7.8,6,20,5,0,5,5,12,6,19,1,9.4,30,10,13.8,5,0,12,67,5,9,9,18,14.8,24.3,0,10.6,30.1,20,0,11.8,17,3,36,32,40,20,18.7,48,24,13,32,10,35,12.2,21.1,62,15.3,6,22.5,25,11.7,39,11,17.9,21.6,17.8,26.5,15.1,9.9,19.2,19,16.7,53,53,29,21,17.1,17.9,5,5,10,2,16,3,9,6,15.7,30.9,11,15.7,32.9,17.8,24,45,21.5,20.5,18.7,25.3,20.2,19.7,24.6,21.6,11.6,18.6,10.9,18.6,16.1,22,21.6,16.4,21.1,23.2,20.5,23,30.8,27.7,20.1,16,18.3,14.4,11.4,18.5,19.9,16,18.4,20.3,17.5,19.5,14,20.7,14.7,21.6,37.9,30.5,20.8,33,25.4,35.2,18.9,31.7,29.8,19.6,21.8,19.4,17.5,15.3,19.2,21.5,21.3,15.1,22.3,24.9,15.8,0,0.4,4.6,7,6,5,0,9,0,9.6,5,0,0,0,0,4,0,0,0,1
1965-10-01,0,1.2,5.4,21.6,33,23.7,62.7,0,42,61,66.9,37,135,45,95,44.5,75,61,78,67,42,78,22,135,30,13,50,63,46,74.8,42,82.9,75.7,18,35,139,81,65.3,88.3,16,95,33,76,42,50.5,52.6,48.1,59.8,61,48,44,67,0,73.2,39.2,0,9,12,83,40,69,23,54,20,31.8,46.9,60,0,43.2,35.8,57.8,51.9,14.2,14.6,21.6,61.5,39.5,63.5,58.4,45.3,47.5,39.6,4.7,51,60.8,54.9,55,45.2,65.9,57.3,56.2,57.5,82.6,56.4,32.7,34.7,34,29.2,25.8,24.3,26.1,34.6,35.9,20.9,19.4,22.6,23.2,66.6,67.5,82.7,53.1,67.2,73.1,66.1,57.5,58.1,61.4,61,60.6,75.1,49.7,78.6,36.6,66.8,51,51.3,70,42.4,35.7,49.4,38.8,22.3,32.1,53.1,48.4,38,36.7,33.2,41.2,50.2,77,42.5,35.8,30.7,22.6,38,23.7,55,44.3,56,87.1,23.1,46.6,38.3,52.4,41.2,55.9,21,7.3,28.9,25.5,56.2,29.6,74,112,78,126,82.9,86,78,12,60,57.4,98.3,103,37,125.5,69,78,78.3,83.4,60,21,74.9,84.7,71.6,87.3,93,86.6,100.2,61.1,53,78.9,103.4,52,96.4,78.2,93,58,70.1,71,27.8,47,92,49,83,60.8,54.2,71,74,65,43,50,52,64,55,52,48,68.9,113,61,63,111,72,85,192,78,98,99,0,85.2,65.6,73,48.9,84.1,0,79,48.2,38,76,95,82,87,72.9,72.8,60,11,58,74,85,85,64.5,62.5,102,78.1,53,100.6,76,52.9,35,18,59.1,75.9,56.7,72.2,80.5,58,64.5,83.2,88.9,69,93,86,97,117.6,83.5,50,48,50,53,58.7,61,70.8,82,72.2,86.7,55.7,81.5,87.9,82.4,74.7,119,80.9,70.8,65.5,115.3,63.6,68.8,65.7,54.7,40,48.6,50.1,53.7,64.1,65.7,70.2,67.8,78.2,92,82.7,73.6,73.6,80.3,55.3,58.4,46.1,51,40.8,69.7,72,74.9,68.1,79.9,77,52.7,70.8,95.8,63.8,92.6,89.5,87.3,68.4,94.1,94.4,95.2,101.1,103.8,98.4,82.8,68.7,65.1,64.9,65.8,75.5,72.6,69.8,49.2,99.5,70.7,62.6,8,25.2,61.6,56,43,48,22,64,69,41.9,24,14,40,35,37,44,66,23,8,16
1965-11-01,65,89.8,132.3,37.9,250,41.2,93.9,20,40,40,125.1,12,175,20,22,68.1,107,17,210,92,23,39,9,316,41,25,35,28,58.2,148.5,45,133.1,149.7,126,0,105,171,130.9,69.3,36,173,105,225,135,72.5,71.7,81.2,121.6,63,92,124,60,61,130.5,68.2,148,42,26,162,76,44,80,105,144,49.8,105.6,24,27,63.5,48,70.8,86.6,90.4,106.2,35.8,83,63.8,86.1,83.3,65,109,63,141.6,82.8,74.6,76.6,84.7,78.6,90.2,86.9,79.9,101.8,109.6,75.6,52.6,55.2,85,45.5,36.4,31.4,35.8,49.8,40.7,37.1,36.2,29.9,39.1,88.9,112.2,109.7,70.7,102.3,93.3,104.4,94.5,84,85.3,90,84.7,107.3,97.1,89.5,74.4,85.3,71.2,64.4,65,47.8,45.2,51.1,57.4,37.9,40.2,71.3,60.4,49.9,55.1,70.9,65.1,70.8,78,62.1,60.4,47,38.1,77.8,53,83.6,61.8,86.8,100.6,44.2,58.3,63.7,78.8,90.2,59.8,23.5,7.5,50,45.2,72.9,81.2,63,92,174,45,95.8,60,174,65,44,62.1,115.6,129,145,35,159,174,75.1,83.9,66,74.5,162.7,71,95.8,102.3,66,119.5,96.2,47.2,17,79.5,149.7,173,112.1,130.6,210,187,143.3,165.5,57.2,54,153,84,77,88.5,79.2,143,82,45,60,28,55,107,59,80,43,70.3,93,110,78.3,41,58,139,155,41,28,154,84,89.5,66.8,82,65.2,92.7,78.5,51,51.6,97,112,78.1,53,84,90.4,93.1,40,23,52,67,75,86,67.1,73.4,117,105.7,66,104.5,95,72.8,25,66,65,92.4,69.9,93.1,94.7,61,87.4,86.7,97.8,146,66,104.3,70,115.6,110.5,94.6,103.2,108,70,106.6,40,141.2,201,110.7,98.3,73.7,85.4,141.1,105,93.2,92.3,125.6,81.3,106.7,114.7,75.8,74.5,80.2,92.2,68,65.2,70,67.6,76.1,72.8,82,87.2,85.1,86.2,83.6,92,108.7,108.1,65.5,86.9,72.4,81.6,49.3,116.6,82.8,83.2,78,100.2,85.5,73.8,95.9,113.7,76.3,123.9,105.6,115.5,80.6,101.5,104.3,93.2,108.6,106.5,107.2,81.3,75.8,71.1,71,67.5,73.2,80,69.4,56,84.9,80.9,76.1,103.5,63.5,121.9,153,0,164,0,174,203,98.5,86,48,76,45,48,226,183,111,100,175
1965-12-01,41,32,62.4,42.8,144,79.6,96.9,118,55,107,100.8,118,69,61,101,91.3,71,127,56,150,81,173,63,68,138,133,95,175,109.2,121.2,60,110.1,126.4,89,108,122,134,111.2,72,76,12,175,100,98,71.7,90.9,83.5,86,107,145,170,142,57,88.9,95,60,153,119,58,145,119,145,95,178,73.8,86.3,124,61,82.7,37.7,66.9,97.7,26.4,23.2,39.1,99.5,78.2,115.5,117.8,71.3,106,81.2,41.3,96.5,110.9,106.6,111.8,103.3,106.7,114.2,97.6,128.7,63,80.7,47.4,59.6,8,48,41.4,44.8,43.9,49.4,46.5,39,34.6,39.8,45.1,111.4,134.7,114.2,88.8,128.4,103.8,128,115.3,127.7,113.4,126.8,93.6,121.8,134.4,87.5,93.6,101,85.3,83.6,91,64.9,70,63.4,73.5,40,51.8,90.6,79.3,63.8,59.7,83.8,71.3,81.6,115,85.2,77.9,52.6,49.9,84.5,53.7,108.2,79.6,103.7,112.4,48.5,76.4,80.5,99.6,106.3,96.5,28.6,8.8,57.2,49,76,135.9,98,106,106,93,89.3,87,106,50,33,70.6,112.1,73,80,130.5,116,106,78.5,108.5,212,124.8,149.9,95.7,84.4,111.5,75,102,96.7,60.8,58,81.2,129.4,68,104.6,148,95,75,99.6,96.5,48.8,112,47,144,87,101.3,87.6,120,212,111,131,96,240,102,234,47,101,92.5,79,117,89.6,44,61,72,90,53,31,113,63,102.6,89.4,74,75.5,100.5,7,63,58.9,38,37,44,52,62,97.2,90,89,27,27,35,102,70,62.5,74.8,117,116,41,119.8,173,82.4,121,23,65,100.3,77.2,84.1,92.8,69.4,84.7,80.1,96,80,75,95,30,97.4,95.9,100,103,89,99,83.1,69,91.2,45,87.5,90.5,86.4,85.5,136.3,94.2,100.4,97,125.9,78.6,97.8,126,70.3,86.5,106.1,99.6,58.5,73.1,70.9,67.7,79.4,86.2,93.7,93.3,79.9,92.3,98.5,98.7,102.5,127.5,73.2,92.3,91.2,88.7,60.3,113.7,77.7,88.1,79.1,88.6,81.1,76.1,73.1,109,81.2,123.8,103.5,102.4,82.3,112.8,108.8,112.5,104.7,120.6,119.3,93.6,89.7,82,82.7,78.6,81.5,89.3,76.6,61.1,89.5,89.4,85.3,51.7,129.9,65.3,48,77,85,56,72,84,57,68,39,61,46,44,105,81,61,67,110
1966-01-01,56.7,65,131.4,123.3,199,107.8,170.6,137,137,134,173,108,115,107,54,159.3,168,140,371,137,132,150,96,219,151,78,134,266,118,164.4,48,173.1,197.6,164,15,132,164,186.6,118.3,125,197,175,313,207,114.4,159,134.1,164,108,143,212,154,189,183.8,178.3,75,28,182,100,136,228,200,144,170,131.4,142.3,85,117,136.1,197.8,149.7,152.9,101.8,101.5,121.7,219.3,121.5,186.6,198.2,179,274,161.7,156,179.2,160.3,173.9,181.1,156.3,201.2,186.4,187,212.9,143.8,163.8,113.8,109.1,83,136.1,87.3,90.3,110.5,110.1,119.4,101.8,82,84.9,87,207.3,213.7,225.5,177,213.4,179.3,288.8,213.3,192.9,244,237.1,172.1,213.1,240.7,192.8,143.6,166.7,156.6,147.1,77,140,157.2,140.9,116.2,96,115,157.7,162.1,125.7,124.6,117.7,159.4,160.4,147,190.3,152.6,120.1,113.6,185,128.9,202.2,166,217.3,231.9,132,162.1,143.6,196.8,126.4,165.1,45.4,36.4,128.1,108.6,145.3,271.2,170,58.5,136,172,130.5,78,136,174.5,195,126.4,136.6,158,86,149,116,136,152.5,156.8,38,159.6,179.1,166.2,153.3,164.3,256,139.8,145.4,141.9,194,137.6,147.4,48,130.3,153.1,190,146,113.4,138,62.4,105.4,238,84,229,176.7,121.8,81,162,220,199,260,154,162,145,132,199,158.8,173,187,180.2,106,117,288,79,106,90,145,154,217.7,196.4,151,158.9,218.9,161.2,208,139.1,184,129,167.9,98,122,137.4,187.8,74,145,165,113,190,124,163.9,169.4,82,165.8,218,223.4,187,164.2,167,213,135.2,136.1,169.8,180.2,148.8,131.2,146.7,146.5,168.4,128,257,155.1,115,132.7,122.2,123,119.1,128,131,105.8,117,106,42,95.3,147,147.7,129.8,131.5,129.6,164.1,143.2,177.1,160.6,147.1,132.7,154.3,155.2,171.9,152.1,108.7,143.1,115.5,116.1,114.1,172.2,146.3,155.4,161.8,156.4,130.4,140,161.2,162.1,163.3,153.2,199,143.1,110.6,192.5,100,158.7,165.6,148.4,144.5,120.4,112.6,131.4,179.1,141.1,165.3,130.1,131.2,247.3,261.7,248.7,231.9,292.5,252.6,192.4,183.9,169.3,167.9,141.2,174.9,196.4,171,140.3,145.2,165.9,141.9,84.6,103.2,72,10,112,37,83,64,49,64.6,52,41,31,46,52,74,52,54,102,128
1966-02-01,50.2,24.5,56.2,48.6,20,75.9,91.3,45,261,60,65.5,19,48,39,19,83.1,34,57,129,45,77,66,196,35,66,192,125,123,76.6,65,60,70.4,83.5,92,86,24,60,60.3,88.5,65,48,110,63,43,58.7,127,65.6,57.9,194,100,72,142,28,81.3,59.4,9,50,51,40,98,137,50,97,126,63.1,60.8,63,60,14.3,21.5,80.1,55.5,43.9,38.2,46.6,76.9,75.7,92.9,81.6,37,69,62.4,67.8,82.8,77.2,71.5,74.2,84.1,85.9,83.8,69.6,93.3,95.2,81.8,49.3,51.3,46,50.7,37.5,42.2,45.8,51.5,47.8,34,37.8,36.7,41.7,89.2,92.2,99.5,80.6,107.5,92.4,96.2,80.7,74.6,77.7,88.9,85.2,101.3,89,86.9,64.5,78.9,63.1,64.8,63,51,63.1,60.9,62.3,41.6,51.1,85.6,67.9,55.7,54.6,61.5,66.6,72.2,40,65,51.8,55.5,44.8,68.9,55.5,85.8,64.6,75.6,84.8,43.7,70.3,65.9,89.7,87.7,58.9,17.1,9.2,58.2,49,54.4,186.5,69,72,19,62,68.4,62,19,85.9,201,81.8,71.2,82,61,99.5,95,19,75.5,88.4,22,78.7,116.1,96.8,87.7,93.9,78,73.5,86.9,98.1,114,64,88.5,28,67.4,85.7,58,46,54.4,43,56.4,134,20,64,100,99.7,87.6,92,152,57,92,25,165,59,147,91,61,98.2,115,222,93.2,97,132,242,122,69,73,119,30,124.8,116.9,73,95.2,106.3,77.8,110,64.9,35,120,90.2,48,93,68,98.7,33,56,118,236,132,176,73.7,86.2,88,90.3,62,125.4,85,98.9,48,55,67.5,78,82.8,91.3,81.1,72.5,74.6,73,89.5,68,78,81.5,54,72.1,63.5,48.7,65.3,92,14,53.8,46,46.2,71,46,85.4,102.7,55.2,79.7,74,86.7,87.1,82.7,87.2,103.2,85.5,78,84.5,91.2,94.6,58.2,68.2,71.9,56.9,64.7,91.1,112.4,77.3,88.4,102.4,83.1,88,87.9,88.7,70.8,87.6,63.7,83.9,56.9,126.8,60,78.1,77.3,78.5,82,77.5,48.7,75.8,72.5,87.1,92.6,84.2,66.4,128.6,140.5,136,132.5,153.9,144.8,114.9,117.5,109.4,109.1,91,94.8,131.3,107,77.2,76.4,91.9,65.7,35,31,30.2,7,15,17,55,39,32,25.4,14,26,34,17,33,7,20,22,0,40
1966-03-01,74.4,15,55.6,48.6,99,29.3,120.9,47,83,49,104.2,33,65,55,61,74.5,82,56,79,107,35,9,130,103,66,46,43,75,58.3,87.6,55,91.8,126.2,60,72,15,65,88.3,86.2,25,175,73,124,52,71.8,30,87.2,98.9,167,45,37,10,68,99,63.1,82,80,63,64,125,11,69,37,54,50.6,76.7,21,70,213.3,155.4,86.7,41.7,41.3,39.7,52,71.7,70.2,84.7,81.6,72.4,87,67.2,85.7,101.7,76.5,76.5,78.1,93,92.8,85.3,64.2,89.4,83.1,86.3,46.4,58.6,76,65.7,33.8,39.9,55.3,54.7,39.2,43.6,46.6,47.6,48.4,87.9,93.8,98.2,88.8,104.6,91.8,90.9,80.7,80.3,86.6,84,99.2,109.3,83.7,83.6,84.9,71.6,52.9,77.5,84.5,53,57.2,59.1,69.4,48,42.2,88.7,70.9,70.7,57.1,63.1,57.3,74.1,122,64.5,72.8,64.6,51.3,117.3,64.5,100.6,75.2,102.7,105.1,65.7,77.1,75.3,89.9,110,59.8,35,12.6,58.9,52.2,70.8,138.5,85,142,154,107,140,97,154,141.6,36,86.5,159.5,196,207,181,126,154,112.7,153.7,88,43,170.2,79,83.3,136.4,114,168.2,137.8,92.8,64,115.4,183.9,222,157.2,186.2,229,289,206,192.5,80.2,136,172,59,123,115.6,87.8,132,126,116,90,62,100,126,105,100,43,107.7,125,81,107,117,132,148,79,110,74,115,148,142.7,150.7,114,119.1,150.7,133.8,99,74.8,83,53,102,60,70,105.8,134.7,10,51,47,86,58,111,95.4,128.6,33,190.6,95,42,137,118.4,40,52,93.2,158.5,102.5,99.5,143.6,78.4,147,117.4,105.9,116,114,132.2,125,168.4,170,171.2,153.5,240,295,144.6,215,186.8,177,165.6,129.5,105.9,128.7,220.5,143.9,151.2,138.8,188.5,115.4,143.4,152.4,125.3,135.2,156.2,114.1,79,109.1,104.5,96.4,95.7,127.8,124.3,124.4,127.8,124.8,151.9,126.1,125,158.6,91.6,143.6,129,124.9,86.4,186.7,100.8,132.6,108.7,139.5,108,89.7,119.9,147.9,108.9,136.2,147.4,131.8,119.3,158,138.8,149.5,119.9,135.1,138.8,114.7,110.6,102,99.7,97.4,104.9,101.9,104.6,75.9,144.9,131.4,119,44.5,40.9,149.5,195,130,106,151,143,0,112.7,69,85,82,64,73,98,152,57,51,48
1966-04-01,18.3,21,18.3,23.5,42,50.7,87.6,84,12,46,63,102,61,88,13,35.4,13,42,54,16,105,38,24,78,53,15,35,55,42.8,74.5,0,71.1,88.8,34,56,9,82,68.1,82.9,90,12,36,68,67,54.8,53,49.4,61.3,11,60,57,60,43,70.9,38.3,64,0,29,24,230,61,38,25,66,23.3,48.9,35,53,93.5,93.6,55.6,145.6,21.8,24.2,18.6,55,31.4,47.2,43.6,66,93.5,35.1,30,45.1,41.5,48,40.6,40.8,49.9,48.5,33,45,47.1,39.2,24.6,32.7,14,26.7,19,20.7,22.1,29.1,29.3,26.5,15.8,16.1,27.8,54.1,46.2,62.4,39.3,51.7,57.3,52.9,49,42.7,44.5,52.9,52.4,48.3,50.2,65,31.7,58.1,38.2,39.8,33,32.6,28.8,49.9,47.5,25.3,30.7,44.8,36.5,37.6,34.9,34.3,33.1,44.3,16,38.7,47.3,26.7,25.5,32.4,17.7,40.9,33.1,55.5,64.8,25.2,39.5,38.9,43.6,42.7,40.3,19.2,7.6,27.4,26.3,50.3,132.1,97,89,153,118,104.5,110,153,75.5,62,55.3,104,129,135,152,147,153,101.8,99.3,92,41,102.1,126.9,109.1,98.9,192,119,110.9,45.9,38,95.7,158,143,116.3,102.1,153,155,133.7,261.5,26.1,52,56,22,44,69.7,59,49,8,54,52,35,98,59,84,133,31,60.8,73,81,70.6,24,28,104,33,41,82,98,106,92.9,67,31,45.2,97.6,67.2,59,53.6,45,22,39,165,128,94.2,82.7,28,34,16,158,50,134,86.4,72,23,96.6,0,107.9,81,66,148,37,71.5,92.5,69.6,91.6,102.3,61.8,91.8,98.4,105.7,163,192,104.4,127,113.1,118.6,124.3,118.6,143,98,120.4,191,144,191,141.3,99.8,57.8,98.1,103.5,101,82.5,91,111.1,74,93.4,121.9,80.4,75.6,82.7,82.7,61.7,69.7,59.3,66.3,71.4,64.8,66.7,80.3,84.8,105.2,78.6,80.3,87.2,106.7,61,75.4,54.9,62.6,37,80.1,75.5,96.6,82,103.2,98.4,70.9,95.5,99.5,62.7,102.2,94.9,107.8,76.9,109.1,97.7,91.8,103.4,101.4,106.5,85.2,64.9,57,61.7,63.1,71.4,72.2,66.8,51.8,101.3,92.7,85.7,58.7,103.6,148.2,204,216,240,159,236,165,109.3,117,179,132,116,117,149,113,116,71,98
1966-05-01,8,9,21.7,3.1,0,7.8,10.5,37,7,0,18.3,0,39,5,0,6.4,11,0,32,3,8,13,5,9,0,4,7,5,5.6,18.6,0,22.9,14.1,11,0,0,81,15.9,20.3,0,30,14,0,19,8.4,11,6.2,13.4,0,18,8,54,0,18.1,13.8,9,0,0,16,49,16,7,5,11,1.2,20.4,4,0,0,6,21,0,13.9,21,16.3,17.8,16.3,21.9,16,20,9,18,34,18.8,15,11.6,12.6,15.4,13.7,11.2,15,14.2,15.4,10.2,9.5,16.2,10.4,12.6,12.9,10.3,9.5,22.9,13.1,10.8,4.8,8.2,11.5,18.9,17.6,19.2,11.9,22.6,33,17,14.8,11.8,16.3,13.5,22.2,12.8,14.8,22.7,6.4,25.3,10.9,8.1,9.9,12,13,20.7,15.6,7.7,11.1,12.6,16.5,7.4,20,14.1,14.8,13.8,2,7.8,33.2,11.7,10.2,9,6.7,14.5,8.3,19.3,31,10.9,11.3,18.1,10.3,16.3,10.4,17,10.2,10.9,11,18.6,7,8,0,8,0,3.7,5,8,4.5,3,38.8,9.1,0,3,13.5,0,8,5.8,7.7,57,7.4,19.3,5.4,5.2,15,2,11.2,7,7,19,7.9,15.1,37,3.9,12.1,6,0,5.8,2.5,5.8,6,15,18,0,7.3,6.1,4,14,17,17,5,18,5,17,7,25,7.2,6,15,11.7,36,14,21,29,9,44,0,6,17.7,17.6,9,11.7,10.3,7,3,4.6,7,30,23,2,0,9.6,11.3,0,5,8,2,29,6,5.5,9.7,9,11.7,27,12.3,0,6.2,0,4,4.7,11.3,10,7,4.5,4.8,8.4,6.8,8.1,6,1,12.6,0,6.4,6.5,4.7,4.5,10,10,7.5,4,10.7,2,11.9,12.1,8.4,10.3,16.1,12.3,12.5,6.3,17.1,10.7,12.9,13.7,3.1,8.2,10.7,11.9,8.7,11.5,7,15.5,14.3,15.2,14.5,8.3,14.7,13.5,11,12.8,17.9,16.8,11.3,10,13.5,10.7,10.7,11.5,17.4,10.3,10.9,14.6,12.9,12.2,9.6,11.8,14.8,14.2,14.2,18.9,12.9,18.5,17.4,16.2,11.1,18.1,16,11.3,13.3,14.2,12.1,16.5,14.6,21.2,14.8,9.9,10.5,10.2,7.6,0,7.1,12.5,0,0,8,14,10,0,13.3,27,40,57,0,37,65,38,11,32,14
1966-06-01,0,0,0,3,6,0.1,9.9,12,0,0,16.2,0,0,0,0,5,2,0,9,0,0,0,0,0,0,0,0,0,6.5,10.1,0,13.1,7.8,0,0,0,7,7,14.1,0,0,0,0,4,6.3,0,3.6,17.8,0,0,0,0,0,8.7,4.2,0,0,0,0,0,0,0,0,0,2.2,1.6,0,0,0,0,23.3,0.3,0.6,0,12.5,15.4,17.4,19.3,10.9,12.8,12.5,15.5,10.1,19.9,14,7.8,12.2,19.1,14.1,8.1,10.9,16.3,9.9,5.7,8.6,13.4,10.9,6,10.6,11.9,7.7,20.1,8.1,10.1,4.5,7,10.6,18.5,17.3,16.6,9.9,19.9,20.8,13.2,9,13.2,9.3,8.9,24.3,7.6,16.5,18.9,5.5,26.9,7.6,6.3,9.6,9.8,13.7,31.5,16.9,8.7,6.2,9.6,9.7,10.1,21.3,13.3,11.3,10.2,9.4,5.7,34.1,6.4,8.4,7.1,10.5,9.7,10.1,13.2,27.5,10,6,20.6,8.4,13.9,14.6,18.6,13.7,8.8,7,11.1,1.2,26,0,0,0,5,0,0,9.6,0,26.9,8.6,0,0,2,0,0,4.6,7.4,12,7.8,35,7.2,5.6,15.5,1,5.6,6.5,9.8,0,9.5,14.7,11,2.8,16.7,5.4,0,7.8,0,4.1,15,10,14,26,3,3.4,15,9,0,12,3,12,29,14,3,5,5,0,17,4.1,14,33,25,6,19,0,15,22,10.2,6.5,0,7.4,11.9,7.6,0,5.5,2,0,5.9,1,0,6,8.4,12,0,0,0,0,4,2.3,7,0,7.6,0,7.2,0,6.3,0,0,4,12.7,4.4,4.2,5.3,3.2,6.1,4.4,5.4,4,0,10.3,0,7.2,3.5,3.7,4.2,6.8,0,4.3,0,5.2,0,16.1,16,6.9,12.4,24.2,10.5,16.6,5.9,14.7,11.5,14.8,16.7,3.4,7.6,12.5,10.9,8.8,13.4,10.3,16.6,10.7,15.4,14.4,8.8,12,11.5,13.6,11.8,17.9,23,16.7,9.7,15.9,10.5,10.7,13.2,19,9.9,11.9,11.8,10.7,13.2,11.2,11.7,13,15.3,16.5,20.1,14.7,16.2,23.7,10.6,13.8,16.6,18,9.8,13,13.1,12.5,8.3,8.4,16.6,10.8,7.7,7.7,6.5,5.4,3.4,16.3,9.7,0,15,7,9,19,7,12.6,12,2,0,0,0,0,10,2,0,8
1966-07-01,8.7,13.5,0,4.3,0,0.1,11.5,11,0,0,13.9,0,0,0,0,1.2,2,0,5,0,0,0,0,0,0,0,1,0,4.5,10.2,0,9,10.4,0,0,0,5,9.7,9.5,0,0,0,0,4,3.3,0,1.5,10.9,0,15,0,6,0,7.5,6.9,0,0,0,0,0,0,0,0,0,6.3,5.7,0,0,0,7,25.8,21,0.6,0.5,12.9,17.9,14.3,22,12.9,12,10.2,20.1,8.8,17.9,15.6,12.2,12.3,15.4,15.6,8.9,12.3,15.6,11,6.2,8,16,12,5.7,11.2,6.5,8.4,18.3,9.4,8.1,4.3,6.5,8.8,15.6,21,18.5,9.3,22.1,24.6,16.1,11,17.1,10.3,8,21.6,10.1,18.7,15.6,5.7,23.9,10.7,5.7,10.1,10.1,14.4,41,16.6,5.2,5,11.1,7.9,10.4,22.2,18.6,12.2,6.8,9.9,4.6,34.1,4.3,7,5.8,12.8,8.8,9.8,15.4,32.3,9.6,4.3,14.6,6.1,11.3,9.7,18.8,13.1,10.2,7.9,15.4,0,0,11,30,7,6.9,11.3,30,2.1,0,7,12.1,21,5,0,11,30,9.8,4.9,4,9.6,3,1,0.8,15.9,4,13.8,9.5,7.2,0,11.2,15.4,31,7.3,10.6,30,28,22.7,17,2.9,1,3.3,7,0,0,3.2,1,0,0,0,3,0,0,2,1,0,2.1,13,0,1.5,0,0,0,0,0,0,0,6.2,10.9,5.7,0,4.2,7.7,5.1,0,5.5,0,0,3.8,0,0,4.7,6.2,0,0,5,0,0,0,1.6,2.9,0,9.1,4,0,0,3.3,0,1,2,8.7,6,14,3.6,4.7,5,8.4,6,1,3,16.6,18,12.2,10.6,10.7,15,15.3,0,18.3,17.2,18.5,12,25.2,16.7,7.9,14.8,21.2,13.8,17.7,3.9,13.8,12.3,13.8,17.5,1.9,2.4,8.2,10.8,11.2,14.2,13.9,14.9,13.1,14.6,11.9,9.6,17.1,15.4,11.3,14.8,16.3,14.4,14.7,8.9,15.1,10.8,9.9,6.7,15.6,12,10.4,13,10.9,13.5,14.9,12.1,15.8,15.1,20.5,20.2,15.9,17.7,16.2,9.7,7.8,16.8,13.2,9.9,13.9,10.4,9.2,7,9.1,16.6,7.8,5.6,7.3,3.2,5.7,19.4,69.1,23.5,47,28,13,35,26,23,26,31,26,35,30,33,37,39,24,52,54
1966-08-01,0.3,1,0,1.4,0,0,10.4,4,0,0,19.8,0,0,0,0,2.2,0,0,0,0,0,0,0,0,0,0,0,0,11.3,5.3,0,10.3,10.9,0,0,0,0,3.3,10.3,0,0,0,0,0,2.9,0,4.3,5.7,0,0,0,0,0,5.4,8.6,0,60,0,0,0,0,0,0,0,2.6,5.5,0,0,3.1,6.6,20.1,3.2,0,0,11,19,18.2,23.4,12.1,23.6,8.2,18.9,13,18.6,20.2,8.1,11.1,14.3,16.3,9.8,15.4,10.8,13.6,4.3,7.4,19.4,13.4,6.7,11.9,11.7,7,25,8.8,15.3,4.1,8.3,17.1,20.2,19.1,19.5,12,24.8,18.1,13.3,12.2,12.6,7.9,14.7,23.9,10.3,21.9,17.8,5,31.2,8.7,7.2,6.5,13.5,17.5,40,15.6,7.3,6.8,16.8,12.9,10.8,24.2,12.9,10.3,14.6,11.2,10,34,3.7,10.9,8.6,11.6,9.9,14.4,15,30.9,11.8,9.8,19.4,9.3,18.7,12.2,21,16.9,9.6,8.4,13.9,0,0,4,0,0,9,1,0,1.4,0,6.4,5.2,1,1,0,7,0,4,2.2,36,6.7,0,0,0,11.2,3,14.6,2.4,6.2,0,12.9,16.8,0,2.7,9.7,2,0,5.7,0,7.5,0,7.9,15,0,0,3.5,0,0,0,0,1,0,0,0,0,0,3.1,9,0,0.6,0,0,0,0,0,0,0,3.5,5.8,3.7,0,3.8,5.5,4.2,0,3,0,0,8,0,0,4.1,3.9,0,0,0,0,0,0,8.3,0.8,0,9.2,0,5.2,0,2.1,0,0,0.6,8.3,2.9,7,1.9,3.6,4.3,4.3,6.5,3,2,8.8,15.4,2.2,1.4,0.5,4.3,4.9,0,3.5,3.6,2.5,0,11.5,11.9,6.8,9.5,14,9.4,13.7,1.9,12.3,13.8,11.2,12.8,3.6,3.7,5.4,10.5,8.3,10.5,11.2,11.4,9.3,15.9,10.1,6.4,13.3,11,10.4,11.3,13.8,16.1,15.6,8,19.7,7,9.7,11.7,18.2,9.7,7.9,15,8.7,10.6,8.3,11.2,13.7,13.3,18.5,16.5,15.4,17.9,20.3,9.1,10.7,13.5,16.7,6.3,10.8,17.7,8.5,5.8,11,13.9,8,7.8,6.1,4.6,5.8,4.9,5.3,9.1,0,0,0,0,0,0,3.7,1,0,5,5,0,4,0,4,0,6
1966-09-01,11.1,0,0,2.5,28,1.1,3.7,0,0,0,27.1,5,28,14,0,5.5,35,0,32,2,10,30,0,27,12,1,2,0,10.4,24,0,26.5,18.6,35,0,0,45,17.2,19.5,10,30,32,51,40,5.3,0,8.6,16.6,0,37,43,54,0,22.3,19.6,29,64,0,31,2,30,40,32,24,5.3,29.2,0,0,0.3,0,21,5.1,1.5,0,11.6,16.8,20.2,23.7,15.7,17.7,9,18.9,8,16.3,17.1,11.2,13.6,14.1,18.9,14.8,14.9,18.6,18.3,10.9,8.3,18.9,10.1,10.5,12.6,10.5,6.6,23.1,10.7,14.9,6.5,7.2,14.4,22.8,19.1,20.4,10.8,28.7,29.4,15.7,15.6,21.7,16.1,14.5,26.7,10.4,22.2,22.7,7.1,30.3,9.4,9.6,8.8,17.2,15.4,19.6,15.9,7.7,14.6,14.1,18.6,10,20.1,15.4,13.2,16.7,12.3,9.6,32.8,9.5,9.1,11.1,9.3,14.4,12.9,19,29.2,12.2,14.4,19.9,17.3,17.4,11.8,18.1,13.6,10.7,9,15,10.4,0,3,0,3,1.7,3.7,0,1.5,0,9,7.2,0,1,0,0,0,5.6,5.3,23,8.9,0,0,0,11.7,13,13.2,2.3,5,2.2,9.7,13.9,0,3.3,12.6,7.4,0,4,0,8.8,0,9.2,25,0,2,5.3,0,0,0,0,0,0,0,0,0,0,5,7.9,2,2.2,0,0,3,30,0,0,0,4.2,4.8,5.1,0,6.6,5.7,2.6,0,6.3,15,0,5.5,0,0,3.4,8.7,39,0,0,0,0,0,2.5,3.4,48,13.5,2,6.6,5,3.4,0,3,1.6,3.4,4.4,30,3,4.7,5.8,5.2,4.2,9,13,11.4,15.4,3.7,4.6,2.3,3.3,5.7,0,4,2.5,4.5,0,11.7,12.4,3.8,6.4,16.6,10.2,11.4,5.7,11.5,9.8,9.6,13.3,0.5,2.7,10.6,9.9,4.5,10.4,9.6,13,10.6,13.1,14,5.9,11.2,11.4,10.3,9.1,13.8,14,10.4,8.8,18.4,8.8,7.7,11.7,12.9,8.7,7.7,14,8.7,12.3,7,9.8,12.8,10.1,15.1,16.5,11.5,11.8,18.5,16.3,7.8,12.7,13.4,6,10.9,13.6,6.4,6.2,15.2,11.2,9.9,4.5,4.5,3.9,6.7,12.4,15,2.4,0,0,0,1,0,0,3.1,0,0,3,6,0,0,0,0,2,3
1966-10-01,5,0,0,7.4,8,16.5,13.3,50,11,4,23.7,0,47,0,16,11.1,30,7,35,6,33,25,5,18,15,4,13,17,15.8,24.6,20,34.2,29.4,17,7,8,10,23.7,22.2,5,18,17,68,42,15.1,0,15.7,18.7,20,15,13,12,0,24.1,15.7,56,0,12,44,29,4,15,14,50,6,10.8,58,17,17.4,25.7,27.1,10.2,0,0.9,14.6,20.9,22.7,20.1,17.5,15,11.5,16.8,15.5,18.1,13.6,12.3,18.9,19,18,13.1,15.3,19,17.2,14.1,10.3,16.1,11.2,8.3,14.1,8.2,12.1,17.6,12.2,9,6.8,6.4,12.1,21.7,18.6,18,12.9,33.5,39.9,17.2,15.9,16.5,16.8,13,23.5,12.4,19.5,28.8,8.5,25.7,15.1,11.9,12.4,11.5,11.6,24.3,15.6,8.4,17,11.4,12.3,10,20,12.7,13.9,11.5,4,10.5,33.9,9.7,10,12.1,9.4,17.9,9.1,20.7,26.4,12.1,12.5,13.6,11.2,15.1,10.2,12.9,8.7,12.4,8.4,13.8,27.7,18,20,11,35,16.6,17,11,23.4,19,21.6,21.5,8,17,50,16,11,12.4,21,122,15.9,23.1,35.3,23.2,19.9,0,14.3,12.2,12.6,15,13.1,16.7,27,17.4,30.5,3,4,13.1,4.5,7.5,13,17.1,50,12,15,11.8,17,15,54,20,6,16,23,17,23,0,10.2,23,43,14.1,21,4,16,1,20,5,21,26.7,16.3,19.1,12,11.7,29.3,20.3,22,9.9,16,15,19.6,24,19,18.7,17.8,24,4,5,16,13,26,9.1,15.8,162,20.3,10,17,29,14.7,26,17,16.5,19.8,15.9,126,15.8,8.2,17.7,15.6,17.5,23,0,22.3,18,28.7,19.9,14.5,10.5,49,5,14.2,11.2,13,33,12.6,25.6,14.9,12,31.2,12.1,20.8,24.8,32.6,19.2,20.5,29.9,18.9,18.2,21.7,20.8,10.9,19.9,16.4,18.7,16.4,19.4,23.6,16.9,19.2,20.6,22.1,16.6,29.1,27.9,18,16.7,18.3,21.4,13.8,19.4,25,12.8,16,13.7,15.3,16.7,18.4,18.1,19.1,20.7,29.3,34.4,19.5,28.1,21.7,23.1,17.1,26.5,22.7,17.3,20.3,19.2,16,13.8,18.9,20.9,19.7,11.4,20.3,25,17.4,12.5,16,8.6,9,7,13,11,17,0,11.8,16,0,18,7,4,31,20,7,7,8
1966-11-01,45.5,48.2,113,84.4,24,109.1,115.6,38,86,65,71.3,36,42,37,38,93,73,70,38,70,36,81,79,57,72,117,116,128,84,81.6,105,84,95.6,139,68,45,87,99.8,99.7,33,31,149,91,61,75,65,61.6,86.1,30,188,152,182,108,64.5,84.2,42,0,11,17,35,67,158,94,124,81.1,66.8,111,88,139.2,143.2,97,162.3,101.5,83.8,93.4,106.3,85.4,100.8,100.9,89.2,156.5,100.8,128.7,117.8,102,110.1,95.2,98,92.5,109.4,86,119,89.2,107.8,62.9,75.9,96,92.7,53,48.6,90.2,73.4,48.9,50.6,63.8,64,77.2,116.3,123.8,120.1,122.7,132.9,108.9,124.7,108.1,123,113.8,111.6,112.9,129.7,115.8,122.9,114.3,98.3,77.9,105.6,78,70.2,82.5,80,88.1,60.4,77.3,100.8,84.1,110.6,90.4,68.3,67.7,89.8,65,88.1,115.4,89.7,60.6,135.2,77.1,142.8,108.4,131.2,134,73,97.1,92.4,118.7,95.8,92.1,33.4,14.8,73.4,70.5,117.7,163.5,127,238,297,167,150.5,167,297,169,98,104.3,181.6,194,167,156.5,201,297,163.1,152.5,52,97.3,95.2,224.9,213.3,147.2,277,174.7,158.7,129.7,70,154,182.8,247,166.2,147.4,315,210,209.6,250,70.7,58,79.3,50,62,35,79.2,59,103,62,103,117,78,115,93,91,102,112.7,105,176,134.5,102,97,173,93,86,83,188,132.9,190.9,159.3,135,145.9,203.1,137,139,114,227,146,152.5,176,256,113.4,150.6,100,110,78,131,91,139,139.7,157.3,52,167.9,135,191.4,191,145.7,97,86,116.7,152.9,123.5,77,150.2,106.9,150.3,161.7,152.6,215,276,172.1,286,168.4,156.9,155.5,163.9,138,177,175.3,164.8,205.3,222,171.9,142.8,100,144.5,199.2,157.9,142.3,135.2,137.2,149,126.4,155.2,143.2,131.7,151.6,111,78.2,119.4,110.2,103.7,96.6,134.6,120.9,140.6,139.2,154.7,139.2,144.8,126.2,156,115.7,158.6,122.7,122.3,89.1,169.4,112.1,167.4,147.7,179,146.1,93.3,127.7,163.5,148.7,130.8,170,128.7,139.9,212.9,211.5,200.5,197,212.5,189.2,188.2,164.4,158.7,127.8,130.8,147.4,151.2,148.2,102.2,147.3,155,141.1,127.9,114.4,170.7,204,197,214,178,133,194,142.8,122,94,151,140,126,115,197,132,134,114
1966-12-01,55.7,64,58.1,40.1,157,36.6,122.9,75,87,27,116.4,54,167,25,76,51,117,32,130,86,14,25,71,146,20,59,40,7,44.6,100.7,84,127.3,136.9,120,96,59,134,86.8,75.7,135,77,22,57,47,68.5,9,81.2,104.4,49,36,18,46,33,103.9,49.8,79,57,22,133,83,43,24,30,52,35.7,94.7,41,17,187.3,191.7,70,44.7,32.7,25.2,27.1,70.7,48.6,54.9,65.3,56.1,36,41.6,42.7,63.5,69.2,60.1,58.1,58.6,79.5,59.8,56.8,66.8,65.2,55.5,41.2,43,18,33.1,28.3,25.6,33.6,47.3,35.2,28.4,25.4,27.9,35.6,66,73.6,95,52.8,63,75.3,63.9,71.8,57.9,63,62.7,75.2,73.7,64.9,68.9,48.1,69.2,47.1,53.8,43,41.2,36.6,50.4,59.2,32.1,44.9,67.4,56.3,50,49.4,32.4,45.6,66.8,55,46.1,53.5,34.3,29.7,49.8,27,78.3,47.6,59.2,88.5,29.6,49.5,43.6,50.1,51.4,49.9,28.4,6.9,35.4,31.7,52.6,0,76,110,49,86,114.7,85,49,107.9,86,69.4,125.9,193,244,62.5,182,49,103.8,114.5,49,88,140.8,99.3,114.6,112.7,94,136.4,105.7,76.7,66,101.4,154.1,84,125.8,134.6,181,243,150.1,173,50.9,90,106.9,20,173,184,96.5,116,132,178,126,112,125,138,158,97,85,85.6,60,109,108.9,88,73,99,183,85,55,94,116.7,115,111.7,28,94,126.5,108,43,69.5,127,73,114.9,86,122,100.8,112.3,37,62,97,83,62,91,89.8,106.5,89,131.7,76,125.4,149,102,120,75,88.9,107.2,97.4,87,122.1,80.6,110.3,123.3,111.4,161,94,115.5,108,134,126.8,143,111.9,10,166,105.7,99.8,111.5,84,110.8,112.7,100.3,110,158.8,103.8,120.3,117.7,133.4,96.8,127,147.3,108.6,121.6,113.2,110.1,72.5,96.3,84,73.2,79.6,95.3,100.8,103.5,104.1,110.2,123.2,101.5,112.3,127.4,85.8,92.8,103.2,98.8,76.7,146.7,79.8,113.9,103.2,115.9,102,90.5,96.9,129.1,75.3,119.7,119.5,123.8,95.9,124.7,132.6,125.5,131.6,132.7,128.6,99.2,105.1,91.9,92.1,80.9,100.3,106.7,99.8,69.5,97.3,116,96.2,53.8,58.6,65.1,30,19,25,51,30,68,71.2,52,29,76,148,87,59,72,12,21,65
1967-01-01,20.7,41,41.5,36.5,88,100.5,54.5,34,82,81,56.7,0,82,14,60,61.3,64,96,39,71,11,45,5,98,59,47,63,98,59.3,66.2,20,65.4,76.7,80,113,33,70,56.5,75.8,23,65,55,55,42,47,141,41.8,50.2,132,35,23,45,11,68.3,47.8,30,17,39,28,72,45,119,56,37,41.8,45.1,28,31,49.6,45.7,51.1,79.2,112.4,114.8,37.5,74.5,62.5,81.4,67.1,87.2,97.5,59.2,74.7,57.4,77.3,65.2,68.4,58,78.3,78.4,58.7,93.1,82.1,80.8,47.6,44.7,117,44.3,37.5,41.7,40.3,39.8,51,33.4,32.3,31.7,34.8,93.3,77.7,100.2,69.4,84.6,90.8,88.3,67.9,71.1,77.6,77.2,78.7,93.5,66.2,94.5,49.2,76.2,60.2,68.7,53,53.8,46.3,55.3,45.4,29.1,45.9,59.1,57.1,40.8,48.7,50.2,48.8,64.7,79,43.8,45.9,47.9,38.6,56.8,45.5,76.6,55.8,82.7,87,43.7,66.9,60.4,85.3,86.6,51.7,21.3,13.3,50.2,40,72.8,111.6,90,39,96,84,75.6,85.4,96,72,81,50,91.7,112,9,80,154,96,167,71.1,70,71.9,28.7,92.8,76.5,82,141,84.7,99.3,47.3,53,70.5,98.6,18,81.6,83.2,39,52,61.3,65.5,53.6,84,42.1,75,27,25,38.1,12,16,29,25,25,15,35,13,22,25,56.5,106,93,42.8,19,5,37,157,17,15,27,45.4,72.1,46.3,41,36,65,45,30,50.8,11,46,58.8,55,84,58.8,65.7,165,24,49,72,59,84,57.2,74.1,133,74.4,130,108,103,49.8,101,43,47.3,68.3,61.5,107,72.9,51.5,58.3,69.6,85.9,118,142,81.2,106.4,86.1,108,63.4,69.6,77.6,108,65.5,63.2,66.6,26,63.9,76,40.9,68.5,81.3,82.7,63.2,32,64.4,63.4,42.9,95.9,72,58.5,62.4,53.7,38.4,45.3,49.3,45.5,55.7,56.5,66.1,63.9,63.7,85,77.6,60.1,76.9,67.7,44.2,45,41,52.8,42.3,52.4,61.4,76.2,68.8,75.3,75.3,54.3,68.8,76.3,63.4,73,80.6,74,66.5,91.7,94.2,108.4,90.9,97.5,111.1,80.6,58.1,55.4,50.4,43.4,51.2,54.3,53.4,41.1,83,69.4,66.9,42.6,26.2,48.4,63,59,56,61,81,44,39.1,0,23,103,93,29,17,14,78,14,49
1967-02-01,21.2,85,85,47.6,86,140.5,85.7,99,53,97,98,117,89,174,121,81.1,168,74,132,65,81,92,52,115,100,30,116,60,103.7,110.4,120,108.8,106.7,65,97,75,105,116,82.5,136,147,41,63,62,71.4,87,83,92.8,107,165,29,181,100,107.1,65.2,127,98,81,120,80,30,73,81,99,61.1,108.2,146,137,58.5,57.8,81.4,63.6,112,96.6,48.2,83.2,78.4,91.8,79.2,68.3,93,71.1,80.9,79.7,90.5,86,88.7,83.4,80.6,88.7,90.8,101.9,88.7,86.7,59.9,53.4,39.9,63.1,43.3,54.3,53.2,55.3,55.8,37.6,49.1,44.4,43.3,98.7,106.7,121.3,93.3,119.8,100.5,111.8,94.3,86.9,84.3,92.8,97.5,107.7,113.6,91.6,82.6,94.6,73.3,82.5,84,67,67.8,70.8,63.5,52.7,58,94.7,78.3,65.9,63.6,70.4,67.3,82.6,70,78.9,76.9,58.6,55.8,84.1,52.4,102.6,71.8,74.7,86.6,56.5,78,72.4,85.8,87.7,78,16.6,10.7,73.6,58.5,63.6,135.5,103,63,32,43,57.1,53.3,32,86,103,66.9,67.8,65,73,138.5,49,32,93,82.5,64,74.5,135.5,126,152.4,82.3,116,63,73.5,90.2,102,58.3,63.2,49,49.3,77.8,32,19,45.1,47.5,53.4,146,85.2,55,122,53,92.6,103,134,117,100,95,87,73,46,90,66,94.1,82,78,82.5,81,73,125,48,95,60,125,65.7,120.4,92.9,104,90.4,106.4,71.5,74,62.9,116,93,88.9,143,130,59.8,89.5,105,66,127,150,91,137,80.3,90.7,77,69,96,139,107,92.4,81,103,58.5,66.2,75.1,90,69.5,68.6,63.1,67.3,80.8,74,116,77,89,61.6,45,42.7,47.2,53.3,45,41.1,36,45.9,26,46.3,85,86.5,46,75.7,59.6,78.3,15,85,88.7,99.5,63.4,86,72.5,84,95.6,47.5,64.3,75.6,49.8,60.1,83.8,97.2,77.2,84.7,92.2,81,93.3,81.5,68.9,67.8,92.7,55.5,60.4,52.3,118.3,50.3,76.2,78.7,75.5,82.6,75.5,47.4,74.2,72.2,67.1,79.3,58.7,54.4,131.7,158.4,127.6,133.7,140.8,144.7,120.7,107.2,112.2,108.3,85.8,101.8,115.1,104.1,68.3,72.5,83.2,58,49.3,119.8,49.2,0,72,30,45,35,23,51.1,51,82,60,44,43,84,52,56,106,109
1967-03-01,11.6,56,40.3,36.8,41,65.6,59.5,99,9,48,51.2,64,36,43,39,39.3,37,54,43,57,15,66,15,40,18,33,54,42,41.4,73,30,55.2,74.1,30,67,40,43,46.9,92.8,43,31,41,55,40,44.6,54,38.8,45.5,44,50,22,66,40,53,45.8,27,5,15,27,23,195,28,38,113,19.2,39.8,59,19,15,16.2,64.8,55,12.4,15.5,31.8,51.8,34.6,46.5,44.2,36,66,38.4,37,42.6,50.5,39,46.5,40.5,45,43.5,39.7,44,47.5,46.3,26.6,34.2,6,30.4,20.9,22.7,26.9,36,37.1,22.5,17.3,20.8,20,55,47.9,64,43.2,46.7,59.7,56.8,47.7,48,45.3,47.5,53.5,56.8,38.6,66.3,27.7,55.5,38.9,45.4,42,36,33.1,45,45.3,24.4,35.4,53.7,48.3,33.6,32.8,29.2,31.1,41.4,62,33.9,35.8,28,21.1,29.3,20.6,35.8,37.5,48.2,63.6,25.5,38.5,29.9,39.1,42.2,39.4,15,6.9,28.7,27.7,49.7,138.9,188,49,64,132,70.7,95.4,64,46,69,65.5,73.4,39,17,116,68,64,113,84.3,166,72.7,39.7,78.9,75.9,87.1,159,60.3,87.7,87.8,88,68.5,77.1,27,67.4,85.2,25,43,53.4,49,28,33,51.4,57,25,70,51.3,27,43,53,46,50,75,35,40,52,51,80.1,106,116,63.4,91,99,172,139,124,80,101,55.2,113.9,97,127,74.6,92.5,66.1,74,66.4,98,115,73.7,63,83,58.8,78.1,175,93,92,52,94,57,64.5,79.9,53,89,70,108,95,80.3,73,80,59.8,83.3,64.8,21,80.7,66.3,63.8,71.6,83.2,166,159,80,88.2,72,22,49.9,50.5,53.2,22,45.6,42.3,39.7,45,50.2,84.8,56.8,61.7,77.8,73.2,79.9,157,69.4,83.4,57.8,76.8,46,67,73.2,63.8,40.9,47,52.1,48.1,50.9,76.8,90.3,62.8,69.5,91.8,88.4,71.2,78.8,86.3,63.7,66.8,38.9,56.4,37.2,63.3,57.8,78.8,73.8,75.5,88.8,58.4,55.4,80.4,64.7,80.8,87.1,70.6,57.9,111.6,121.1,102.8,116.3,137,103,115.9,108.3,111.2,117.8,84.8,84.3,112.7,107.3,75.1,79.5,78.6,66.2,4.4,10.1,38.7,30,0,32,35,32,34,30.2,36,40,23,17,38,19,48,4,17,17
1967-04-01,2.4,0,1.5,7.9,65,0,32.1,30,0,5,27.6,0,39,0,9,10.4,0,0,77,35,10,21,13,78,10,0,2,7,8.6,42.9,19,37.1,49.4,12,0,11,42,25.4,34.5,20,86,16,9,15,27.9,0,21.5,27.7,0,38,12,12,15,33.6,10.2,0,0,6,24,28,24,6,11,59,5.5,16.5,0,0,29.7,41.6,46.8,0,27.3,22.2,15.8,25.7,17.5,24.6,20,17,37,22.8,19.9,15.8,24.8,20.2,22.2,21.1,28.4,26.9,25.4,28.1,33.2,24.1,16,24,15.6,10.7,13.4,14.3,14.5,18.1,16.5,15.7,9,8.9,14.8,29.2,20.1,26.6,20.9,41.5,38.8,26.7,22.9,23.8,24.5,23.2,28.3,28.7,18.6,42.4,16.8,34.2,24.3,19,11,17.4,21.8,29.2,32.6,11.9,17.9,21.1,19.3,11.4,26.8,26.7,22.4,16.5,65,15.6,27.1,11,11.8,13.7,16.4,22.9,18.3,32.1,38.6,13.3,21.3,17.9,19.8,21.3,19.3,16.1,6.7,14.1,13.9,23.4,89.3,38,106,35,42,52.9,61.2,35,100,29,32.1,73.1,52,57,48.5,47,35,70,54.2,64,34.3,27.7,21.3,44.1,57.4,60,57.3,54.3,19.2,23,57.8,63.3,58,50.6,70.5,50,49,51.9,27,12.6,10,23.9,17,0,8,13.4,12,14,16,36,5,19,5,17,15,2,25.6,48,80,40.3,6,15,38,14,17,0,11,42,52.9,33.2,3,22.2,47.4,36.2,14,29.3,3,19,35.7,64,44,37.5,39.8,85,0,16,0,22,56,33,46.2,5,71.9,19,14,123,28.9,110,16,30.2,59.1,37.5,0,52.2,36.3,38.3,39.9,36,94,59,55.3,57.1,67.9,63,58.8,47.3,56.8,63,48.4,49.7,51.1,101,50,51.1,15.1,47.6,76.6,63.6,50.3,16,54.8,42.8,33.2,69.9,100,42,49.4,38.7,30.6,39.2,16.4,35.5,36.5,34.1,41,47.3,48.5,53.6,53,41.6,48.8,46.7,30.9,28.4,34.7,32.3,28.9,31.1,50.9,49.9,51.2,55.6,62.8,40.5,51.8,58.8,35,57.8,55.8,55.1,40.2,59.2,60.4,62,42.6,59.1,57.6,47,31.2,32.7,28.5,24.9,33.8,31.5,29.4,20.2,58.6,52.8,40,0.6,18.5,43.3,39,56,0,7,38,48,41.7,19,20,35,14,33,21,24,10,48,50
1967-05-01,0,0,1.5,2.2,24,8.8,10.7,2,4,12,21.6,5,16,0,9,6.5,15,7,28,6,6,56,2,16,0,2,7,0,13.1,19.9,14,23,17.5,30,0,13,24,22.7,11.2,14,32,33,46,23,7,0,7,17.4,1,77,39,52,0,22.7,18.8,15,0,8,22,5,8,7,29,21,10,14.2,4,0,13.8,26.1,19.9,7.1,4,2.5,10.4,17.8,15.5,21.1,12.3,12.2,14.1,17.2,10,19.6,11.6,13.8,13.3,19.4,14.3,13,13,15.7,13.7,8.8,8.6,14.1,10,8.3,10.9,9.1,7.5,15.2,10.4,7.6,4.2,5.8,9.8,19.4,21.7,19.8,10.2,29.1,35,13.5,13.4,13.4,14.3,11.9,23.7,10.1,17.6,23.1,6.8,18.2,13.6,11.3,8,8.7,12.2,25.4,14.5,6.2,9.9,8,11.7,6.8,19.5,18.7,12.8,11.5,6,7.5,33.6,7.3,9.2,7.2,9.2,11.8,7.8,18.8,25.3,10,12.7,12.8,12.8,11.6,10.7,16.8,11,10.8,7.6,14.4,6,0,20,44,10,12.8,16.2,44,0,6,9.5,19.9,15,42,7.5,33,44,0,10.1,15,13.6,8.6,5.2,5.9,19.6,23,20.3,15,6.3,0,12.7,18.6,37,13.4,15.1,25,29,26.3,15,6.8,12,7.8,13,23,10,4,16,0,5,10,0,7,11,9,9,0,4.6,30,4,4,0,1,0,7,0,6,0,9.9,15.2,8.1,2,7.4,11.6,6.8,3,8.2,0,0,5,0,8,6,9.3,15,2,0,0,0,6,4.8,4.8,0,9.8,5,0,9,9.7,0,1,6.7,9.8,10.6,0,8.4,6,11.6,8.7,8.7,41,23,17.3,20.2,21.2,17,19.4,18.2,26.9,17,28.6,26.9,28.7,26,30.8,21.4,11.4,16.8,29.9,13.3,20.4,7.5,22.3,12.2,15.4,25.8,0,9.6,16,13.1,16.9,22.1,11.8,18.7,15.4,14.6,14.6,13.8,17.1,16.3,15.4,12.6,18.6,18,16.9,9.3,18.1,13.6,15.2,9.6,20.2,17.1,11.1,15.7,14.8,16.9,20.1,20,20.3,19.8,25.2,34,17.4,17.3,16,14.8,7.3,15.3,16.3,13.7,10.4,12.2,9.7,8.7,9.4,14.2,8.9,5.6,14,8.3,9.9,15.9,27.7,31.9,32,15,35,24,24,28,24.5,21,23,20,21,18,31,57,13,28,30
1967-06-01,18,0,0,3.1,22,2,10.7,10,2,7,13,0,17,0,0,3.6,0,3,25,3,0,10,2,19,0,4,4,0,4.4,11.1,10,12,11.6,0,0,4,4,8.1,9.7,0,12,2,0,5,2.2,0,2.8,9.2,6,2,16,13,0,10.6,11.7,2,5,0,8,4,6,0,0,22,2.6,4.7,3,0,0.7,0.2,24.5,0,2.4,4,13.6,14.3,17.2,21.2,11.5,11.9,25,14.5,13.7,17.1,12.6,7.6,13.3,15.4,18.7,10.4,15.2,12.7,17.7,7.4,8,19.9,12.4,7.8,12,10.9,5.7,24.5,10.7,14,4.9,7.8,12.8,19.4,21.3,16.5,10.5,25.1,21,12.7,11.4,13.5,15.4,12.1,25.4,10.5,16.6,20.1,5.8,29.6,8.1,5.9,3,9.2,16.4,30.4,15.8,6.8,6.6,11,11.5,11,21.6,12.5,10.2,14.8,3,6.9,32.6,7.1,10.1,7.2,10.8,11.3,12.6,17.4,27.1,10.8,10.2,17.5,9.5,12.9,10.9,17.1,14.7,10,7.8,13.3,0,0,0,0,13,1.5,1.5,0,0,0,8.6,6,3,1,1,0,0,0,4.3,18,6.4,4.8,0.5,0.6,12.1,2,12.5,2.1,6,0,6.6,14.8,7,2.4,10.3,7.1,0,3.2,6.5,6.6,0,4.4,16,0,0,2.7,0,0,0,6,0,1,1,0,1,0,4,11,0,1.9,1,0,0,0,0,0,0,4.8,3.8,4.2,0,4.5,10.1,2.7,0,7.1,0,0,1.8,0,5,4.5,2.6,40,0,0,0,0,3,0.4,2.6,20,9.6,0,0,0,4.9,0,0,0.4,4.4,3.8,5,1.4,1.9,2.4,3.2,2.2,3,2,4.8,3,1.9,0,1.4,3.3,6.1,0,2.9,1.2,2.2,0,12.9,12.7,6,9.4,17.4,8.9,12,3.2,16.8,11.4,12,15.5,0,2.6,13.2,9.7,5.8,9.6,10,13.6,10.8,12.9,11.7,8.3,12.3,9.6,10.8,10.6,14.8,16.6,12.5,7.2,13.1,7.8,7.8,9.4,13.3,8.6,8.8,14.5,9.1,12.7,7.8,10.8,14.2,12.3,19.4,17.8,15.7,16.3,16.7,15.9,7.4,13.9,12.4,6.5,9.7,13.9,6.9,4.8,8.2,14.3,5.5,5,4.1,4.2,6.2,5,8,9.5,0,0,0,5,0,0,3.8,5,6,2,2,0,2,5,0,0,4
1967-07-01,1.3,0,6,2.3,2,2,14,11,4,9,11,3,0,0,9,4.4,3,9,8,10,0,0,5,12,0,0,6,8,5.1,8.2,0,10.3,9.5,0,0,0,5,5.3,18.9,0,3,0,10,0,5.4,0,2.2,9.9,0,0,0,3,0,7.2,8.4,0,0,0,9,2,4,0,0,0,3.4,9.2,0,0,11.1,13.1,20.1,0.5,2.5,2.4,10.5,14.6,16.8,19.8,15.7,15,15,13.7,14,18,9.7,8.5,14,13.7,14.6,9.7,11,13.4,13.4,9.3,7.3,13.5,14,6.6,8.5,8.5,8.6,15.7,10.5,8.6,4.3,6.4,9.8,12.3,17.5,14.5,8.4,24.1,30.5,12.9,9.9,11.9,14,9.5,24,12.6,13.8,20.2,5.2,26.1,8.6,8.2,15,8.4,12.9,30.7,17.1,5.7,7.5,9,9.5,9.9,22.6,15.5,9.6,7.4,13,5.9,31.5,7.3,10.4,8.2,8.6,12.5,8.2,15.5,19.7,9.5,8.5,13.4,6.5,14,8.1,14.2,10.5,8.4,7.1,14.2,13.5,7,0,10,23,8.2,10.4,10,10,14,17.6,12.6,3,13,9,11,10,4,10.4,14,8.8,2.9,17.5,12.4,11.9,18,13,9.4,6.7,10,9.6,15.5,7,4.8,16.2,12.5,14,7.7,11,4,0,6.3,21,0,0,4.2,0,0,0,4,0,0,3,7,5,0,5.2,13,7,7,0,0,12,9,2,14,6,9.9,12.9,9.9,3,7.1,13.7,11.3,16,5.3,23,12,12,26,14,9.5,10.3,22.6,0,2,17,11,22,7,6,24,9,12,0,11,4.3,25,0,4.7,15.8,7.8,23,6.2,5.4,8,10.9,10.5,13,18,10.7,12,9,11,8,9.1,13.2,11,12,9.2,9.5,4,14.7,18.1,7.6,13.3,25.8,11.4,20.8,0,17.9,13.4,13.4,20.8,10,9.9,10.2,10.5,11.6,12.8,10,15.3,13.8,15.7,17.6,12.2,12.8,14.1,13.8,13.7,18.6,21.9,17.7,9,15.5,11.9,10.6,10.3,15.8,12,9.4,14.2,11.9,15,11.1,13,13.4,15.5,22.1,24,17.7,19,18.6,11.5,14.1,20.2,17.8,11.4,13.3,12.9,10.3,9.1,13.4,16.9,12.1,7.5,12.3,12.3,6.4,21.5,21.7,6.2,6,2,3,9,4,9,9.9,7,14,24,10,7,6,9,32,15,12
1967-08-01,0.4,3,8.5,10,49,2.3,46.6,6,0,8,39.4,58,24,20,9,11.9,7,7,69,18,30,36,5,63,20,0,4,20,12.7,49,0,44.1,65.5,11,0,8,49,34.6,34.2,55,26,11,7,6,28,0,37.5,36.7,0,17,15,2,0,32,14.2,8,1,14,17,0,13,15,8,11,3.9,41.4,5,0,1.9,0,57,3.8,5.3,10,15.3,24,20.6,20.4,18.5,8,15.1,32,20.1,22.1,20.6,16.4,15.6,17,24.1,19.3,22.8,23.2,21.4,19.9,11.6,21,19,11.8,14,13.4,12.2,21.1,14,12.6,12.3,10.6,14.1,22.8,18.5,17.3,23.6,35.3,43.4,27,20.7,19.3,20.7,18.7,26.7,24.2,19.3,34.4,11.6,38.3,17.6,18.3,12,12.2,18.5,30.1,29.7,16.4,19,16.8,27.2,14.4,20.3,14,11.8,18.6,28,11.6,29.5,11.7,15.2,12.3,13.4,19.9,17.9,15.6,33.2,17.6,21.1,23.6,16.5,21.5,16.4,11.6,8.3,15.3,13.5,16.7,19,24,7,0,15,18.4,13.5,0,16,24,30.6,18.1,4,1,14.5,13,0,9,26.8,27,14.6,79.7,10.9,8.5,17.4,13,7.6,9.1,29.5,20,13.1,22.3,0,16.7,52.1,11.4,1,5.5,1,7.9,71,57.6,29,69,68,32.6,76,78,103,74,60,99,60,80,68,23,20.2,9,40,29,20,21,69,3,19,15,34,52.2,44.1,34.9,16,21.9,44.7,40.2,19,9.9,9,16,25.1,4,10,21.9,29.6,31,6,7,16,24,13,15.6,28.1,119,36.8,21,0,16,13.4,27,22,21.7,40.2,21.8,14,28.7,15.8,16.7,17.1,18.9,26,13,24.8,8,29,8,7.5,7.5,8.5,8,11.1,6.5,6.6,1,11.6,27.8,49.1,11.8,39.6,12.7,28.9,24,57.4,22.4,39.6,29.1,16,27.9,52.4,44.8,17.9,25.6,29.6,21.1,26.2,32.7,37,25.2,26.5,23.9,34.1,27.1,38.3,40.4,33.3,36.7,26.3,39.6,23.3,43.2,22.4,15.2,21.7,15.4,21.7,21.1,14.8,20.4,25.1,22.3,32.7,34.6,19.6,37.2,41.7,34.3,22.4,41.2,37.9,31.8,27.9,30.2,29.6,30.6,37.5,35.1,34.5,23.6,23.3,31.1,16.7,0,2.9,6.5,0,0,2,0,0,1,9.1,4,0,0,3,0,5,9,1,9,8
1967-09-01,2.3,35,24,23.4,37,33.6,65.3,11,31,27,53.5,28,48,40,22,29.8,52,25,36,37,28,49,15,34,33,32,32,26,26.2,62.1,25,55.4,68.6,57,45,42,39,42.5,89.8,75,44,37,60,39,45.7,25,38.7,46.9,25,19,26,42,25,49,26.8,34,0,23,32,20,32,29,29,29,14.8,36.1,25,21,52.1,36.5,66.4,70.8,0,58.9,25,44.8,30.1,42.3,32.9,31.9,73,27.8,29.8,34.9,41.2,33.5,33.8,25.1,36.9,36.1,35.5,42.5,42.8,36.3,27.3,33.6,17.6,26.4,18.8,24.9,22.7,29,26.3,22.7,15.5,15.5,16.8,38.6,33.7,50.6,31.5,40,53.6,48.5,38.8,38.8,32.6,36.6,34.9,52.3,32.3,62.9,24.5,46.6,28.2,38.3,45,31.1,28.6,43.4,42.5,25.3,33.3,43.1,36.8,27.3,29.8,28.1,29.6,33.4,38,28.4,34.5,21.3,20.1,27,15.8,31.4,23.6,38.7,47.3,22.8,30.3,25.9,26,23.7,32.9,15.4,6,23.8,26.6,44.6,106.4,75,84,62,103,81.3,93.8,62,96,114,67.3,79.3,79,91,81,102,62,96,83.8,62,43.4,95.1,118.1,153.3,102.8,98,76.7,95.4,65.3,76,72.7,100,61,84.5,78.6,73,104,68.8,61,23.6,76,63.5,22,87,94,64.1,70,103,90,83,105,104,82,106,109,71,85.6,81.7,99,64.7,50,48,106,27,42,82,111,59.5,107.7,87.4,81,70.4,94.8,64.1,57,59.4,114,76,88.8,96,134,69.7,78.2,51.2,70,61,120,87,116,84.8,66.8,74,84.5,74,104,139,71.2,143,58,74,77.9,70.7,147,77.5,69.2,65.2,71.7,95.2,95,97,84.1,74,83,91,67.8,69.7,78.2,91,65.9,69.4,60.9,44,55,84.8,81.2,66.3,77.4,73.9,78.8,20,78.7,87.7,73.3,90,96,66.7,76.8,69.4,54.7,59.6,52.7,50.1,64.7,70.3,77.3,80.7,81.2,91.3,80.7,79.6,71.4,86,59.9,61.9,43.4,59.3,44.8,77.3,67.5,85.8,76.9,85.6,80.3,67,57,86.2,59.1,84,86.3,74.5,68.8,110.8,110,110,111.6,132,105.6,106.5,92.2,80.1,88.1,75.9,85.3,91.5,92.7,69.6,88.7,83.1,73.6,12.4,17.5,53.8,57,40,48,32,69,35,39.6,18,30,24,20,22,8,46,20,10,15
1967-10-01,5.3,16,1,28.9,36,3.3,96.4,35,0,6,65.4,0,20,0,0,35.8,20,13,69,10,0,28,4,35,28,2,7,12,31.2,81.2,0,63.9,86.3,58,0,12,65,72,107.2,0,32,42,50,40,50.1,0,43.4,56.1,0,26,22,0,0,67.6,46.1,22,47,43,16,4,0,35,45,31,19.7,45.1,0,0,109,90.9,60,112.4,19.7,30.2,33.3,52.6,38.7,38.5,47.8,6,43,46.7,0.8,61.7,52.5,40.7,35.3,51.6,47.5,47.8,32.5,57.2,48.5,57.2,40.8,52.3,93,42.9,24.1,25.5,38.1,37.9,30.1,38.8,27.4,28.9,28.2,46.7,43.9,61.4,38.3,62.3,63.5,54.8,48.9,38.4,41.6,50.9,70.3,48.5,45.7,62.9,27.8,55.1,32.1,52.2,36.3,36.9,32.6,51.1,49.5,29.6,32.9,55.3,38.3,40.8,39.6,35.3,34.7,52.8,1,35.5,44.2,31.9,32.6,40,21.5,63.3,50.2,63.1,77.8,38.9,38.3,38.4,44.7,36.8,38.4,40.2,13.7,34.9,29.7,44.3,155.7,52,209,133,187,138.5,171.1,133,102,208,63.1,172,169,140,164,259,133,123,137.9,94,85,66.7,140.5,107.7,130.6,144,162.8,143.3,57.6,82,139.6,192.7,250,169.2,176.7,148,103,159.2,122,62,36,60.9,76,10,22,55.3,12,14,56,42,4,48,30,34,15,0,79.5,84.1,68,74.3,11,6,32,42,19,14,84,136.9,97.7,97.7,45,80.8,98.3,119.8,54,61.2,42,23,98.4,24,55,105.5,94.7,61.5,26,96,88,47,72,82,96.2,79,170.9,54,55,127,81.2,110,82,84.6,152,91.6,110,160.7,81.3,138.5,157.9,121.8,140,144,131.2,172,191,149,159,141.1,173.3,149,116.4,140.1,173.3,132,148.8,117.1,62.1,137.2,187.3,131.5,120.9,31,160,96.6,103.1,162.3,102,100.1,127.5,85.9,75.6,83.2,65.2,80.5,85.9,80.1,84.2,111.3,112,127.1,120.1,103.2,106.5,145.8,72.8,90.8,85.5,79.6,51.7,101.5,98,127.8,101.7,141.3,115,74.1,124.6,146.3,97.7,125.6,131.9,137.8,120.1,116.8,107.2,98.2,113.1,114.8,101.3,88.3,71.1,68.2,63.7,53.1,75.4,71.9,74.3,49.5,128.9,132.2,124.5,165.5,209.4,154.3,230,202,153,144,90,147,128.8,140,108,166,102,99,138,259,127,194,144
1967-11-01,88.5,59,59.9,45.2,48,42.1,83.5,11,55,51,56,0,75,0,80,65.6,47,61,55,106,0,33,61,80,31,40,27,43,53.9,63.7,37,64.9,70.6,80,41,72,95,60.8,76.7,0,30,57,38,27,44.9,49,54.7,47.8,55,24,29,0,19,71.4,56.5,14,62,34,38,59,0,42,16,37,32.9,44.7,63,92,63.6,50.4,90.2,43.6,77.7,111,46.5,78.1,64.2,73.2,59.8,143,162.5,58.4,82.1,65.4,76.5,61.8,67.4,67.4,77.4,74.3,67.7,85,85,72.1,47.7,45.1,4,49.8,36,38,42.4,44.5,44.8,33.5,31.9,34.7,36.6,83.7,81.5,89.7,75.7,69.8,88.9,89.2,72.4,63.4,77.7,77.7,85.1,86.7,63.4,82.9,54,81.8,52.8,66.2,93,51.6,52,66.8,48.6,39.7,43.8,78.4,62.2,47.7,54.3,44.4,54.9,67.2,124,54,56.2,46.9,40.2,64.7,41.1,77.5,62.2,74.4,81.1,43.8,65.1,52.8,69.5,75.7,45,17.7,8.3,56.6,48.5,64,153,74,125,78,153,91.3,105,78,47,131,68.2,105.2,151,38,135.5,136,78,76,93.3,119,105.2,70,98.7,81,112.3,104,86.6,96.1,96.3,153,93,115.4,36,108.7,89.6,89,61,76.1,78.5,59.3,57,57.6,76,118,88,85.7,86,101,138,101,102,100,64,87,106,106,89.7,93,70,71.3,67,66,81,133,53,58,73,66.4,108.3,116.2,53,85.8,102.1,67.5,65,63.3,106,92,98.8,159,147,84.3,100.8,93.5,87,119,115,165,105,80.7,99.8,44,84.7,124,118,89,93.3,107,119,88.8,80.3,89.5,85,93.6,82.7,83.7,102.2,111.3,94,104,107.5,93,172,86,74.5,87.1,78,86,74.1,76.6,75.1,72,79.1,93,84.7,84.1,85.6,90.3,85.9,66,79.2,86.9,91.1,121,47,72,83.1,84.7,55.3,69.2,68.2,68,66.2,84.4,92.6,89.5,88.4,101.5,87.7,85.6,86,85.3,72.8,78.4,52.9,84.7,57.6,103.6,69.7,101.3,97.3,99.2,89.3,74.2,76.7,95.5,75.3,100.5,89.8,95.9,80,135.8,146.3,132.3,136.5,145.1,149.3,128.4,108.2,102.8,104.2,79.4,105.9,108.4,104,75.7,94.8,103.8,97,34.8,90.2,80.9,138,96,72,45,86,123,56,12,30,15,10,30,86,58,61,43,51
1967-12-01,36.5,97,51.2,26.6,0,4.7,52.2,20,22,0,38.3,81,7,0,11,26.5,18,0,0,39,0,53,72,0,48,14,10,17,24.2,58.1,26,44.8,43.4,56,0,12,66,40.5,81.5,70,1,25,102,97,41.9,51,50.2,37.7,25,20,44,40,8,39.6,34.7,20,211,26,6,22,77,35,47,25,19.8,32.3,0,0,82,56.3,56.5,50.9,24.1,12.7,23.2,40.6,29.2,39.3,40.6,25,4,31.2,16,43.6,40.4,31.4,30.6,28.4,30.8,38.3,30.5,45.4,34.6,32,25.8,27.1,4,24.4,18,20,24.6,31.4,27.4,22.7,13.7,12.4,21.1,42.7,39,44,34,47.4,59.2,51.2,43.6,39.2,37,33.3,39.5,53.7,48.6,59.3,26.8,48.7,40.1,32.2,29,33.9,31.9,43.1,41,22.6,27.6,41.8,38.3,25.2,35.8,32.2,32.5,40.1,18,26.5,38.3,19.7,17.2,26.7,19.8,29.7,31.4,39.6,44.9,19.8,28.9,29,28.2,30.9,37.6,15.2,6.6,19.3,21.4,33.9,164.2,123,115,62,42,61.2,69.8,62,31,78,50.9,62.5,35,172,57.5,81,62,16,62.3,24,80.3,106.5,55,56.1,60.2,35,60,73.4,69.7,113,59.5,60.7,46,56.6,61.1,92,100,53.2,68,31.5,94,57.3,71,90,44,51.5,46,164,22,55,34,38,30,40,17,18,63.4,104,83,56.5,62,102,109,74,94,15,51,45.7,78.4,62.9,38,48.1,75,44.3,45,46.4,124,67,46.7,18,29,44.5,66.2,56.6,94,80,14,101,51,53.7,54.8,55,66.8,109,93,26,47.8,39,58,42.7,56.6,58.2,27,52.9,52.2,46.2,51.4,53.9,60,35,57.8,41,55,59,61.5,66.9,67.3,59,67.5,55.4,50.5,86,47.1,54.3,50.8,50.6,65.9,63.5,57.3,133,50.3,60.8,46.9,56.3,31,49.5,52.5,59.2,42,40.6,43.9,35,48.1,58.2,72.8,53.5,58.6,64.8,66.5,59.3,62.3,58.7,44.6,44.3,32.6,47.6,41,61.9,55.4,54.3,59.1,62.7,75.5,46.7,60.4,67.1,45.4,53,69.6,47.5,50.9,90.2,105.7,92.5,90.6,111.1,90.2,79.5,71.5,73.9,72.1,61.7,68,78.1,79,49.9,81.8,59,52.8,39,67,50.2,17,53,54,85,58,39,43.9,39,15,27,35,10,64,66,61,82,84
1968-01-01,142.3,139,45.5,101.7,82,265.9,94.5,97,233,101,105.2,147,143,98,110,172,169,100,76,134,150,168,230,33,191,185,167,196,114,63,125,147.4,105.6,94,42,190,138,117,90.7,108,72,167,186,148,81.7,148,123,121.1,209,111,125,147,195,65,137.4,116,110,200,142,149,229,143,116,81,132.3,115.7,75,113,98.3,80.5,142.8,31.3,208.8,191.1,118.4,186.9,134.9,200.2,214.9,237,185,167.4,200,200.8,179.3,171.4,184.3,169.6,221.8,191.5,172.3,227.9,178.6,160.5,117.3,122.2,132,138.9,81.8,92.9,109.2,122.2,108.9,91.9,97,98.9,97,196.6,208.7,233.1,181.7,250.9,189.7,297.3,232.9,176.9,220.9,222.8,162.4,209.4,242.2,215.9,126.3,172.5,151.1,174.6,170,140.5,136.2,140.6,116.9,94.3,88.9,161.2,151.7,121.3,128.6,115.3,134,144.5,136,161.7,154.1,125.7,110.4,165.9,145.1,217.7,165.9,186.1,196.3,146.1,158.1,145.9,172.5,107.8,150.9,46,41.8,128.8,119.1,137.7,70.9,191,91,83,73,74.3,65,108,119,77,77.3,99.6,66,81,82.5,111,83,75,78.2,106,89.4,182.8,70.4,87.7,124.9,63,97,102.5,106.9,98,64.7,83.5,88,75.1,87.9,85,101,83.1,84,69.1,116,109.2,86,193,142,113.5,135,146,146,121,115,165,84,175,137,60,104.6,67,151,101.8,98,67,98,161,100,81,91,93,138.2,126.6,157,112,138,82,56,106.4,111,60,89,72,106,73.5,103.6,100.4,79,188,89,146,72,77.5,121.8,50,97.6,89,151,130,120.2,71,68,72.3,73.9,111.8,79,74.2,75.6,79.2,75.7,88.9,113,62,90.1,63,121,58,62.5,76.3,83,58,70.6,78.8,70,101,73.1,89.4,118,65.3,80.6,80.7,86.5,73,123.3,91.8,111,91.4,80,74.5,89.2,112.7,57.4,92.4,89.6,58.2,81,101.8,103.9,85.6,95.8,100.7,88.5,91.1,93.2,85.9,100.3,135.8,160.6,93.2,73.2,157.4,56.5,94,112.1,110.2,92.2,97.2,70.6,81.7,120.8,91.9,92.6,66.2,65.6,154.5,179.6,142.3,139.8,158.9,189.7,128,119.1,132.7,132.6,115.5,118.3,125.5,127,88.3,77.7,56,84.3,28.2,67.8,63.3,43,33,62,58,62,67,68.2,55,46,15,10,44,41,69,34,46,48
1968-02-01,93.5,72,53.2,44.9,61,40.4,62.6,74,90,46,86.9,12,62,54,83,155,39,54,59,94,90,81,77,98,57,135,74,93,74.3,34,55,76.7,96.4,170,53,83,205,83,78.3,71,57,149,111,53,56.7,150,63.9,56.4,189,103,99,59,164,57,61.7,109,71,52,52,107,12,92,136,112,56.9,65.2,45,67,82.7,73.7,70.3,75.3,99.4,72,39.5,78.3,77.7,103.2,75.6,59,36,67.3,89.8,73.3,90.2,91.4,92.6,87.8,91,86.1,81.6,104.8,92.2,80.4,46.7,52.1,44,51.2,40.6,41,45.5,53,52.3,33.8,36,38.1,38.7,101.3,113.7,115.3,76.3,123.8,95.5,113.4,105,98.3,91.1,102.2,89.3,108.9,103.1,89.7,68,92,70.2,75.5,8,52.1,59.5,62.1,54.7,47.7,42.1,77.4,63.4,56.7,59.9,69,59.7,72.7,76,73,68.4,50.9,42.8,72.5,50.7,83.6,68.2,84.7,96.1,47.3,74.5,71.6,91.3,96.5,68.6,17.3,9.8,56.7,49.5,64.3,0,66,38,75,56,58.4,30,75,42,45,48.7,82.7,54,84,54,82,75,51,59.1,150,72.2,52.5,46.6,60.4,72.8,100,72.8,77,76.2,166,51.9,59.5,76,51.2,72.1,77,74,67.5,48.5,54.1,48,56.6,84,119,108,78,44,111,56,70,104,82,104,115,36,158,77.7,28,32,55.1,53,0,64,80,28,77,24,57.2,84.4,66.4,43,59,85.6,56,104,51,82,90,70,60,51,51,75.3,98.8,100,100,37,142,38,56,63.2,95,65.3,84,54,25,63.1,119,76,45.9,66.7,61,40,62.2,52.4,55.3,58.1,61.1,81,100,66.4,86,105,53,58.2,66.5,63.9,53,61.9,58.7,60.9,75,55.5,76.3,63,55.3,79,66.5,68.6,96,72.9,71.7,66.7,70.2,103,61.9,75,72.3,51,49.1,60.9,44.1,52,70.3,78.3,71.7,65.8,70.2,81.3,65.5,70.9,60.5,64.1,58,47.4,67.1,46.9,76.2,59.4,63.1,65.9,66.1,71.7,54.9,60.9,70.7,70.2,66.6,79.5,59.1,64.7,88.7,97.2,90.2,111.5,111.8,103.8,89.5,94.2,83.1,88.2,69.8,77.6,95.6,90.4,62,67,49,56.9,78.3,51.2,67.9,69,88,56,64,82,95,47.5,57,88,94,93,66,31,31,96,46,48
1968-03-01,51,10.5,35.7,43.3,65,86.8,117,66,13,54,89.2,82,80,42,83,36,63,44,74,60,71,25,72,73,47,65,53,50,60.1,100,111,93.1,98.7,104,80,25,85,96,82.5,54,69,104,135,137,58,27,80.5,78.4,46,70,38,20,117,69,65.8,68,162,57,71,65,95,73,100,98,44.8,85.5,55,54,96.5,96.9,67.3,89.9,35.4,43,28.1,74.2,58.9,87.1,73.8,93,63,51.3,50,65.8,71.9,75,78.2,63.2,88.7,73.9,66.9,93.6,83.1,70.1,36,40.4,42,35,35,24,31.9,44.6,37.4,29.5,22.5,23.6,34.6,87.2,100.9,98,62.8,77.4,86.5,97,85.2,71.6,75.3,83.8,70.8,95.9,86.7,75.4,67.5,81.3,60.8,58.3,65.5,52.8,50.3,52.4,57,34.4,47.7,74.6,55.3,52.4,53.6,55.8,64.7,65.8,73,56.9,59,33.7,34.1,57.9,33.8,81.2,55.8,74.6,87.7,37.6,51.2,66,72.2,81.6,48.2,25.7,6.2,42.5,43.3,72.7,192.3,129,66,101,72,99.4,67,89,81,88,55.4,102.5,73,105,116,86,101,91,106.5,82,82.3,147.4,127,123.7,105.1,187,103.4,93.7,60.5,50,85.8,119.3,177,101.2,139.5,13,65,87.3,36.5,49.5,190,104.7,77,143,123,87.8,112,136,87,88,88,106,110,106,104,2,78.8,60,102,105.4,47,77,116,84,62,60,131,109.4,115.5,91.6,78,72.2,124.2,168,38,53.8,130,52,107,117,120,96.1,102.5,81.3,48,61,118,64,115,80.7,32,0,139.1,99,78,106,82.3,23,101,71.4,109.2,75,225,110.5,66.7,101.4,94.5,101.9,134,187,114.1,175,77,69,78,86.6,90,69,76.9,81.2,87.2,71,94.2,101.9,96.3,90.4,119.9,87,111.8,77,139.1,91.1,132.1,116.6,56,117.9,106.3,114.9,71.8,82.8,83.8,70.3,92.6,93.5,107.2,103.9,99.8,90.8,95.7,111.5,118.9,117.5,84.2,100.4,77.4,101.9,59.8,143.9,78,94.8,85.5,97,80.9,84.2,75.2,102.1,76,116.8,99.8,120.8,76.8,118.3,129.4,120.3,116.6,143.9,126.4,104.4,88.8,78.6,89.5,72.6,82.9,86.5,78.2,68.2,102.8,151,85,172.8,165.6,97.9,141,119,121,77,106,115,98.8,148,153,96,62,65,156,203,162,172,197
1968-04-01,11,0.6,18.9,10,27,11.1,18.2,66,6,3,17.3,0,45,0,21,35,33,3,27,39,0,18,11,31,5,13,13,6,14.3,28,2,25.4,26.9,0,7,20,15,22,25,0,30,0,63,20,13.1,0,12.5,18.9,17,43,19,13,4,30,15.5,40,0,0,36,0,0,4,32,32,2.1,11.2,0,5,20.6,27.1,26.9,9,7.5,19.2,15.3,26.6,20.9,20.5,20.3,3,22,24.3,23.8,18.5,17,13.4,19.5,15.4,26.3,17.4,18.8,22.9,26.8,18.9,12.8,20.6,22,13.5,16.2,12.6,13.5,25.8,15.7,13.7,11.4,10.1,15.5,26.1,19.8,20.9,18.6,37.3,45.6,26.5,16.4,18.4,24,17.5,26.6,20.3,18.8,31.4,11.5,29.9,16.4,15.9,20,11.8,15.6,24.8,22.6,10.5,18.2,16.6,20.7,13,18.8,13.4,13.7,19,28,9.9,30.7,14,15.1,15,10.1,25.9,16.1,21.3,39.8,12,17.7,18.3,14.6,20.3,15.1,12.8,7.7,14.6,13.8,15.5,25.2,34,42,1,9,15.2,5,4,20,17,35.3,15.8,21,20,24,48,1,2,18.7,1,21.3,14.3,19,20.3,18.5,26,17.1,16.6,15.6,17,12.9,15.2,0,17.6,25.2,1,6,11.2,10,9,14,15.9,31,8,4,13,6,22,33,28,5,16,13,23,19,25,13.7,15,31,21.8,22,7,60,22,18,28,33,15.9,37.2,37.2,60,20.9,30.1,5,44,9.2,5,64,18,18,24,17.9,22.2,32.3,6,10,33,24,47,13.8,26,0,14.7,18,0,30,20.5,31,31,22.2,16.8,18.8,33,11.5,12.5,16,15.1,17.7,48,25,30,45,31,32,12,15,17.9,32,13.5,8.3,9.8,4,15.4,27.2,10.6,13.9,29.5,10.9,18.6,10,22.4,14.6,14.2,26.9,7,24.1,24,23.9,11,20.8,14.1,19.1,14.5,24.1,19.1,17.6,19.5,22.6,19.4,17.1,28,25.8,19.2,20.2,17.2,20.3,14.4,23.7,18.4,17.1,17,19.8,19,21.7,15.5,20.4,17.2,20,31.7,23.6,19.2,30.9,28.9,30.7,22.7,31.4,28.7,27.1,24.1,23.8,22.7,19.5,22.8,31.2,22.2,18.1,21.3,6,17.8,2.7,1.7,7.3,5,14,9,2,10,10,14.3,0,0,0,0,0,0,0,0,0,2
1968-05-01,0,0,0,2.4,0,13.6,11.5,53,2,0,14.2,0,0,0,0,4,2,0,5,1,0,7,8,0,0,1,49,0,10,33,0,12.2,10.1,0,0,0,0,7,16.6,0,0,0,0,0,3.4,0,2.6,5,16,0,31,25,0,0,10.4,3,7,0,0,37,0,0,0,0,3.7,7.8,15,0,1.9,0.6,23.6,0.4,4.1,4.4,15.1,19.9,18.6,23.3,12.7,18.9,13.5,20.1,40,17.8,15.2,9.9,14.4,11.6,18.4,12.4,15,14.4,18.6,10.4,9.8,24.6,2,11.1,17.1,13,8.8,25.1,10.5,15.9,5.7,7.8,12.2,20.8,19.5,19.1,12.1,30,32.6,12.9,13.6,16.1,17.3,16.6,28,13.1,21.9,20.3,6.5,28.9,9.6,8.3,11.1,12.8,17.2,32,15.2,8.9,10.2,15,14.1,10.9,22.1,13,13.6,17.4,15.2,5.6,33.9,9.2,9.1,11.2,10.8,15.9,16.6,19.1,31,13.1,12,25.1,12.8,19.3,11,17.8,15.4,10.1,10.5,17.6,0,0,0,4,5,2.5,0,3,0,4,14.7,7.7,0,21,2.5,0,4,0,0.9,8,7.4,0,1.4,1.2,11.2,0,14.4,1.7,5.4,0,11.9,11,0,4.6,10.4,5,1,3.9,1,12.4,0,3.8,26,0,0,2,0,0,0,0,0,0,0,0,1,0,3.6,0,0,1.5,0,0,0,10,0,0,0,4.2,5.6,4.5,5,6.2,9.2,0,0,4.3,1,0,5,0,0,3.9,4.4,30.6,1.6,7,0,0,1,0,2,60,10.4,1,0,0,5.6,0,3,2.4,4.7,4,0,3.6,3.3,2.3,2,8.1,11,0,9.9,0,0,0,2.9,6.6,5.6,0,4.3,1.7,4.2,0,10.7,10.8,4.8,9.2,13.3,10.7,12.2,10,13.5,12.2,10.8,10.1,0,3.5,8.1,11.5,4.9,9,10.6,11.2,9.1,11.2,15.8,7.8,14.9,9.2,10.4,8.9,13,14.1,11.8,7.2,9.8,5.9,7.1,12.8,15.8,9.2,8.1,16.7,8.3,12.8,6.3,10.6,12.9,13.7,12.5,17.6,11.2,15.1,15.4,6.6,7,10.3,10.7,5.5,12.7,14.8,6.8,6.5,13.5,14.3,9.6,6.2,5.4,0,2.5,0,0,8.6,5,0,7,0,5,3,3,0,2,0,0,0,0,0,0,0,0
1968-06-01,1.1,1,14.3,12.2,35,16.3,39.2,5,13,14,37.5,18,36,28,66,13,48,17,48,45,18,46,28,39,16,21,27,5,22,68,65,43,44.7,30,0,55,64,34,45.1,29,31,29,54,55,38.3,52,27,31.4,12,34,36,31,16,31,20.7,36,24,18,37,2,6,4,37,61,9.9,19.6,5,11,29,24.5,45.3,13.8,5.8,6.6,15.2,33.9,20.4,27.8,26,27,16,22.3,15.6,18.6,28.5,21.4,25.9,20.8,33.2,27.8,31.6,32.2,32.5,20.8,17.2,24.7,17.6,14.8,13.7,16.8,13.3,23,17,14.7,10.5,8.1,13,29.2,22.8,36.1,21.6,42.8,49,37.7,28.2,28.9,30.8,26.6,30.5,35.4,23.6,49.4,23.6,36.7,25.4,21.7,16.6,20.5,22.9,33.7,39.5,13.3,19.2,27.7,28.6,13.9,24.7,23.3,22.1,25.9,35,21.1,30.3,12.4,16.2,19.1,14.5,24.2,14.8,36.3,45.4,14.7,24.9,24.1,23.5,23.5,30.6,9.9,5.6,15.5,13.5,24.2,50.5,66,40,19,81,41.7,67.1,35,61,56,37.2,53.1,33,40,62,47,19,39,56.6,4,33.2,51.7,58.1,48.9,43.2,48,36.5,41.4,44.8,45,47.1,49.9,40,35.5,64.3,47,45,35.3,29,13.3,23,32.1,51,37,5,28.7,46,29,29,32,26,45,43,34,36,57,29.9,0,60,53.8,58,61,68,21,64,29,45,47.5,61.9,50.4,64,36.3,59,41.2,43,34.9,65,54,46,0,48.9,45,57,37.9,36,42,50,50,60,54,66,0,72.3,53,56,88,39.9,70,34,37.8,48.1,38.5,58,43,50,37.8,41.8,41.9,56,48,43.1,50,36,32,40.8,34.2,46.3,32,31.5,38.8,36.8,19,39.8,47,26.1,37.1,68.7,47.3,48.2,49,56.1,44.7,37,56.2,50,49.7,50.7,35.8,25.2,39.1,21.4,30.3,25.5,48.4,59.4,52,54.2,59.9,55.6,52.5,48.5,50.6,35.5,32.7,22.8,26.1,26.6,40.2,49.1,51.1,53,40.2,63.1,32.4,36.8,50.8,33.4,48.3,61.5,45.1,41.8,61.4,66.7,82.1,62.6,79.4,58.2,51.3,47.9,47.3,42.8,45.9,53.2,52.5,53.1,32.9,57.2,50,41.1,7.1,34.8,26,16,24,17,17,22,4,28.1,19,24,18,11,21,18,18,17,18,24
1968-07-01,0,0,0,3,0,4.5,8.2,31,3,0,14.1,0,0,0,1,4,1,3,0,1,0,19,1,0,0,3,4,0,6.4,5,0,11.6,9.3,0,0,0,2,4,11,0,0,2,13,0,3.3,11,1.3,10.4,3,0,22,8,0,0,13.5,2,0,0,0,0,18,0,0,0,4.9,0.1,0,3,4.3,4.4,23,0,1,2,11.3,15.4,18.5,21.8,13.7,17,10.1,17.7,8,17.4,26.4,9.6,13.2,15.6,13.9,8.7,12,10.7,12.7,4.5,7.3,19.1,12.9,6.9,12.6,11.9,8,21.4,8.8,13.2,4.7,8.4,12.6,22.9,18.5,18.2,11.2,27.4,21.9,12.6,16.9,14.3,7.8,12.7,26.9,8.9,19.5,15.8,4.6,27.1,8.3,8.3,7.1,11.5,16.1,36.6,13.6,8.8,6.4,10.9,10.8,11.1,25,11.3,10.7,13.6,8.8,7.6,32.7,6.4,7.7,5.5,11.4,9.9,12.5,17.1,27.3,10.1,7,16.3,7.9,13.7,12.6,19.2,13.2,8.5,6.8,10.9,0,0,0,0,0,3.3,0,0,0,0,6,8.4,0,0,0.5,0,0,0,3.8,0,7.1,0.6,0.1,0.1,14.9,4,13.1,5.7,6.5,0,13.7,18.8,0,5.4,15.5,8.6,0,8.2,0,4.9,2,6,0,0,0,4.9,0,0,0,0,0,0,0,0,3,0,4,0,0,0,0,0,0,14,0,0,0,0,6.5,2.9,0,3.7,6,0,0,4.5,0,0,0,0,0,4.4,5.5,21,0,0,0,0,0,0,0,44,9.3,0,0,0,3.5,0,0,0.6,0,5.3,0,2.1,3.2,1.1,5.3,4.2,0,4,10.2,0,0,0,0,0,0,0,0,0,0,16,12.1,15.8,8.4,11.9,16.2,12.2,18,13,11.1,14.4,13.8,17,0,3.3,7,9.5,7.3,9.7,11.9,14.1,10.7,12.4,13,9.2,15.3,11,11.3,12.6,14.5,18.6,12.9,11.2,14.5,7.7,10.3,12.2,18.4,10.4,9.4,16.8,9.3,14.6,7.8,9,12.6,18.1,19.1,15.3,16,18.6,24,7.7,7.3,14.7,11.9,7.8,9.3,13.4,10.3,6.1,9.5,15.2,7.9,7.8,6.2,0,6.6,13.3,22.3,6.5,0,0,0,0,0,0,9.5,8,0,0,15,0,0,8,2,0,38
1968-08-01,6.9,1.1,7.8,11.9,74,52.7,38.1,0,22,42,57.1,0,76,30,23,33,98,30,93,17,60,30,31,115,22,22,29,25,27,85,10,56.5,77.5,85,12,22,65,52,36.5,26,90,39,103,47,29.4,0,40.6,55,12,47,53,13,0,0,26.4,92,109,19,71,4,34,29,42,42,20,36.2,20,21,43.4,41.1,41.1,14.8,16.8,14.6,10.2,31.4,19.1,38.4,28.8,19,11,28.3,7,30.4,32.2,24.1,26.7,24.1,31.9,32.1,36.2,36.7,29.6,23.9,16.4,21,8,12.8,15.4,16.7,11.7,22.2,16.8,13.8,9.2,9.8,14.1,36.4,33,37.5,22.7,50.5,41.6,40.1,35.1,31.1,31.8,36,38.4,37.9,30.8,55.4,26.6,34.8,40.2,19.3,23.7,23.5,18.4,35.9,29.7,10.3,22.6,27.7,32.9,15.6,29.5,30.1,24.1,28.5,15,18.5,29.8,11.8,14.6,23.7,15,26.3,16.9,34.7,51.8,12.5,26.9,27.6,29.8,25.5,24.6,9.7,4.9,14.6,13.8,20.9,17.5,41,50,34,35,33.1,36,33,21,39,27.2,35.5,60,42,20,55,34,29,35.7,0,28.2,58,40,34.7,42.6,41,38.9,33.2,30.3,30,45.5,45.4,103,38.8,50.4,38,28,49.5,38.5,18.3,58,41.5,20,48,26,23.1,46,44,37,27,22,41,55,40,38,19,23.7,38,30,39,44,32,35,33,32,20,32,32,51.8,39.6,33,28.2,56.9,14,46,13.3,83,38,27,60,32,33.4,37.4,35,27,19,69,30,78,0,50,24,44.6,40,40,32,28.6,30,18,29.6,25,30,35,36,27.3,33.8,27.9,29,61,42,36.4,28,38,59,47,39,49,76,46,43,60,31,50.9,37.2,29.6,31.9,54.9,32.8,34.5,16,49.3,37.5,32.2,41,26,34.6,44.2,40.8,31.4,39.8,32,25.1,26.9,28.5,31.6,34.3,37.2,38.7,30.1,35.5,48.2,37.2,36.5,35.9,36.8,29.4,28.9,35.5,48.3,36.5,32.5,40.5,43,31.2,48.5,34.8,36.8,37.5,38.7,42.6,29.4,46.6,55.7,48.4,41.6,59,44.6,41.9,36.1,34.3,37.9,30.4,35.4,41.2,41.4,27.7,47.2,18,31.7,35.8,100.3,63.8,33,45,59,91,47,41,50,100,94,48,45,73,109,95,44,77,74
1968-09-01,0,15,1,3.2,7,1.6,10.2,89,25,14,15.5,0,5,0,18,17,8,15,3,12,0,0,18,4,19,20,11,13,9.1,21,13,19.6,18,23,10,13,42,15,17.3,0,7,20,12,28,10.4,13,8.5,12.4,31,5,6,0,0,7,14.4,13,2,25,9,20,10,33,5,20,3.2,5.7,0,15,9.8,15.7,31.9,10.3,0.8,4.5,10,16.1,14.6,21.1,13.9,15,9.8,15.3,15.7,21,13.1,8.8,13,18.7,13.7,13.3,13.7,19.2,13.6,8.1,8.6,17.5,14,9.5,9.8,6.1,9.6,14,9,9.6,5.7,6.7,8.6,14.7,19.3,15.9,11,29.7,31.4,11.8,15.8,15.7,13.1,10.4,27.3,10.7,16.4,27.6,8.5,15.4,14.6,9.1,11.1,13.4,10.5,31,26.2,7.1,9.8,8.4,11.6,6.8,26.9,23.6,16.4,9,11,6.5,33,8.8,8.5,8.4,6.3,14.1,10.6,23.8,22.5,8.3,9.6,12,9.5,11.7,9,15.2,6.4,12.2,6.8,16.3,28.9,2,56,35,20,27.9,51,34,6,25,17.4,31.6,45,32,25.5,45,35,20,22.2,1,17,16.3,12.9,21.4,30,36,29.5,28.2,11.5,0,21.6,21.2,42,28.7,35,51,57,36.8,33.5,7.6,16,10.6,0,0,8,6.7,5,14,0,2,2,10,17,6,14,8,6.1,0,10,8,0,0,22,0,8,0,14,22,25.8,12.3,0,8.9,20.3,25,0,13.3,8,0,7,10,12,17.8,18.7,16,21,18,12,10,16,21,22,38,14.1,5,17,33,14.7,82,6,13.2,20,18.7,16,25,12.5,15.7,18.5,19.3,22,36,29.7,29,30,34,34,14,31,49,11,31,38,51,39.5,32.3,12.7,22.2,45,22,29.3,15,30.6,23.1,19.6,38.8,9,14.6,22.1,18.4,22.7,33,16.6,20.2,16.1,19.7,18.6,19.3,23.8,27.2,25.3,19,24.5,22.4,26.1,18.1,21.9,18.7,21.1,14.9,36.8,19.4,20.9,28.6,22.6,27.1,33.5,29.2,21.7,31.6,33.4,37.8,21.4,24.8,24.5,30.2,15.1,24.9,27.9,20.7,16.6,14.3,15.1,11.8,18.2,19.8,13.7,9.2,30.3,38,18.7,47.9,56.2,58.7,48,41,47,55,47,47,47.8,34,55,53,34,47,51,85,45,41,53
1968-10-01,9.2,5,13.6,10.6,66,44.6,43.2,13,12,19,53.4,21,32,17,39,27,92,19,60,50,27,81,48,68,9,28,39,25,29.2,86,44,56.9,83.2,60,0,25,68,20,56.6,55,88,33,33,46,40.4,74,34.7,49.5,19,25,119,58,38,88,27.9,6,48,33,21,46,41,12,23,58,14.2,34.2,14,12,69.3,103.4,46.9,15,28.1,28.9,16.6,37.4,21.3,38.7,32.7,123,80,37.1,77.4,41.5,39,35.6,32.8,28.3,37.3,39.8,38.6,45.8,39.3,28.3,20.4,37,30,20.7,14.9,19.3,19.1,25.4,22.8,19,10.3,12.8,16.6,44.9,30.4,48,27,46.4,52.9,56.2,35.4,34.8,35.3,38.9,35.6,46.3,34.9,62.4,27.6,45.4,38.4,26,24.3,29.8,24.1,38.4,37.1,13.1,20.4,36.5,26.4,20.2,30.7,33.2,32.6,34.8,47,26.1,30.1,16.7,18.3,31.5,14,30.4,26.6,38.7,66.3,18.5,30.5,26.7,31.7,44.9,30.8,11.6,4.3,18.2,18.7,38.2,58.4,25,42,98,49,49.5,45,114,35,29,37.7,67.9,40,100,53,52,98,27,59.3,30,27.9,54.2,67.2,69.9,55.7,71,63,47.9,34.3,125,54.6,66.1,100,58.2,75,78,97,76.6,92.5,15.5,43,38.5,20,40,20,20.5,23,59,10,26,0,38,50,48,36,28,39,27,39,23,36,44,56,2,31,29,39,48,64.7,43.8,72,32.9,59.3,30,29,30.8,40,42,33,42,68,43.9,46.1,48.1,18,33,57,51,60,53,65,54,79.3,44,12,35,34.5,17,40,35.9,42,41.3,26,53.1,37.9,36.8,37.3,42.5,78,71,50.8,41,47,84,21,149,94,89,117,115,71,68,77.1,58,28.8,47.7,74.1,63.3,53.5,25,61.4,40.7,39.1,62.6,22,45.5,58.1,44,42.9,38.6,29.4,35,43.2,43.3,49.8,50.8,47.5,58.7,55.3,46.4,58.7,56.1,35.8,38.5,27.6,37.3,33,46.3,55.9,53.7,49.6,55.5,63.7,49.5,65.8,64.4,42.3,52.9,56.9,54.4,54.9,62.1,67,59.9,55.5,61.9,57.6,52.4,44.2,39.9,40.8,37.1,41.2,48.5,39.8,28.9,60.8,52,42.1,63.4,77.1,77.5,65,92,73,110,81,57,60.9,52,62,86,104,58,69,67,79,22,79
1968-11-01,54.2,5.6,103.9,52.5,98,69.9,77.1,40,124,68,116.1,9,122,21,126,105,140,60,164,94,77,50,47,141,101,101,86,109,72.1,77,109,112.7,128.4,67,61,66,118,69,74.8,30,108,121,127,95,63.2,328,64.4,87.9,126,53,64,57,65,108,63.3,101,24,98,116,129,92,69,88,58,64.5,86.9,115,65,64.6,65.1,79.3,36.4,47.8,38.2,38.9,82.3,78.9,98.2,75.9,63.6,70,57.4,69.9,75.2,77.7,76.7,78,75.8,86,89.4,78.1,97.1,89,81.2,43,47.2,30,42.7,34.5,33.4,43.8,49.4,44.1,25.4,27.4,30.2,38.8,90.8,110.9,113.5,78.6,95.6,93.5,95.1,98.8,89.7,83.1,94.2,97.3,109,101.8,77.6,75.2,91.2,64.2,66.1,64.7,57.5,63.3,54.9,61.2,51.2,48.8,82.3,68.9,57,52.7,60.8,64.4,65.4,96,64.6,59.6,42.1,43.2,72.1,48.2,88.1,59.5,81.9,86.6,43.2,68.7,69,80.7,93.5,61.2,17,7.7,55.2,44.3,58.9,126.8,150,47,58,111,77.4,103,58,72,48,72.6,81.7,89,86,77.5,44,58,40,78.3,57,69.1,93.8,77.6,117.1,106,62,73.8,86.2,102.4,93,71.7,96.3,91,85.3,84.7,75,74,68,71,47.8,56,85.1,78,193,122,95.2,65,99,115,132,107,108,89,111,74,92,92.9,97,78,74,87,87,106,78,100,87,114,35,130.1,112.9,96,96.6,116.3,83,115,62.1,127,177,131,91,102,68.9,83.1,89.6,143,104,77,148,84,80,102,106,96.5,68,31,94,86.6,0,62,70.9,42,79.4,98,67.9,70.5,69,67.4,90.8,63,62,78.6,32,154,102,75,79,38,62,131,20,52,58,60.9,88.3,92.5,64.8,81.1,72.1,81.5,65,91.6,85.3,103.3,82.7,63,79.8,83.9,100.6,67,76.4,85.3,56.9,80,82.8,99.9,78.4,79.3,79.4,82.5,85.9,94,87.9,77.8,93.8,77.2,94,59.9,116.7,65.1,84.9,80.7,90,84.8,68.9,61.4,87.8,76,80.1,88.3,82.4,65.2,123,139.2,121,137.2,135.2,126.1,122.6,126.5,122.3,115.3,99.9,110,130.9,118.4,74.3,84.4,66,72.8,69.8,148.1,71,51,31,80,32,47,87,62.2,80,86,98,84,79,101,73,75,85,143
1968-12-01,50.2,30,14.7,40.8,38,99.1,117.4,106,27,61,79.5,52,23,35,69,56,20,67,97,43,26,52,48,65,46,69,96,43,54.6,65,64,77.4,102.8,15,80,40,70,27,88.7,42,69,25,70,37,56.9,58,59.3,68.4,30,96,41,66,13,68,57.1,61,11,22,42,33,113,19,38,48,38.1,61,67,45,144.2,89.1,72.3,79.4,39.2,53.6,24.7,61.1,45.5,50.7,67.2,55.3,12,49.3,47.3,70.6,50.2,48.1,56.6,51.7,70.6,54.4,48.1,61.8,60.2,54.3,30.3,41.6,33.9,36.3,23.6,23.5,30.2,41.2,30.4,31,22.5,27.7,34.7,65.5,64.3,85,54.1,66.8,70.9,62,66.7,54.1,63,66,70.1,55.5,67.1,62.2,43.6,59.6,41.5,51.5,47.6,42.1,36.7,46.4,55.4,36.5,37.3,76.5,51.6,46.8,41.2,37.4,44.7,58.6,88,46.5,47.9,35.6,31.6,43.5,30.7,78.1,48.1,72.6,77.5,32.6,41.1,42.4,57.4,44.7,52.3,31.5,7,40.4,36,61.2,168.8,95,173,119,163,141.9,167,117,152,78,83.7,151.3,283,204,100,120,119,86,125.1,74,116.7,100.3,148.8,168.6,133,295,154.4,144.1,97,105,134.2,181.1,171,142.8,166.3,192,190,160.7,183,51.1,50,81.4,95,102,103,81.9,62,144,154,93,80,116,117,116,95,73,102.3,104,122,22,57,79,137,65,90,16,99,185,140,128.4,55,119.4,161.6,174,43,81.7,114,196,192,161,136,104,146.4,69.8,105,65,114,108,114,76,148,28,167.2,118,156,150,113.2,30,110,101,135,99.4,138,141.4,82.3,154,167.6,132.9,213,295,148.8,185,129,198,170,113,120,207,137,136,115,106,145.9,137.8,88.9,154.2,181.7,144.8,153.6,172,161.6,117.3,133.8,156.4,128,134.6,141.4,105.7,82.6,114.3,107.4,95.7,105.5,121.9,114.9,125.9,129.8,136.1,122.2,118.4,129.1,138,96.4,109.1,119.3,128.4,89.6,149.2,106.5,139,115.3,156.3,120,89.6,116.1,145.1,100.9,125.6,147.4,138.5,112.6,159.9,156.1,170.5,153.6,154.2,146.2,134.4,110.5,98,94.6,95.4,111.1,108.3,107.8,79.9,116.7,140,124.3,129.8,126.2,136.7,101,123,141,80,127,153,111.9,119,142,138,147,128,131,169,110,129,116
1969-01-01,8.4,3.2,51.3,41.7,55,56.5,50.5,19,105,69,56.1,32,37,6,40,43,26,17,61,250,84,75,95,79,45,95,41,27,51.7,41,73,56.4,59.4,49,96,20,26,20,81.7,56,48,75,45,39,50.7,139,52.2,51.4,96,78,100,56,40,186,44.5,22,35,28,31,83,57,82,22,40,34.9,49.9,2,65,64.7,59.4,56.5,86.6,49,34.5,39.3,78.1,54.3,70.2,61.4,46,63.8,51.4,54,57.4,73.7,58.5,65.2,53,71.3,70.8,59.6,81.2,77.5,71.2,48.1,33,54,44.9,30.3,37.2,36.9,41.8,52.7,29.1,29,32.4,31.1,86.2,80.7,92.8,64.2,75.8,81.6,83.4,66,63.4,76.2,69,77.6,86.8,66.6,80.7,41,70.7,56.6,64.4,46,47.3,47.2,46.3,47,30,41.1,64.5,61.4,43.8,44.1,46.2,45.2,65.8,26,45.2,47.7,42.9,32.1,49.2,41.7,70,52.1,64.2,80.4,39.3,57.6,58.6,73.6,69.7,46.8,14.7,7.5,44.2,37.3,55.7,102.3,132,81,42,67,65.7,48,47,71,58,60,60,49,79,55,128,42,41,60.1,76,76.7,60.3,71.8,85.8,66.5,67,63.6,94.1,78.3,70,63.4,67.8,36,58.1,67.2,51,58,55.7,63,58.8,89,50.2,32,66,79,57.9,52,71,65,71,20,64,27,63,40,34,69.5,80,41,41,114,74,44,95,84,38,104,45,90.6,81.8,109,59.3,77.9,56,80,61.3,46,36,52,63,72,50.3,64.2,96.2,72,89,63,93,64,12,102,98,62.4,114,163,146,61.9,41,40,54,96,57.5,104,56.9,58.2,51.1,58.3,69.5,81,66,65.2,72,87,59,71,88,53,68,84,60,24,38,46.2,64,46.9,47.1,69.7,64.7,62.6,163,65.3,73.9,50.3,61.3,59,57.7,58.6,56.2,33,43.2,55.2,38.7,51,63,78.3,57.3,59,78.7,79.7,69.6,72,64.6,54.6,48.3,33.1,42.7,34,53.9,51.4,68.9,69.7,74.5,77.5,52,55.9,73.8,59.1,65.1,73.3,48.5,53.5,105.7,130.6,106.7,103.7,120.4,117.5,108.7,87.2,84.1,96.5,65.7,78.7,99.9,92.7,60.4,77.8,64,54.4,90.1,49.5,42.6,54,77,29,59,37,44,37,45,59,42,55,38,85,30,153,18,55
1969-02-01,22,42.6,83.1,40.7,76,127.3,97,70,107,70,81.1,4,74,30,7,63,54,57,57,91,23,97,96,113,48,129,92,87,75.9,93,20,108.9,111,40,13,30,54,59,78.1,40,94,33,88,182,68.9,7,67.7,75.5,126,163,114,68,24,77,60.4,94,108,35,78,92,41,40,140,206,56.6,73.5,8,117,27.5,20.2,73.6,32.7,63.1,51.8,39,75,64.1,94,78.4,101,86.2,68.6,151,76.2,82.7,83.8,73.1,88.2,86.3,80.5,75.5,104.1,79.3,74.8,51.2,52.8,72,43.5,36.7,39.6,38.2,54,42.9,42.6,31.9,34.8,41.7,90.5,99.6,105.7,71.7,97.2,83.6,97.4,82.8,73.5,82.7,86.1,78.9,97.1,89.8,83.7,73.1,85,60.7,71.4,59.8,46.7,60.4,63.5,56,35.2,47.5,84.4,63.2,52.3,60.5,55.8,60.2,66.2,111,61.5,61.1,41.3,39.7,70.8,43.1,85.7,58.5,78.1,84.1,41.9,64.4,69,76.5,88.9,49.6,25.8,7.9,49.9,50,70,108.7,106,87,31,125,89.1,86,111,120,43,70.8,88.9,109,62,63,80,31,11,82.7,33,41.6,168,131.6,91.5,92.9,69,90.1,85.2,76.5,113,77.2,96.8,89,82.5,112.6,50,63,75.4,58.5,56.4,38,90.1,129,83,38,76.8,74,128,62,124,113,82,56,75,70,51,81.7,88,140,83,93,65,110,192,46,64,72,116,103.5,92.7,63,84.2,106.8,108,150,55.5,50,95,157,84,63,85.2,98.8,84.3,46,108,54,118,62,43,98,52,99.9,69,95,60,82,68,84,62.6,60,68.8,62,81.5,71.2,81.4,76.4,92.9,70,69,95.6,101,131,62,45,66,99,170,32,86,70,89,78.5,81.4,89.2,74.5,121.4,80,98.3,92,123,83.8,119,117.6,67,94.4,87.8,84.3,62.4,68.5,81.8,61.3,73.7,82.9,82.4,86.9,91.2,82.7,94,91.3,102.4,107.8,69.1,79.1,64.1,100.3,63.3,120.3,68.2,80,75,82.7,75,65.9,67.4,98.9,72.8,113.8,95.2,110.6,74.3,108.3,111,118.8,111.5,126.9,108.8,103.8,104.3,87.7,94.7,76.8,90.2,104.5,92.8,67.2,97.7,106,66.9,13.6,48,60,6,0,33,33,86,61,51.4,51,61,24,7,76,68,32,11,25,83
1969-03-01,2.2,34,44,22.3,102,57.5,77.3,113,107,18,76.3,0,65,8,0,63,25,5,94,24,20,59,24,139,64,129,25,11,40.5,60,25,81.7,94,25,50,27,25,70,79.4,5,72,25,25,22,46.5,6,41.2,63.8,17,125,62,10,61,129,47.5,50,3,141,72,17,0,33,43,47,31.6,41.9,25,24,64.9,69.7,47,128,13.6,18.1,20.8,46.9,31.4,46.4,46,43.6,46.3,34.8,32.9,45.9,39.6,37.9,36.1,41.3,43.3,47.3,38.1,49.6,47.6,39.9,24.7,40.6,19.4,23.8,21.4,20,21.2,26.4,26.6,28.7,15.7,15,23.7,46.5,60.5,59.5,35.7,50.5,64.7,54.2,46.4,49.5,39.4,52.1,55.2,47.4,48,68.9,30.5,58.5,36,40.3,30.3,33.4,35,57.2,45.3,28.2,24.5,47.1,35.1,38.2,39,38.4,40,36.4,59,36.7,42.7,22.6,25.4,36.4,22.4,44.9,34.5,53.6,64.3,24.1,34.8,40.7,36.8,37.3,35.7,21.7,6.5,25,22.5,50.2,153.2,69,67,157,59,83.7,65,147,99,66,48.6,90.5,64,84,70.5,83,157,127,80.7,74,94.7,29.6,74.6,103.1,91,94,85.8,86.5,53.7,82,74.8,106.1,343,82.8,110.7,54,94,106.9,79.5,21.5,93,61,0,29,50,44.3,42,119,48,30,21,47,40,38,35,0,66,63,78,55,90,58,90,88,48,25,69,66,86.9,68.8,21,44,94.7,101,33,41,72,34,157,82,106,86.5,73.5,62.6,56,105,62,57,109,45,62,8,98.5,22,50,68,56.2,40,120,62.7,72,63.9,93,87.5,63.5,90.9,80.2,83.4,98,94,91.3,54,64,76,55,71.2,48,38,80,88,108,138,113.2,78.4,54.9,73.6,99.2,84.9,94.3,151,96.6,74.9,77.5,110.7,103,74,75.5,76.2,59.5,56.3,54.5,58,64.7,66.8,74.3,77.4,78.5,82.4,90.4,77.5,87.7,99.2,53.7,76.5,41.8,54.2,41.7,76.9,66.9,72.9,72.7,84.1,74.2,64.3,68.2,88,62.7,93.6,83.4,95.6,70.8,94,94.4,72,102,111.9,104.6,84.8,66.8,62,61.6,55.1,77.2,70.8,72.8,52.6,89.9,60,82.3,93.8,181.4,151.5,261,181,164,206,178,233,128.5,135,148,111,75,124,148,246,84,142,180
1969-04-01,29,0,1,13.5,36,46,32.5,45,36,69,34.9,0,39,15,13,51,44,65,43,35,30,123,38,27,65,2,45,35,27.9,29,29,53.3,56.5,36,18,5,44,34,52.5,0,54,54,45,28,31.6,15,23,36,33,58,49,61,0,0,37.5,32,16,35,37,24,45,44,20,34,29.2,38.7,8,22,31.5,12.3,37.4,19.3,14.9,12.2,16.1,36.1,23.5,47.6,43.5,48.8,39.8,29.8,15,43.6,40.9,40.1,33.7,35,41.4,42.5,34.9,52.5,43.6,31.4,17.4,32.2,30,20.7,18.9,18.4,16.5,23.9,20.7,20.5,13.1,11.6,17.4,47.2,43.9,50.7,30.6,54.3,52.8,55.5,40.3,44.2,42,43.1,39.1,46.4,44.3,60.5,34,47,37.6,23.7,27.4,35.6,20.3,39.6,35.3,17.2,19.4,35.6,27.5,23.4,34.8,36.3,26.9,30.4,38,23.5,32.5,17.7,18.8,38.1,23.5,35.5,36.8,54,70.1,16.7,36.5,33.5,41.9,34.5,32,16.6,6,16.6,16.4,23.4,13.1,12,25,49,72,46.6,29,63,31,21,23,58.6,82,68,76,26,49,6,52.2,51,32.6,48.5,21.3,41.9,48.7,51,53.3,41.1,19.6,9,43.1,71.9,110,52.3,60.9,45,77,75.3,51,17.4,13,29.4,0,9,14,19.6,66,51,55,21,8,30,26,15,30,11,23.2,0,40,44,16,5,52,27,3,10,32,27,54.1,30,8,27.1,46.2,35,14,22,37,21,13,5,44,37.8,35.3,50.8,27,6,9,0,21,26,86,27,54.4,22,12,60,28.5,81,32,23.6,19,34.6,50,48.6,29.9,36.7,37,34.4,38,51,56,31,54,127,16,15,6,0,23,80,86,68,87.4,59.5,21.7,50.2,80.7,52.7,42.1,0,46.1,39.8,39.9,64.4,18,25.4,45.8,37.5,43.2,37.9,32.4,31.7,35.1,34.5,40.4,46.5,43,53.9,48.9,36.2,48.8,45.7,33.2,32.6,30.2,40.1,29.2,31.9,50.9,46.6,41.5,49.9,54,38.2,63.1,60.5,43.9,49.5,51,50.5,48.7,45.9,51.8,50.4,46.1,51,49.1,47.1,34.5,30.9,27.5,24.6,34.9,38.3,32.1,20.3,59,153,37.9,112.5,78.8,86.2,136,43,143,74,90,143,77.7,70,60,65,82,89,76,84,80,75,106
1969-05-01,16.4,3,14.7,12.6,21,53.8,36.3,68,37,63,35.2,23,40,7,48,21,57,46,11,58,57,40,3,45,21,41,38,38,25.7,85,70,48.3,47.1,26,45,17,57,28,46,46,131,31,8,24,34.3,36,31.3,30.4,56,0,0,18,53,24,28.2,27,60,16,35,59,0,18,18,9,14.5,27.2,48,43,52.6,38.5,48.5,13.4,5.6,8.1,15.8,41.3,22.9,42.7,32.4,32,22,29.7,21.3,33,33.6,32.9,38,26.2,44.3,37.3,35,39.5,34.1,32.1,18.2,26.8,20.7,13.9,17,16.7,13.3,22.4,19.3,17.5,11.5,11,13.3,42.8,33.1,45.9,29.1,48.1,46.1,48.4,38,38.9,41.1,39.3,47.6,43.2,28.2,48.3,27.1,41.7,33.3,22.6,23.4,26.2,18.1,32,32.7,12.9,21.9,31.3,32,17.6,28.8,27.8,24.7,29.1,49,21.4,30.7,15.9,16.4,28.6,13.5,34,22.4,48.4,60.3,15.9,30,27.3,35.2,36.1,25.3,13.8,4.1,14.7,13.9,26.8,56.1,37,84,30,47,45.8,28,30,12,44,36.9,59.6,74,31,19,58,30,30,37.1,8,17.9,73.7,29,35.3,48.8,66,57.5,45.9,23.3,19,48.8,59.6,72,57.5,47.6,37,63,57.4,29.5,14.2,11,41.6,23,27,26,23.8,41,13,49,78,51,52,21,61,50,14,54,0,54,74,38,24,74,3,32,22,56,9,53.7,40,35,29,49.3,19,30,18,29,28,38,26,33,34.3,33.3,38.1,11,12,22,32,28,15,30,24,49.2,24,0,43,30.8,70,21,25.3,17,28.4,34,39.1,34.5,34.8,37.4,31.8,48,67,51.8,66,72,52,70,31,72,53,15,65,57,3,56.2,43.5,24,40.6,69.8,52.8,42.2,30,49.6,33.5,31.5,59.2,10,32.3,42.9,37,31.9,41.8,26.1,27.8,39.6,33.7,38.1,44.5,40.9,49.5,47.1,38.5,42.9,45.2,36.5,29.4,35.2,36.3,31,33.1,57.5,43.3,44.9,42.7,55.8,39.2,58,54.6,31.5,45,50.8,48.6,48.5,48.8,58.6,51.2,39.8,54.3,56.8,44,30.4,31.6,32.4,28.1,37.2,41.5,32.8,25.3,48.3,40,33.4,6.7,36.9,51.6,55,0,47,52,36,35,41.2,23,8,10,10,10,36,50,25,23,50
1969-06-01,0,33,7.9,6.3,9,4.2,22.4,52,5,6,12.4,0,7,5,0,4,5,6,17,11,7,7,3,8,0,8,8,0,7.2,0,6,20.8,13.1,4,13,0,5,4,25.3,10,5,9,15,11,14.7,0,10.1,14.9,5,10,13,8,9,0,10.8,10,9,5,6,5,18,6,10,10,2.9,6.7,10,5,41,41,40.3,34.4,11.4,17.6,13,15.5,13.9,21.6,11.1,7,15.9,16,17.9,16.4,11.3,9,13.2,23.4,14.2,14.4,20.2,16.4,14.7,10.3,14.4,20.7,6,9.5,11.1,11.4,8.7,17.4,11.1,13,5.8,7,10.5,19,19,16.4,14.3,26.5,27.1,12.6,14.9,13.5,12.9,10.7,28.3,12,16.3,24.1,11,22.8,22.1,12.1,11,10.3,15.2,29.9,35.1,10.1,10.4,15.6,15.9,13.7,29.3,24.8,15.1,10.7,8,7.8,35.8,9,10,8.6,8.8,15.5,13,21.5,33,10.3,10.7,18.4,9.3,14.1,14.5,13.4,7.1,9.1,9.1,18.9,35.3,22,41,70,35,42.5,30,70,44,25,38.3,55,78,55,34.5,62,70,21,36.7,4,33.1,38,36.1,36.1,49.1,39,50.1,46.5,22.8,9,46,58.9,110,45,38.2,119,105,64.5,77,8.8,32,21.4,45,23,24,11.3,13,10,31,35,30,30,22,30,26,18,27,0,35,41,22,22,44,6,21,24,33,20,51.8,39.6,26,22.2,42.3,25,28,19.9,23,27.5,36,22,28,29.6,32,18.8,44,31,21,40,25,25,36,0,26.3,40,30,43,28.9,48,34,24.7,30,26.9,37,30.9,31.2,29.3,24,32.2,33,39,46.9,48,44,70,77,48,70,30,37,88,83,85,71.1,40,15.3,37.3,53.1,48.7,35.4,0,30,34.4,31.9,59,37,28,31.2,30.6,29.1,38.9,17.9,23.7,24.3,25.7,23.9,34.1,34.6,40.7,30.7,29.3,35.3,31.2,30.3,28.3,23.8,24.6,30.2,31.9,50.6,37,35.9,43.9,53.7,39.5,60.6,38.4,27.3,32.9,40.2,38.5,41.9,39.6,46.2,46.6,39.8,45.1,51.2,38.5,31.1,29.8,31.7,25,34,34.7,34.2,25.2,47.1,41,35.8,29.9,14.1,66.7,62,50,30,38,41,55,51,27,23,25,30,41,30,56,17,23,20
1969-07-01,0,0,0,2.5,8,0,10.4,19,0,0,16.1,0,8,0,0,0,15,0,15,0,0,12,1,21,0,0,0,0,6.9,3,0,13.4,11.6,0,0,0,0,3,9.9,0,14,0,0,12,2.2,0,1.5,8.7,0,20,13,15,0,16,11.6,4,0,0,3,0,8,0,22,22,3.1,0.7,0,0,1.5,2.2,25.1,1,4.6,7.2,12.6,16.8,17.4,23.3,12.9,16.2,9.7,14.9,0.5,18.2,13.2,11.2,12.1,12.9,15.9,10.7,11.1,11.7,12.9,5.5,7.7,20.2,11.5,6,12.4,10.3,8.4,22.3,10.3,13.6,6,8.8,12.8,18.2,19,16.9,10.9,21.2,21.1,11.7,9.7,12.5,10.2,11.4,26.1,12.2,19.5,18.8,5.5,30.7,9.7,6.2,11.2,11.5,14.5,35.3,16,6.3,6.9,12,14.2,12.3,21.3,9.3,10.9,15.7,10.8,11.6,32.7,6.1,11.3,6.7,11.7,8.4,9.1,14.9,27.6,12.1,8.5,20.9,8.4,12.7,10.3,19.9,16.5,9.9,9.2,11.2,0,0,0,0,0,7.6,0,0,30,0,8.1,6.8,0,1,4,0,0,0,5.2,43,7.1,1,2.3,1.3,17.9,3,12.8,2.6,5.9,0,8.3,15.8,0,4.2,11,10.5,2,4.8,0,0,0,10,0,0,0,4.2,0,3,0,0,0,1,2,0,4,0,0,0,6,5,0,0,15,12,0,0,5,6,4,4.1,0,4.4,7.5,2.9,0,4.6,0,0,9,0,0,5.9,5.1,0,0,0,0,2,0,2.7,0,10,8.3,0,0,0,2.9,0,0,0,21,15,0,3.3,2.5,0,3.9,8.6,5,0,12.9,0,0,0,0,0,8,8,2.3,0,0,0,11.5,13.7,6.8,8.9,18.1,8.8,14,6,9.6,13.1,13.2,15.7,14,7.8,12,8,8.5,9.7,13.9,15.7,13.5,14.4,12.6,10.9,14.7,12.1,12.5,14.2,14.2,16.5,18.4,6.9,18.8,7.4,10.8,12.6,14.2,10.2,9.5,14.4,10,14.9,9,9.5,15.2,13.2,21,21,16,17.6,16.1,13.7,10.1,14.7,15.4,8.7,10.1,15.9,11.2,7.9,17,11.8,5.9,7.7,4.8,5,4.2,0,0.1,12.9,0,0,0,0,11,0,5.4,1,0,0,0,0,0,0,0,0,0
1969-08-01,0,3,0,3.2,0,0,10.7,0,0,0,14.5,0,0,0,0,0,0,0,0,0,0,0,51,0,0,0,1,0,5.2,0,0,10.6,10.4,0,0,0,0,0,20.5,0,0,0,0,0,3,0,3.1,5.9,0,0,0,0,0,0,10.3,0,0,0,0,0,0,0,0,0,5.9,3.1,0,0,3.7,3,21.4,0.5,0,1,13,20.1,21.9,22.8,17.1,20,10.3,18,14.8,23.4,24.1,9.4,13.2,14.4,15.7,11.4,17,14.6,14.1,8,8.9,20.9,11,6,13.3,11.6,7.4,25.2,9.4,17,5.3,7.4,13.4,17.8,21,22.9,13.2,25.3,25.9,15.1,16.5,14.4,12.1,14.7,23.5,14.2,20.6,20,5.3,28.6,9.4,10.9,11.2,8.9,18.4,32.6,17.9,8.8,10.2,13.6,12.3,12.4,22.6,12.1,16.2,18.2,12.9,7.3,33.2,7.3,10.1,10.1,14.3,12.7,17,13.3,33.3,12.6,16.3,22.6,11.8,18.3,11.7,19.4,13.9,10,9.3,12.7,11.2,4,0,0,13,4.8,10,0,5,10,9,8.3,0,0,8,9,0,8,4.1,14,6.9,0,7.4,8.1,14.4,7,7.9,5.2,6.1,9,16.1,12.4,0,3.1,10.5,14.3,0,7.3,0,23,0,11.3,0,0,4.8,5.5,0,0,0,0,0,0,0,0,0,0,0,0,0,0,0,0,0,0,0,0,0,0,3,5.9,4,7.8,8.8,4.4,2,4.7,3,0,0,4,2.4,6.2,7.8,25,0,0,4,0,6,4,6,10,13.6,6,0,8,4.3,28,5,2,9,9,11,2.8,4.1,10,5.3,9.7,10,0,14.2,0,0,0,0.3,8,0,0,2.1,0,0,0,9.8,12.7,4.7,8.6,12.6,12,11.5,3.9,13.6,11.3,9.9,12.2,0,3.7,14.2,9.7,6.5,9.5,11.2,12.4,9.9,13.2,10.7,8.3,14,10.1,11.1,12.1,11.2,14.2,17.3,7.7,13.3,8.9,8.9,9.7,14.3,10.3,8.9,14.6,9.6,13.6,7.1,9.7,11.2,13.7,15.6,15.5,12.3,13.6,20.4,15.9,9.9,13.2,14.9,7.5,15.6,15.9,9.2,9.5,14.4,14,10.9,7.8,8.5,8,4,3.6,1.2,9.4,0,0,0,0,0,0,3.3,0,0,0,0,0,0,0,0,0,1
1969-09-01,0,0,0,3.2,67,3,10.9,0,4,0,18.6,0,20,0,8,4,6,0,60,7,0,5,8,59,6,6,3,5,7.8,0,12,18.4,24.4,11,8,25,0,0,24.6,0,36,5,8,0,9.1,0,7.1,22.1,5,12,0,0,0,75,9.3,12,0,0,13,3,0,0,0,0,1,10.2,9,5,3.7,2.4,24.5,0,0,0,10.5,18.5,16.6,20.2,12.1,8,10,15.7,0.5,19.4,9.8,10.7,13.9,14.2,12.8,13.2,12.5,12.7,7.8,8.8,7.2,14.7,13.7,7,9.6,8.1,9.6,19.3,9.4,8.2,6,6.4,10.5,15.5,16.2,17.8,10.5,25,28.9,13.4,10.4,13.1,12.1,12.9,25.5,10.3,16.9,26.8,5.7,24.3,11.5,10.3,10.3,10.1,10.8,29.4,18.7,8.2,7.8,8.7,12.7,9.8,19.9,15.4,11.8,7.1,4,6.7,33.4,5.3,2,4.6,3,12.2,3,17.4,31.9,11.2,9.4,11.7,10.2,11.1,9.7,15.2,8.8,10.1,1.6,7,17.2,2,13.5,3,31,16.6,20,0,20,14,17.1,20.5,25,10,7,31,3,12,6.2,40,11,14.6,5.9,29.2,17,19,13.6,14.1,8.9,0,14.3,18.9,20,16.3,22.3,14.8,8,17.7,4,0,8,9.8,0,6,4,5.4,8,17,0,7,2,16,10,14,13,3,2,0,21,12,1,0,12,22,0,0,0,7,0,7,3,6.7,17.7,20,1,8.6,11,3,13,4,12,13.2,12.3,25,3,11,8,5,6,6.3,12,0,15.3,7,10.5,11,8.3,14,14,3,18.1,28,27,16.2,7.8,35,20,14.6,13,18,20.6,17,35,24,19,10,12,12,14.2,0,8,5,21.1,25.1,10.3,18.6,33.7,20.8,23.7,11.7,21.6,18.1,16.3,29.3,6,9.3,18.8,14.9,13.4,18.1,12.1,19.6,16.1,19.4,20.9,14.7,17.1,21.1,19.4,20,20.7,21.4,15.9,9.7,17.4,15.4,12.3,10.6,19.4,15.7,15.4,16.4,15.6,20.9,17.6,22.2,16.9,19.1,29,31.4,20,20,17.9,17.8,11.3,19.7,22.1,12.4,12.5,12.5,12.6,9.1,16.1,17.2,12.9,7.7,22.6,7,12,14.8,32.9,18.4,20,18,16,16,21,20,24.2,15,12,22,47,16,15,50,6,42,51
1969-10-01,2,0,0,7.7,45,5.2,33.1,0,18,3,34.2,0,13,0,24,15,9,6,47,16,0,31,48,108,24,2,6,36,17,56,17,45.8,68.6,55,29,0,36,49,37.5,0,67,27,8,39,23.5,0,29.2,43.6,11,35,46,20,3,56,20.9,0,0,71,7,7,29,23,31,47,11.3,28.9,10,0,6.8,6.7,29.6,2.1,2,2.2,12.6,24.8,20.5,22.5,18.8,6,9,28.7,0.7,23.3,27.5,17.6,21.9,21.1,24.9,23.5,23.2,31.2,9.1,18.8,11.6,18,47,8,11.6,9.5,11,20.7,11.3,10.1,6.6,9.1,10.6,22,21.1,27.3,15.2,40.6,36.9,25.6,20.5,21.8,24.3,20.3,27.1,26,20.7,33.5,14.9,24.2,24.8,14.7,14.8,25,19.4,22.4,21.2,13.6,16.2,13,22.6,11.5,22.7,20.1,20.9,18.4,14,12.5,33.4,9.5,11.1,18,5,18.5,15,22.7,47,11.9,24.7,15.6,20.7,19.1,15.5,13.6,8.2,11.6,10,8,5.3,0,22,27,6,17.4,15,20,26,9,20.9,28.7,28,20,17.5,25,27,0,17.7,121,15.3,63.5,13.6,6.1,21.9,8,25.4,15.6,20.6,0,16.2,22.3,40,22.4,41.6,25,19,21.9,18,13,40,37.7,69,44,51,22.6,42,61,48,26,11,38,52,23,43,2,6,0,13,30,4,0,22,115,0,0,14,115,4,21.1,0,12.4,30.1,50,10,9.5,2,0,16,6,4,21,19.2,50,0,0,1,0,2,15,0,64,30.7,0,0,3,14.7,2,6,9.9,29.2,45,0,25.7,11.6,12,10,13.8,11,8,26,6,36,11,23,5,35,35,18.2,18,37,30,30.4,25,29.4,15.2,45,19.4,27.7,24.6,49.3,23.9,24.1,35.5,36,26.6,36.5,34.5,23.7,27.7,24.5,20.9,19.1,24,27.4,24,20.9,24.3,27.1,21.1,33.2,33.3,22.9,25.4,19,36.8,28.2,27.7,29,20.1,20.5,19.4,18.8,26.4,20.8,21.6,26.1,27.7,28.4,31.6,17.9,32.9,26.9,27.5,22.6,26.8,25.4,20.7,24.3,20.3,21.2,19.7,18.4,23.3,24.1,18.2,25.9,51,0,18.9,34.1,23.6,9,7,19,10,14,32,26.9,7,8,12,10,13,12,21,9,24,26
1969-11-01,19.5,48,42.4,34.2,60,92.4,98,28,92,122,83.5,29,88,38,63,54,129,123,61,60,0,59,137,54,53,107,55,67,77.5,62,54,95.4,97,92,49,28,61,61,78.1,18,103,98,135,103,60.8,45,51.1,72.7,107,102,49,45,44,101,64.8,52,5,73,102,73,39,69,79,101,52.7,69.7,44,125,87.2,72.3,63.8,86.7,11.1,18.7,29.5,77.1,56.5,89.7,68.2,51,42,58.1,69,69.7,81.2,70.9,79.3,75.1,89,78,71,95.8,53.3,66.6,52.2,46.5,171,58,36.3,33,34.2,45.2,36.7,34.9,29.6,28.9,33.3,89.9,103.9,114.2,68.9,87.2,87.5,99.7,88.3,75.1,83.3,91.7,86.2,100.2,87.1,75.1,71.4,82.4,59.9,65.9,61.7,58.2,50.1,59.6,59.9,40.4,43.3,79.8,61.3,52,60.7,65.4,63,67.4,42,55.2,59.2,40.2,23,98.2,45,89,36,87.5,93,34,59.2,70.1,80.4,81.9,57.9,24.2,9.4,40.4,32.1,32,92,58,113.5,59,107,103.5,150,50,99,109,53.2,105,99,80,99,146,59,94,96.3,51,29.4,111.4,75.7,67.7,104,145,106.2,102.2,50.5,18,92.2,127.4,80,110.7,153,47,87,94.1,17,60,118,85.9,67,107,105,64.4,120,74,105,95,76,107,64,105,80,61,51,69,59,90,76,75,74,110,52,33,56,156,50,65.6,34,64.8,93.8,120,67,50.4,78,66,70,92,49,96.9,85.1,112,12,38,90,36,64,66,93,112,110.6,46,158,130,65.2,108,61,48,92,76,133,97.4,62.9,110,59,101.7,96,145,107.7,213,101,96,92,62,85,85,77,77,66,62,104.1,99.8,83.6,87.9,137.4,91.8,96.8,93,127.7,77.9,118.3,130.3,19,84.3,110.8,99.4,59.5,68.9,76.1,78.7,73.2,88.7,94.7,88.7,92.1,95.4,101.5,88.7,100.2,125.2,72.7,92.6,82.8,99.4,57.4,125.9,83.9,89.8,81.4,92.4,90.9,72.2,87.7,113,69.5,127.5,103.2,116.1,88.6,108.3,107.8,94.3,105.8,103.3,111.5,85.7,68.1,68.4,69.6,64.7,72.4,64.6,68.4,53.8,106.1,80,29,119.5,117.9,85.6,72,89,64,96,67,84,83.6,72,103,126,116,106,109,212,95,156,173
1969-12-01,78.1,36,148.8,80,169,151,105.4,52,190,119,147.3,82,108,50,151,153,150,140,176,128,0,145,92,199,147,201,133,175,115.8,85,171,145.7,119.3,139,173,137,74,79,108.5,51,101,117,206,124,76.7,10,105.3,121,212,140,115,43,148,202,106,103,67,119,148,139,94,102,114,176,121.1,120.4,203,93,59.4,82.8,136.5,93.1,103.5,111.1,110,166.5,121.5,177.8,209.3,123,195,166.3,143,159.4,162.3,154.1,176.9,141.1,188.3,171.3,169.8,206.4,230.8,159.5,112.5,100.3,95,106.5,81.4,105.5,101.3,104,101.3,85.7,84.3,88.2,85.5,178.4,205.6,223.4,173.7,187.4,166.9,259.7,227.8,195.4,213,203.8,170.7,195.3,234.6,206.8,124.9,171.1,150.9,152.7,128,136.3,131.4,138.7,104.3,87.6,91.5,159.8,131.7,121.6,127.7,105.3,137.8,125.5,154,158.4,135.4,118.9,100.9,50.5,93,200,149,161.1,179.2,130.9,138.2,129.4,160.6,108.4,140.7,36.9,24.6,120.1,114.5,185,186.3,115,113,22,142,78.7,75,35,130,129,83.8,82.7,69,3,170.5,82,22,69,90.6,50,94.8,168.3,130.6,150.4,128.9,96,68.5,95.9,106,97,66.8,97.3,127,76.5,111.6,72,10,53,17,80,151,131.9,58,146,161,109.8,108,124,116,114,112,99,94,100,100,90,82,71,124,96,89,128,158,97,95,44,113,136,150,133.9,119.4,121.2,157.1,140,121,94.4,128,158,98,126,133,88.3,123.3,144,91,79,62,99,134,125,186,58,128.8,42,152,116,134.4,135,71,58,127,127,220,97,80.2,100,114,92.4,143,96,102.5,92,20,37,16,94,22,22,52.3,10,50,22,52.4,96.9,110.4,64,92.9,75.6,106.2,93.3,146.6,105,122.2,87.9,111,113.1,115.6,139.4,79.1,99.5,101.3,67.2,88.2,108.9,134.5,100.7,110,104.6,102.5,113.6,111.8,117,88,129.3,128.7,104.8,76.5,155.2,59.8,107.6,116,110.9,110,85.4,66.5,85.2,110.9,103.8,110.4,93.2,66.5,169.7,193.6,154.9,151.8,186.2,192.1,131.4,134.9,139.9,125.9,117,128,126.1,121,94.8,79.2,92,95,178.6,67.5,56,25,49,32,56,31,32,72.1,115,58,91,45,108,62,122,52,95,82
1970-01-01,50.9,63.5,36,60,81,108.8,96.7,130,40,50,91.5,86,58,77,156,70,236,37,75,116,39,99,56,110,85,45,113,58,92.1,97,119,98,102.8,52,75,173,66,149,87.6,32,83,133,207,108,68.8,54,71,85.6,42,126,57,88,99,83,94.4,194,36,57,83,31,223,122,94,71,76.9,42,76,49,135,154.6,94.4,202,73.3,98.4,97,104.2,79.3,103.3,114,122,109.5,102.8,123.6,101.2,112.7,90.7,104.7,91.8,88.6,108.3,84.7,120.9,110.8,121,58.5,38,78,114,50.6,55,81.9,75.9,50,47.7,56.7,66.5,72.7,119.4,132.6,126.9,113.7,154.3,131.7,120.7,123.3,125.3,111,108.1,140.6,129.5,125.7,133.9,108.4,102.8,77,116.3,27,71.4,73.5,87.8,75,59.8,69.8,93.1,77.4,89.3,83.7,77.8,66.2,82.8,120.5,99.1,116.4,94.6,65.4,131.9,74,145.8,28,123.4,122.9,75.9,106.8,98.7,104.6,96.6,103.6,33.5,16.6,76.3,92,175,167.6,112.6,312,208,133,136.3,200,235,53,156,73.4,162.8,210,125,61.7,223,208,188,61.7,102,111,79.2,75.7,89.5,128.8,198,180.6,150.1,85.6,106,134.2,157.6,210,158.7,136.3,225,203,202.4,205.5,25,28,5,42,42,35,64.5,38,48,74,67,68,70,28,81,64,43,62,75,85,58,52,60,107,71,56,39,68,172,120,107.2,75,97,113.5,130,90,92.7,86,122,62,42,100,106.6,108.9,60,28,101,50,153,72,61,78,70,128.8,171,188,168,112.1,146,140,74,74,46,175,118.7,87.3,170,194,135.7,274,198,148.2,213,206,101,140,178,165,165,159.8,215,199,284,177.3,122.1,62.6,134,166.8,136.1,115.5,108.6,139.8,116.9,105.4,134.1,47,86.3,109,90.1,69.9,76,72.3,76,78.4,91.2,92.1,105.2,98.7,124.1,119.7,96.8,111.5,127.5,73.1,113.5,106,88.2,48.9,114.8,102.9,142.4,115.9,165.9,135.6,90.8,130.5,137.2,118.3,123.2,127.4,114.2,92.6,155.6,163.9,129.4,147.2,143.2,162.5,115.1,90,91.2,88.2,75,90.2,99.2,101.5,62,115.5,59,111,105.9,138.6,199,291,251,259,224,212,257,146.7,137,179,153,122,186,154,166,161,168,163
1970-02-01,41.3,15,46.8,44.2,22,65.9,95.2,10,103,27,79.7,96,29,19,60,70,21,34,14,78,85,58,49,14,77,106,49,37,66,37,90,67,123.5,78,79,30,139,35,94.3,133,150,96,39,50,65.6,41,200,75.6,24,34,13,18,31,150,56.5,20,33,69,33,104,91,108,113,70,48.9,66,71,75,77.7,79.9,90.8,47.6,73.7,62.4,48,74.6,73.5,96.8,77.4,15,38,60.7,102,72.5,80.5,68.4,71.6,80.1,75.4,82.1,66.1,94.5,78.5,78.1,51.5,38,92,55.5,40.3,38.1,50.4,58.1,51.2,40.5,38.9,44.8,42.8,94,100.3,95.6,86,101.5,92.2,97.2,79.3,74.8,74.1,84.7,88.7,95.2,81.6,93.7,69.3,86.2,61.8,67.9,18,48.7,60.6,64.8,67.6,45.8,58.9,80,63.5,63.7,59.7,66.3,62.1,71.5,87,65.7,71.6,60.6,70,82.7,50.7,84.6,56,77.4,81.1,58.4,81.8,70.1,83.1,83,56.8,25.3,11.5,61.8,56,37.5,187.2,118.5,37,44,32,53.8,32,36,90,98,66,66.3,33,33,74.7,65,44,36,74.7,67,41,292.8,69.2,147.2,70.4,63,62.9,68.4,66,23,52.5,55.9,96,52.4,88.3,51,38,53.3,42,100,171,164,69,261,305,109,236,257,85,67,68,98,227,100,239,60,6,82,119,125,87,129,93,155,156,45,106,62,150,87.6,69,76.3,112.1,158,73,53.2,46,56,56,36,89.8,55.8,85,82,14,37,27,58,35,60.4,48,63,91.2,46,217,52,74.6,43,61,20,30,46,90,66.7,58.5,67,68,68.9,60,63,69.3,60,74,42,20,53,19,19,50.7,35,44,58,57.6,80.2,106.5,52.8,79.1,62.8,86.1,73.9,106.8,70.7,117.8,69.4,0,81.9,99,91.7,62.2,63.1,85.7,46.3,71.8,97.1,105.2,69.8,76.6,74.3,90.1,85.3,103.1,86,77.9,93,62.3,101.6,61.5,128.6,60.9,61.8,58.9,67.8,71.4,65.9,68.5,76.9,68.7,79.8,77.8,79.9,57.7,104.5,110.2,121.3,99.5,124.1,117.5,104.9,88.2,83.5,92.4,79,84.8,83.5,84.5,72.8,69.1,27,32,25.2,36,53.1,42,53,52,65,40,45,46.8,37,48,14,5,63,48,25,20,51,70
1970-03-01,35.8,33,50.8,62.1,117,126.8,126.7,20,137,117,118,71,114,93,91,164,95,106,113,161,130,59,116,169,30,186,140,54,101.2,158,136,135,122.5,140,156,164,132,117,75.2,165,122,111,179,91,85.7,140,157,116.8,152,65,43,87,180,139,102.3,150,134,66,144,218,103,73,72,89,107.4,71,106,176,62.5,57.4,129.4,91.6,48.1,83.5,96.9,153,96.9,147.7,174.3,154,144,145.8,81.6,127.1,140.2,126.1,145.3,124.3,139.4,164,157.6,166.3,169.9,147.8,97,85,77.5,158,73.1,86.1,95.8,85.5,100.1,71.6,67.7,74.4,87.1,163.6,182.6,179,159.9,163,170.9,184,180.7,148.9,163.5,170.4,149.5,171.7,185,178.1,114.5,148.4,105.6,137.9,148,111.8,113.4,127.1,98.8,67.7,84,126.2,98.7,112.1,104,97.3,98.3,126.7,164,130.3,139.7,116.7,51,145.3,35,166,77,173.3,197.7,110.5,129.9,121.2,132.4,111.2,138.5,31.8,20.4,113.2,103,144.5,227.5,122.6,55,109,37,93,60,98,141,164,71.2,108.7,85,50,115.1,59,109,199,115.1,69,95.5,102,90.3,76,106.2,39,92.6,75.4,91.8,137,73.4,105.7,100,91.9,131.3,136,67,102.4,77,0,100,130,108,94,123,101.8,100,196,178,186,212,146,99,70,112,45,107,106,96,96,72,68,120,159,121,53,68,118,100,114.5,85,99.3,139.2,118,61,91.8,104,56,190,84,132,103.1,110.1,82,227,101,53,116,43,83.2,40,59,125.9,60,120,100,123.4,306,151,79,98.2,131,115,96.3,80.5,177,60,104.1,76,39,104.9,59,66,75,55,75,95,95,74.5,87,102,97,109.5,96.5,115.3,79.4,126.6,90.6,106.4,115.1,134.6,104.3,126.8,107.8,171,106.1,109.5,130.1,75.8,100,82.6,71.3,90.4,129.3,114.1,110.2,99.1,93.2,115,107.2,119.6,115.7,100.5,128.1,143.2,109.1,75.9,162,62.1,101.7,93.4,103.2,90.8,84.9,79.7,102.3,108.9,118.5,107.7,107.3,85.5,149.3,158.2,135.5,145.3,159,166.7,114.5,104.1,124.1,116.3,97.6,107.5,99.6,108.9,76.7,99.4,140,104,66.2,128.8,83.2,73,72,51,77,70,98,102.1,81,73,84,76,66,87,89,101,56,96
1970-04-01,10.7,10,1.3,5.8,6,8.1,11.8,233,31,4,27.1,0,0,0,35,2,4,0,8,42,0,55,27,28,8,16,19,10,18.8,0,1,16,13.8,23,0,8,3,20,33.5,0,25,20,56,15,7.8,57,5,9.8,44,27,27,12,32,26,16,16,0,30,0,28,67,0,5,10,8.1,0,0,0,0,0,22.7,5,2.7,1.3,16.2,29.5,18.6,19.7,22.2,19.4,14,30.7,23,15.4,24.2,18.2,25.2,14.7,32,22.1,24.6,30.4,60.9,27.2,10.8,18.4,14,2,12.9,10.7,10.6,20.6,15.4,12,8.7,10.1,11.3,34.7,20.5,42.5,20.2,39.6,49.1,29,27.6,23.5,27.6,24.9,30.3,24.9,27,33.9,14.2,35.5,20.4,13.7,10,21.2,15.6,32.7,20.3,5.1,15.2,17,19.8,12.1,23.2,16.5,16.1,19.5,22.7,12.8,33.1,16,5,21.7,46,25.1,22.3,29.4,47,14.3,25.1,19.8,24.2,23.6,12.7,15.5,9.3,13.2,1.2,7,0,9.7,0,5,0,3.8,20,0,0,0,8.3,8.3,0,0,6.5,0,5,0,6.5,6,7.6,4.6,1.1,4.2,13.6,0,6.8,7.6,6.2,0,7.6,15.2,13,3.6,14.5,7.3,0,8.4,0,34,6,0,0,0,2.6,5.3,3,0,6,0,3,2,0,1,0,0,0,48,10,0,0,0,13,33,0,3,5,0,0,6.5,6,5.7,10.5,0,11,7.9,0,0,0,0,2,5.3,8.7,27,0,0,0,0,1,0,0,20,15,0,4,0,4.4,0,2,0,11.2,0,5,9.1,4,0,0,7.4,0,0,13.3,0,0,0,0,3,0,7,8.2,0,4,5,13.7,17.9,10.2,10,24.1,14.1,13.8,8.9,16.8,13.2,9.2,16,0,6.1,9.5,11.5,9.9,12.3,11.4,13,11.6,13.7,12.8,7.9,10.1,10.3,11,8.5,16.9,17.2,11.5,8.6,14.9,11.5,9.5,9,14.8,9,8.9,11.5,9.2,12.8,9.2,9,13,15.8,24.5,19.7,14.5,19.5,14.4,9.4,10.1,13.6,19.9,8.6,12.6,9.4,9.2,6.3,9.9,15.1,7.6,4.8,8,0,1,19.8,7.7,12.6,13,5,21,4,35,28,10.6,16,9,12,6,11,30,15,14,26,6
1970-05-01,11.5,7.5,13.5,11.2,25,60.6,24.1,7,38,28,30.2,79,29,25,42,30,45,30,28,22,60,69,25,37,35,46,38,25,31.7,67,24,58,41,33,26,0,61,61,24.7,17,43,66,97,37,16.5,33,14,29.2,26,92,30,60,16,43,31.7,30,20,26,42,29,52,29,45,64,11.9,11,25,35,18.2,20.8,38.4,11,26.4,21.5,15.9,40.1,21.5,44,34.1,29,34,23.6,20,43,38.8,30.7,37,25.5,38,31,34.7,41.8,33.6,28.6,14.6,22.2,18,19.2,19.1,14.8,16.2,29.2,18.3,15.1,11.9,10.3,17.1,47.5,37,48.3,28.1,57.3,46.3,47,44.2,41.8,39.7,34.1,41.5,45.3,33.4,48.5,25.4,32.3,40,23.8,23.4,27.6,16.2,36.6,25.1,12.7,26.8,27.9,44.7,15.1,22.7,18.7,18,30.7,42.5,18.3,28.5,18,18,25.1,4,38.4,28,50.3,64.1,16.7,34.1,25.6,32.8,36.2,19.5,7.7,5.7,19.9,17,22.9,41,34.4,26,10,29,18.4,30,15,45,21,28.2,23.7,27,33,25.8,46,10,24,25.8,25,12.5,34.2,39.1,37.8,25.1,54,22,18.5,18,18,17.4,26.8,10,24,35.1,18,24,15.3,16.5,0,19,18,0,35,16,17,23,27,21,16,4,26,20,19,16,36,14,30,9,23,23,0,33,57,17,34,42,16,43,35.1,32,19.5,35.5,29,37,22,26,2,34,18,30,26.1,28.4,28,16,13,27,14,29,19.6,30,10,27.9,4,140,26,24.1,23,17,20,25.1,20,22,20.6,15,15,29,18.8,25,54,29.7,29,26,26,30,25,25,25,16.5,15,16,10,18.8,29,16.1,15.5,42,12.5,20.7,26.4,29.9,24.2,20.6,40.3,43,29.5,28.2,29.9,17.8,26.3,28.4,24.7,17.4,19.5,27.3,20.4,22,26.9,23.1,20,30.5,32.7,25.9,24.9,19.6,25.6,19.1,25.2,21.2,17.8,19.6,18.8,18.7,20.9,19,25.4,25.6,26.2,33.6,35.2,21.8,40.1,44.9,40.7,36.1,41,48.8,28.3,26.1,22.4,25.6,21.2,26.8,28,26.2,22.1,26.8,15,12,5.7,6.5,9.3,8,13,12,4,6,12,15.5,6,0,8,5,0,8,5,5,0,7
1970-06-01,7.9,3,1.3,2.4,24,7.8,10.4,55,6,2,22.9,0,4,3,2,14,1,4,31,5,33,5,8,39,18,14,8,43,8.1,0,0,0,18.7,21,0,0,19,5,17.3,2,24,20,37,5,6.9,6,1,14.1,15,5,5,15,0,24,13,18,2,10,16,2,0,13,3,10,5.3,4,28,6,8.9,0.9,20.5,0,2.8,3.1,17.8,18.2,19.1,23.2,16,8,4,17,0.3,19.8,25.1,8.9,16.6,12.8,18.4,13.8,13.4,18.2,12.4,8.9,8.4,18.7,12.1,10,11.6,12.5,8.3,24.8,9.8,15.3,5,7.6,13.5,24,19.7,21.2,12.5,29.4,28.7,15.2,14.8,15.3,12.5,13.5,27.5,12.5,19.1,20.4,7,30.8,9.3,6.8,9.7,12.4,13,25.6,14.4,6.8,11.1,15.2,16.9,9.2,20.7,11.3,11,13.9,11.8,8.2,34.2,12.1,8.3,8.4,3,14.9,13.4,21.1,30.9,13,12.3,13.8,11.6,18.2,12.6,19.9,14.4,11,6,11.8,0,4.9,0,0,0,6.2,0,0,0,0,7,4.5,0,0,1.1,0,0,0,1.1,17,6.9,8.9,0.7,1,9.4,2,8.3,2.7,5.6,0,8.1,12.2,4,1.9,12.4,8.3,1,6.3,0,21,0,4,0,6,0,2.6,3,8,0,7,0,6,1,6,2,1,0,0,5,0,2,0,0,1,1,0,0,5,0,3.5,0,7.1,11.3,0,0,0,0,0,0,0,0,5.4,3,38,0,0,0,0,0,1,0,0,12.5,0,0,6,5.8,0,0,0,4.5,0,0,0.8,3.1,0,2,10.9,0,2,9.5,0,0,0,0,0,0,0,2.6,0,0,3,10.2,13.2,6.7,6.7,13.8,10.3,9.7,4,13.6,11.5,10.2,14.5,0,1.8,5.4,9.3,5.3,8.7,7.6,14.2,9.7,12.2,11,6.2,11.3,10.2,13.1,9.6,14.4,14.6,13.8,7.3,11.4,9.4,9.1,10,15.6,8.4,8.2,13.6,8.1,11.1,6.1,10.4,13.2,12.6,12.5,18.4,16.2,11,16,6,10.6,14.7,13.8,7.6,13.1,15.8,8.2,6.5,12.2,12.9,6.3,5.5,4.5,0,0,0,0,8.2,0,0,0,0,0,0,3,0,0,0,0,0,0,7,0,0,0
1970-07-01,0,0,0.8,2.7,6,0.6,11.2,25,0,0,18,0,10,0,0,0,5,0,9,0,0,12,0,3,0,0,1,0,4.8,16,0,5,10.6,0,0,0,13,5,8.4,1,11,12,5,24,2.5,0,0,12.4,0,0,10,17,0,11,6.4,5,0,2,1,0,5,6,10,0,3.8,3,0,0,0,0,23.4,0,0,0,12.8,14.8,17.9,21.2,17.9,14.4,8.2,16.4,10.2,20.7,23.5,11.6,14.2,12.2,14.6,10.2,11.8,14.3,10.4,6,7.7,20.9,13.3,6.9,12.7,10.9,8.4,23.1,9.2,16.4,5.6,7.8,12.3,21.1,19.1,15.4,12,24.3,17.4,10.7,13.8,12.7,9.7,12.3,25.9,9.2,19.1,19.8,4.7,29.1,9.5,6.1,7,11.1,13,32.3,13.4,5,6.2,11.2,9.4,10.4,21.2,10.8,12.4,13.4,9.5,12,32.7,6.4,7.2,6.6,10.1,8.5,13.6,14.1,28.2,11.8,10.6,17.3,8.6,14.6,11.6,20.8,13.6,9.5,7.6,9.9,0,5.9,0,0,0,4.6,0,0,0,0,6.8,5.5,0,0,0,0,0,0,0,4,6.8,9,0.4,0.1,13.3,0,7.7,3.4,6.9,0,9.1,12.1,0,3.7,15.1,8.1,0,3.8,0,0,0,11,0,5,0,7,0,1,0,0,0,0,0,3,1,0,0,0,0,0,0,0,0,1,0,0,0,9,0,3.6,0,3.5,10.6,0,0,0,0,0,0,0,0,3.4,0,9,0,0,0,0,0,0,0,0,9.2,0,0,0,2.6,0,0,0,3.2,0,0,2.6,1.3,0,0,0,0,0,7.6,0,0,0,0,0,0,0,0,0,0,0,12,12.4,6.9,6.9,17.1,12.3,11.4,0,11.2,14.1,10.8,13.2,0,2.5,6.5,9.9,5.6,10.5,10.4,12.1,11.6,14.1,9.7,6.4,14.5,9.7,12.9,13.2,13.9,19,14.5,6.9,13.4,8.6,9,12.6,17.2,8.9,7.6,15.7,8.6,12.8,7.5,9.5,10.7,15.2,14.7,18.6,13.7,16.7,16.9,11.4,4,14,10.7,7.8,15.2,14.8,8.5,6.7,13.9,13.9,8.6,9.6,3.5,0,0,2.2,0,11.3,0,0,0,0,0,0,5.5,0,0,0,0,0,0,0,0,2,2
1970-08-01,0,0,0,3.3,12,3,11.9,10,4,0,18.1,3,0,0,0,0,3,0,18,0,0,0,0,10,0,0,2,0,6.4,12,0,14,10.6,8,0,0,16,0,12.4,0,4,0,0,3,3.6,0,0,11.6,0,0,4,0,0,4,10,10,3,0,8,0,0,0,0,0,2.9,0,0,0,0,0,22.5,0,0,0,13.2,13.9,19.7,21.9,15.5,16.4,8.6,14.9,12.2,18.6,24.1,10.6,15.6,13.2,16.5,10.7,17,13,9.2,8.6,7.9,20.6,12.3,7.7,12.8,11.5,8.7,25.3,8.8,16.6,6.1,8.8,13.8,22.7,18.6,16.2,14.2,26.9,19.5,10.9,13.6,13.4,16.2,12.4,25.4,10.1,20.7,20.3,4.9,30,7.1,6,6.4,11.9,17.1,38.3,14.1,6.2,7.3,12.7,8.2,10.2,20.8,12.4,10.8,12.9,10.9,12.1,33.2,5.7,6.7,6.9,12.8,10.2,14.6,19.5,30.8,12,12.3,23.2,10.9,16.3,11.8,19.5,13.5,9.5,8.3,9.9,0,6.4,0,0,0,6.2,0,0,0,0,6.3,5.8,0,0,0.2,0,0,0,0.2,0,6.8,2.8,0,0,13.9,0,8.2,3,6.1,0,14.7,10.7,0,2.2,12.1,10,0,4.2,0,0,0,0,0,2,0,10,2,0,7,3,0,0,0,2,5,0,0,0,0,0,0,0,0,0,0,0,0,5,0,3.4,0,5.3,10.9,0,0,0,0,0,0,6,0,3.6,0,4,0,0,0,0,0,0,0,0,11.2,0,0,0,2.6,0,0,0,4.1,0,0,4.1,1.7,0,3,0,0,0,10.8,0,0,0,0,0,0,0,0,0,0,0,12.3,15.8,7.8,8,16.2,11.9,14.8,0,11.2,13.8,10.4,15.1,0,3.1,6.9,9.9,6.3,12.2,11.4,12.4,10.7,14.3,13.2,7.4,16.2,9.4,13.4,13.1,15.8,17.4,14.4,10.2,13.6,8.1,8.4,11.8,17.4,10,8.7,16.6,9.3,14.8,7.3,9.4,10.7,14.9,14.1,19.5,13.9,16.5,24.7,19,6.7,15.5,13.3,6.6,12.6,13.8,8.2,6.2,13.3,14.2,9,8.7,4.7,0,0,0.3,0,11.7,0,0,0,0,0,0,4.1,0,0,0,0,0,0,0,0,0,0
1970-09-01,0,0,0,6.9,32,43.4,22.1,7,30,15,28.5,8,23,15,5,45,26,15,63,8,36,44,14,42,15,78,52,23,23.2,86,21,51,48.2,15,22,5,43,54,26.6,5,60,33,34,34,18.6,16,23,31.3,18,42,36,52,20,60,29.2,23,28,17,18,9,35,21,33,35,13.1,14,3,13,13.5,19.8,42,1,0,0,12.6,23.2,18.3,24.7,21.4,18.1,4,23.8,13.7,24.7,24.4,21.6,21.3,21.8,25.3,22.1,24,27.2,25.2,18.9,10,17.1,16.8,1,14.2,10,10.2,16.9,10.1,11.9,8.1,6.9,11.6,22.7,22.8,23.5,16.1,35.9,35.3,22.2,22.2,24.3,20.6,20.4,29.5,18.9,21.5,36.8,14.5,23.1,20.9,13.4,13,16.8,17.9,28.8,28.6,14.2,15.8,14.7,23.5,12.2,26.1,23.8,19.9,18.2,16.2,9.4,29.7,10.3,9.7,3,2.5,15.2,13.1,29.2,49.7,11.4,22.2,18.4,15,19.7,15.9,11.6,7.4,11.4,9.5,2,3.9,20.9,6,29,7,21.3,25,38,38,14,24,34,39,24,15.6,12,29,31,15.6,8,19.4,35.2,17.3,28.1,30.8,10,30.5,20.4,16.8,21,28,24.7,3,33,42.2,25,47,33.2,13,0,42,55,19.6,65,23,22,26,25,8,29,25,29,40,34,21,0,40,10,21,10,11,0,0,1,12,0,15,9,25,15.2,8,12.1,28.5,113,0,7,3,10,31,6,13,19.9,3,13,6,14,0,6,2,12,11,45,24.9,6,7,13,16,5,22,10,30.2,20,14,31.7,17.2,0,13,10,19,10,31.1,4,45,31,16,6,15,48,4,6,22,27,38.5,26.9,28.1,27,46.8,31,32.6,0,42.8,25.9,26.2,40.5,10,20.6,28.8,27.1,25.8,29.4,24.5,19.3,17.5,24.4,25.7,21.2,31.8,34,25.2,23.3,24.6,29.2,28.1,20.2,21.8,29.9,22.2,22.9,33.8,19.5,27.3,25.2,26.8,25,36.2,24.9,27.2,29.6,33.2,33.2,20.3,27,30.2,37.4,36.6,30.5,30.7,24.2,22.2,18.1,23.6,15.8,17.1,27.7,20.3,12.7,35,27,31,41,55.8,46.9,38,19,42,43,31,56,50.7,74,39,40,45,57,73,97,41,65,50
1970-10-01,7.6,2,9.2,13.4,9,12.8,47.9,35,4,0,32.3,5,19,5,11,7,1,9,15,9,0,9,2,31,3,6,10,15,9.1,12,9,17,55.5,5,10,8,41,17,55.1,5,32,6,0,11,33.6,46,33,28.5,3,8,9,28,4,32,15.9,20,17,0,16,0,5,0,13,21,6.6,0,7,4,39.7,31.7,52.4,25.1,2.1,2,20,10,21,22.3,12.7,9,12,24.1,0.7,15.7,19.6,15.9,13.3,19.7,19.5,23.9,19.9,21.9,10.6,18.3,17.5,30.7,2,40,11.6,12.1,13.4,16.9,15.1,19.1,7.2,9.9,14.6,21.4,22.4,17.1,17.3,29.9,47.8,17,20,13.9,16.3,19.3,26,19.1,18.1,38.5,14.2,38.6,22.8,18.6,10.1,15.9,19.6,33.8,46.9,12.6,3,23,18.5,14.5,29.8,30,27.1,18,25.1,15.4,34.1,8.3,11.1,10.7,24,20.4,12.6,25.8,35.6,14,15.7,21.5,17.2,18.2,22.6,17.7,6.5,12.4,13.4,27,93.2,65.4,65,157,103,57.5,84,100,67,56,48.6,80.1,75,35,62.8,52,157,14,62.8,142,31.6,43.9,81.8,75.2,54.8,49,55.2,59.9,38.7,32,54.7,70.3,73,53.4,87.3,83.4,93,74.9,71.5,0,16,39,25.2,14,17,9,33,45,67,39,29,83,66,71,54,10,36,33,64,64,26,30,71,108,35,21,69,40,69,49,19,36,64.5,57,38,17,100,29,67,62,80,42.8,51,27,12,18,39,30,71,57,62,79,102.7,20,223,34,28.4,60,40,23,80.5,52,36,64.4,38.8,55,27,36,43,48,60.6,57,57,32,65,70,60,101,65,71,99,85,77.3,77.2,30,55.3,88.3,67.6,77.6,83,79.7,60.3,51.4,76,54,53.6,68.2,52.6,41.1,46.3,22.6,38.3,48.7,47.5,59.1,59.5,60.8,57.7,72.4,62,63.6,79.8,41.2,48.8,34,45.3,35,46,60.4,50.7,58,58.9,70.1,51.8,61,73.1,45.5,72,68.8,66.5,51.6,59.5,80.6,64.9,58.5,68.4,80,53.2,45.3,50.5,43,40,45.9,45.8,49.8,40.6,76.6,57,31,83.6,92,67.8,65,73,65,49,70,42,59.4,72,68,69,34,68,70,140,86,82,79
1970-11-01,60,5,69.4,32.1,29,57.6,55.1,23,63,30,38.1,23,37,25,70,59,20,44,8,63,46,28,62,12,42,56,42,42,45.5,33,82,64,59.1,33,50,20,32,28,83.7,67,32,56,65,56,49.7,52,11,41.2,42,43,32,0,27,32,45,35,40,61,33,39,55,70,74,78,37.4,41,38,38,31.4,17.1,72.1,46.3,50.3,54,69,65,62.7,90,68.3,90.3,73.5,53.8,107,65.5,81,63.2,66.7,67.2,78.7,83.3,65.4,85.6,197.9,71.8,89,35,67,99.5,73,40.8,37.7,51.3,59,34.9,32.4,36.4,34,91.1,86.7,97.1,68.9,84.2,89.4,78.8,76.5,66.9,80.1,74.9,79.8,88.6,70.5,84.3,51.8,76.3,62.3,60.5,98,55.1,52.4,58.1,49.5,38.6,61.5,66.9,55.8,42.3,53,44.1,47.5,72,80.9,44.8,49,53.3,36,65.8,59.5,53,39,77.9,71.7,71,80,49.2,74.5,72.7,44.1,15.9,6.1,118,51,84,125.1,82.1,57,33,110,59.3,71,114,58,57,41.3,57.9,67,16,50.8,73,33,107,50.8,138,11.3,84.8,120.2,79.7,54.1,86,56,69.3,55.1,17,52.6,53.8,68,55.1,63.1,47,56,57,64,75,91,60,55,66,82,67,64,123,59,76,64,81,39,74,77,53,92,72,92,68,40,60,98,46,44,14,67,47,93,61.2,56,47.3,81,91,33,6,87,27,110,91,76,46.3,88,131,15,35,129,19,102,82,104,95,56.8,29,0,178,54.3,86,15,36,50.5,0,52,61.2,51.6,56,60,67,78,86,56.5,45,33,12,25,28,40,34,27,50,101,67,58.1,64.8,64.9,54.3,65.3,61.4,63.9,42,53,60,75.8,65.9,82,61.5,64.8,61.1,46.7,47.5,61.6,36.4,51.2,64.1,81.7,60.9,62.1,78.9,75.1,71.1,80,70.3,58.2,57.7,38.5,51.4,29.2,64.9,57.6,59.2,63.8,65.8,77,52.4,67.9,74.3,59.3,56.7,73.1,54,56.7,96,111.8,93.1,92.3,116.2,100.9,88,69,62.5,76.7,63.4,67.1,67.1,67.7,54.5,66.1,71,11,97.3,48.8,81,83,81,106,87,90,71,45.7,55,64,73,55,74,85,63,87,57,45
1970-12-01,20.9,57.1,55.3,57.5,117,76.8,118.5,38,84,55,84.5,41,84,80,79,72,72,59,127,47,109,256,136,87,181,66,51,166,83.2,13,21,121,91.6,125,68,37,110,94,77.5,86,115,170,190,74,77.1,178,55,87.9,127,80,8,97,104,115,83.7,86,33,153,61,211,142,213,168,156,63.3,56,73,59,51.7,44.8,80.7,54,15.2,21.2,37.4,89.5,75.1,103.5,105.2,67.5,40,72.5,73.1,82.3,45,86.1,93.3,90.4,110.9,99,77.5,114.1,95.5,84.5,47.4,56,30,33.5,7,36.4,49.9,56.9,43.6,31.6,32.8,37.2,49.4,116.1,127.8,114.9,81.6,109.9,97.1,122.5,108.1,103.9,105.3,97.5,98.1,108.1,114,84.1,84.4,88.7,76.8,73.8,50,58.6,58.7,52.7,72.8,50.1,74,88.6,66.4,66.6,61.4,79.2,65.2,66.1,76.7,73.7,76,43.2,43,88.8,51,81.2,76.1,87.6,111.5,27,141,79.1,90,90.8,75.7,24.4,10.1,58,9,37,113.8,147.3,105,41,89,102.8,46,72,58,115,100.1,105.4,105,62,91.4,108,41,76,91.4,34,105.2,99.5,89.2,135.1,126.1,81,99.5,98.7,100.1,100,89.8,113.1,59,114.5,121.2,82,106,77.7,78.5,110,76,87,72.7,80,67,110,69,130,157,101,258,117,65,124,111,107,155,95,182,156,125,228,180,96,154,43,227,89,201,142.6,196,112.7,138.6,82,127,60,130,96,83,63,104,93.6,153,113,50,86,67,110,60,80,91,232,109.7,86,120,128,118.7,118,91,161,98.2,87,97,102.2,80.7,100,93,107,150,81,113.5,171,133,76,82,67,43,55,58,134,54,46,78.9,105.4,93.4,92.7,134.6,97.6,110.1,97,107.1,97,143.6,135.7,93,97.8,108.7,99.1,68.2,97.8,96.8,82.7,83.5,105.7,118.8,104.8,104,105.2,114.8,102.2,107.4,113.9,92.5,108,98.4,111.8,76.2,147,82.1,107.1,106,102.6,92.7,87,62.6,109.5,91.1,119.5,109.7,105,86.2,137.5,151.6,145.4,146.2,143.3,141.5,136.5,133.6,125,137.2,119.6,131.2,141.8,125.3,109.8,119.5,86,105,40.8,58.9,62.4,60,63,47,47,35,82,57.6,73,111,61,61,94,51,58,118,102,108
1971-01-01,51.8,71,109.8,119,135,184.2,204.6,137,91,84,201.2,93,120,90,221,107,182,86,252,233,87,105,158,247,91,202,221,120,129.2,90,211,113,219,91,135,97,119,113,116.2,91,157,160,131,147,106.6,234,275,158.8,146,143,99,80,154,157,126.6,112,99,140,106,222,161,161,93,173,147.5,157,131,102,168.5,153,139,78.7,40.5,45,68,72,100,147.3,177.7,134.3,131,129.2,140,125.4,87,146.6,150.4,120.5,156.7,171.3,168.3,178.2,69.9,151.2,145,23,21,85.5,73.4,70.7,92.6,80.4,142,82.6,59.8,72.6,91.5,198.2,204.3,179.5,147.6,163.5,179.9,244,176.4,161.2,192.5,186.2,146.1,194.8,209.2,175.7,145.6,153.9,119.1,129.6,102,106.8,136.6,106.7,109.1,80.4,184,133.4,135.3,139.4,102,103.7,134.2,153.5,204.1,166.4,147.7,109.5,34,75.6,118.6,83.5,139.1,218.6,270.1,115.1,166,122.3,165.7,133.5,153.5,43.7,26.6,125.3,94.4,153,218.2,289,122.5,149,131,145.6,101,181,140,169,166.1,157.1,131,124,143,195,149,136,143,47,170.8,272.6,215.6,195.5,178.4,184,168.5,158.5,156.1,154,148.8,164.1,143,156.1,200.1,198,205,150.6,193,48,253,316,112.4,287,226,209,225,224,201,223,283,213,239,167,264,116,172,209,192,235,159,264,255,96,262,107,175,229,218,186.8,253,190.8,262.2,223,188,134,211,230,242,229,160,143.7,225,96,217,173,184,175,185,220,157,43,197,140,198,131,168.2,123,155,192,203.2,251,200,182.8,172.2,144,129,76,143,183,155.7,205,128,114,178,132,184,145,115,222,177,216,126.7,159.8,155.6,134.5,207.7,151,166.8,152,209.2,168.4,214.8,185,145,176.4,211.8,146.9,114.4,161.3,129.5,152.4,144.4,187.1,156.8,159,162,156.3,152.2,154,200.4,189.6,173.5,182.5,229.1,174.7,116.1,211,128.8,161.3,174.7,159.6,144.2,116.9,122.7,164.5,184.3,151.4,182.6,157.6,147.1,237.6,274.1,256.4,227.2,275.1,249.3,198.7,183.8,176.4,158.2,137.3,184.7,187,163.2,143.2,180.5,151,170,63.1,30.8,83.5,83,111,86,41,70,93,86.2,47,73,40,52,60,83,59,21,59,44
1971-02-01,25.3,10,42.5,40.7,38,167,74.6,86,109,127,95.8,52,130,50,88,139,209,191,52,89,169,55,167,44,123,137,206,118,121.4,116,64,79,126.5,98,112,90,148,72,78.3,62,70,120,440,91,63.6,458,115,87.8,90,103,70,101,140,70,89.9,80,44,173,123,173,103,145,125,115,87.3,102,87,102,37.2,39.8,79.4,51.6,40.8,83,75,129.5,97.2,122.7,141.8,106.8,79,122.8,94.8,123.3,129.5,120,140.7,108.4,109.7,148.7,125,161.3,91.5,117,82.6,97,18,100.7,59.3,70.2,82,73.6,154,55.8,65.3,56.4,51.8,146.4,191.3,160,106.9,160.4,160,176.5,142.4,155.4,153.1,148.2,132,148.8,158.5,130.1,94.6,138.6,102.3,115.5,60,83,86.1,114.5,78.5,51.4,29,107.9,79,82.7,80.8,92.9,83.9,109.8,126.1,110.4,116.1,89.6,57.8,147.5,79.9,226,125,163.6,189.8,64.5,109.5,113.1,122.4,106.2,113,27.5,17.8,80.5,53.2,61,31,42,66.5,81,28,60.6,106,79,65,160,50.3,86.7,16,21,65.2,81,81,26,65.2,88,48.4,106.8,52.1,48.1,68.5,196,62.6,76.4,53.1,38,59.8,67.2,0,61,98,53,85,75,84.5,60,104,115,54.5,102,56,35,58,49,126,46,37,31,36,33,35,92,64,50,74,28,4,14,48,49,27,27,14,44,43,46.3,56,44.4,72.8,43,62,50,55,79,66,42,27,52,45,145,38,58,32,43,51,42,97,46,77.8,33,261,48,53.3,22,32,24,73.7,13,20,68.7,42.1,99,58,22,30,196,72.4,27,74,9,38,30,162,127,53,158,36,82,70.4,70.1,55.3,60.7,102.9,78.3,71.2,49,87.7,60.3,62.1,78.6,38,60.8,78,65.2,44.2,54.4,57,44,55.3,71.8,65.7,57.4,63.4,70.3,80.5,59.2,83.5,73.9,49.7,66.7,87.3,62.3,42.2,78.8,51,67.7,62.4,68.1,68,64.8,64.8,76.1,79.3,81.3,77,76.9,62.4,84.6,81.8,95,83.6,86.4,102.9,77.7,65.1,59.5,53.1,50.3,63.9,60.8,65.2,44.2,74.4,57,25,45.6,22.6,60.7,60,60,68,27,52,65,40,51,55,18,16,59,9,29,55,0,32
1971-03-01,41.2,14,53.6,36.1,114,46.1,99.3,135,32,19,93.2,128,93,41,40,39,93,38,104,49,42,98,42,84,14,38,23,0,48,86,49,200,129,41,134,43,110,81,89.4,53,114,40,61,54,65.2,15,63,84.7,48,84,51,94,51,114,49.4,47,100,15,30,26,132,20,47,43,27.2,52,60,9,97.2,81.7,67.1,30.2,15.2,21,15,63.6,46.4,58.2,65.2,58.3,65,46.3,75,61.6,65.5,54.6,54,57.7,74,63.6,53.1,67.4,64.9,58.8,35,58,66,46,27,26.5,33.8,41.4,47.5,31.2,21,26.1,31.9,71.3,59.6,84.8,59.6,59.4,85.7,68.3,59.5,52.8,63.1,69.8,69.1,75.1,63.9,72.5,40.8,75.3,50.4,56.4,110,44.3,43.1,52.8,46.2,33.2,116,62.8,51.6,48.6,49.5,39.6,42.3,60.4,68.5,37.8,44,36.1,29.1,40.2,31.8,51,43,66.9,77.4,19,55.2,45.8,55.7,49.7,41.8,24.6,7.6,33.2,19,65,113.8,90,55,126,90,82.6,77,86,59,78,67.4,86.9,110,59,88.3,107,126,115,88.3,80,36.5,177.4,98,82,90.9,99,92,91.7,56.7,38,75.4,101,25,89.8,116.8,60,30,84.5,45,110,133,116,66.7,192,176,110,140,159,105,77,116,101,251,80,118,44,36,94,75,114,86,50,78,118,100,56,86,185,58,79.5,26,66.6,98.6,65,110,53,60,52,86,35,80,88.3,91,194,31,65,85,43,67,54,63,48,107.5,40,274,0,63,42,36,69,82.2,53,74,80,64.3,65,113,126,99,98,88.5,60,61,69,49,73,44,71,50,16,62,62,77.5,85.6,91.7,75.6,106.7,81.2,96.6,86,129.9,77.7,112.4,109.6,76,84.5,96.5,101.9,63.1,69.4,80.5,63.5,68.5,90.7,96.2,85.7,83.5,95.3,82,85.5,100.6,96.5,71.8,84.2,64,89.8,64,122.7,72.9,78.1,70.4,90.2,79,76.5,72.1,83.3,67.6,105.8,87.5,93.5,69.6,93,101.9,95.3,104.1,115,108.5,88.6,78.4,73.2,75.3,68,79.4,69.6,75.6,60.7,83.9,61,36,10.5,50.3,66.9,112,6,44,103,58,29,54.7,75,146,24,0,34,33,57,39,27,42
1971-04-01,45.2,17,21,22.2,42,35.4,64.8,65,35,28,58.8,84,99,36,47,44,63,25,46,50,67,33,49,23,35,32,29,78,43.2,103,34,64,73.8,80,36,47,93,76,91.5,30,28,37,65,58,49.4,64,78,51.8,46,74,46,81,73,28,34.8,65,50,56,64,35,35,47,45,96,26.7,35,69,18,69.8,30.1,62.8,22.8,14.5,22,23.1,41,35.6,60.6,56.9,49,73,46.5,43,55.8,79,48.9,50.3,49.5,56.7,58.5,53.5,52.3,125.6,51.6,28.6,31,28.5,41,31,23,25.9,32.9,68.5,22.4,15.8,20.4,23.5,72.8,62.3,82.2,55.1,59.6,69.9,69.4,58.6,57.3,67,68,70.6,64.3,60.5,70.3,37,66,49.8,48.4,29,39.4,32,48.3,40.6,22.9,3,52.6,41,38.2,35.5,32.8,36.4,46,70.3,37.3,41.9,26.9,6,43.3,30.6,86,35,61.8,79.7,24,113,44.4,56.4,48.1,41.4,15.6,6,24,17,53,36.8,56,29.5,29,0,46.6,54,83,60,0,43.6,51.8,44,12,73.6,27,29,13,73.6,8,77.3,66.8,48.5,50.5,56.7,33,48,57.9,59.1,39,44.9,47.1,85,40.7,69,99,94,62.1,25,0,54,53,46.9,83,36,40,25,102,100,48,46,112,32,136,57,39,77,0,130,177,61,81,15,30,243,72,136,94,26,61.8,113,50,72.4,58,83,58,83,64,31,79,44,43.5,59,0,46,43,42,58,77,54.4,0,0,64.8,72,45,44,53.8,42,88,32,58.2,70,39,55.8,49.8,16,26,44,76,33,53.5,13,37,21,13,1,35,51,23,74,67,74,61.2,57.3,62.8,45.1,72.4,56.9,67.1,66,78,65.5,60.6,57.7,30,56.4,72.8,60.3,38.8,44.4,48.7,39.3,45.1,66,72.3,56.9,58.1,63.3,75.5,64.4,74.7,74,61.4,59,37.9,64,39.7,72,57.7,52.8,56.4,49.5,59.1,44.6,61.2,58.1,50.8,62.7,71.6,57.5,52.6,81.9,92.8,80.5,80.2,97.4,82.4,81.5,73.8,74.8,87.2,66.8,84.3,76.1,73.6,59.3,68.5,51,77,14.5,21.7,54.4,35,21,59,30,57,51,35.6,16,31,10,14,23,33,56,11,10,28
1971-05-01,1,2,0,3.6,12,1.6,12,91,0,0,18.7,0,0,0,3,0,0,0,0,20,0,0,1,14,0,0,0,0,9.9,0,0,0,19.6,0,0,0,0,0,18.8,0,0,0,0,0,8.4,0,14,17.7,0,0,0,0,5,0,8.3,0,0,0,0,0,0,0,0,0,1.5,0,0,0,0,0,27.6,0.4,4.9,4,15.4,25,17.6,24.1,20.1,20.1,20.7,23.4,7,19.9,20.4,19.9,19.8,19.9,25.9,18.9,20.1,22.2,97.5,18.9,9.7,30,23,6,14,9,12.2,19,8.5,14.1,8.6,9.9,10.3,24.3,23.4,38.2,19.9,33.5,33,21.9,20,18.7,27.1,21.6,27.4,21.8,24.3,26.9,8.5,25.4,16.3,9.6,14,13.9,20.3,47.5,19.4,5.7,11,14.4,13.7,12.6,23.5,15.9,13.3,13.8,15.9,9.1,32.4,8.8,12.4,14.4,5.5,28,16.6,19.2,34.6,10.4,11.6,17.8,12.5,19.5,9.2,14.6,11.2,5,4,8,4,13.3,0,9,3,10.7,27,6,0,0,4.3,14,23,0,3.9,7,9,3,3.9,2,9.1,10.7,0.5,2.5,14.6,5,15.6,9.5,7.8,0,14,15.7,48,9.4,25.3,19,10,17.3,12,0,0,30,6.7,6,0,5,7,2,0,0,0,0,4,0,8,0,0,0,0,0,4,0,0,11,0,0,2,22,13,8.9,0,6.6,12.6,11,0,0,0,0,31,0,2,8.8,0,27,0,0,0,0,0,4.8,0,0,13.2,0,5.6,0,10.2,0,0,0,18.2,0,0,12.2,5.6,0,0,0,8,5,12.8,3,48,6,0,0,0,11,2,10,21,7,24.7,20.8,14.3,15.3,33.8,16.6,21.2,0,24.7,13.5,12.9,19,0,7.4,17.8,18.4,16.5,20.6,12.1,16.7,12.8,20.6,19.9,11.9,12.8,16.2,19.6,16.3,17,25.8,14.8,13.7,16.3,16.5,12.6,9.4,23.9,12.1,13.4,14.5,12.2,17.2,20,17,16.2,19,24.8,30.7,17.8,19.9,19.8,18.5,12.9,13.4,17.9,8.8,14.3,13.3,11.7,7.4,9.1,20.5,8.4,6.5,12.6,0,0,5.5,16.4,20,22,4,13,10,26,19,22,9,19,6,3,44,16,46,5,76,78
1971-06-01,2.5,0,0,2.9,0,0,14.5,0,0,0,14.2,0,0,0,0,0,0,0,0,0,0,0,0,0,0,0,0,0,5.9,0,0,0,11.1,0,0,0,0,0,8.7,0,0,0,0,0,2.2,0,0,7.1,0,0,0,0,0,0,9.6,0,0,0,0,0,0,0,0,0,5.1,0,0,0,1.6,1.2,21.5,0,0,0,12.1,16.6,17.7,21.3,14.5,16.3,7.1,15.4,8.3,18.4,17.5,9.6,15.7,13.4,14.3,7.7,14,10.7,11.6,5,7.8,19.6,13.2,7,10.7,8.7,8.4,23.5,8.9,12.8,4.4,8.4,10.4,19,19.9,18.9,11.7,23.9,17.2,15.4,12.9,13.2,11.5,11.6,24.1,9.5,20.4,16.7,5,27.7,8.8,6.3,9,11.5,20,37.3,14.4,5.5,5.8,10.3,10.4,10.6,20.8,11.9,10.4,12.6,10.3,7.7,32.6,3.5,8.5,1.3,11.6,5,11.6,16.2,32,9.8,5.5,20.9,7.3,12,8.5,18.4,13.4,10.1,7.4,12.1,3.7,6.4,0,18,0,5,0,13,0,0,6.9,9,0,0,0.4,0,18,0,0.4,0,6.3,0,2.3,3,12.2,9,15.5,2.8,8,0,15.4,17.1,7,3.4,13.4,10,7,6.7,6.5,0,0,0,3.8,0,0,0,0,0,0,0,0,0,0,0,1,0,0,0,7,0,0,0,0,0,0,0,0,0,0,4,0,3.4,15.1,14,0,0,0,0,0,0,0,4.6,0,0,0,0,0,0,3,1.4,63,15,9.8,5,0,0,3,0,0,0,4.5,0,0,4.6,3,0,0,0,2,9,11.7,0,0,0,0,3,1,0,2,8,3,10,13.7,14.8,8.6,10.8,14.8,12.1,13.4,0,13.3,14.2,16.4,14.7,0,6.5,6.4,10.2,6.9,13.5,13,13.8,11.3,14.7,11.6,8.4,16.9,11,13.4,15.2,15.7,15.5,14.9,8.6,13.4,8.6,10.5,10.8,17,10.1,8.7,14.3,9.1,12.9,8.2,10.5,13.1,13.8,17.1,19.2,14.4,19.8,27.1,12.5,9.5,17,16.1,10.5,17.4,17,12.9,7.5,13.6,15.2,12.6,8,6.2,0,0,5.8,4.7,9.5,5,7,0,6,4,0,7.1,0,0,0,0,0,2,8,5,0,6
1971-07-01,0,0,0,2.3,0,6.2,13.9,0,0,5,12.9,0,0,0,16,10,3,6,0,23,0,7,0,0,0,5,12,0,6.1,0,18,3,11.7,0,3,1,25,0,13.6,0,0,0,0,0,7.8,0,0,14,0,16,7,0,4,0,7.5,0,0,0,0,0,4,0,0,18,4.4,0,4,7,5,8,24.9,3,0.8,3,12.9,16.3,18.6,21,14.3,18.2,10.4,20.4,10.5,20.4,4,10,14.1,19.1,17.7,11.7,13.5,13.6,4.2,10,8.8,17.7,5,2,9.8,7.4,8,20.6,2,9.9,6,6.3,9.7,16.4,17.2,21.8,13.2,33.1,22.3,12.5,10.6,20.4,11.9,10.4,26.9,10.7,16.6,22.3,6.9,24.1,14.4,8.3,8,8,11.3,37.5,25.5,7.2,8.8,9,6.8,8.9,23.9,15.2,9.9,13.3,12,6.2,31.5,0,8.4,8.7,12.3,3,12.9,20.1,26.4,9.4,9.8,13.4,8.9,17,10,15.5,10.1,5,3,1,9.1,24,15,12,51,21.4,24.7,45,16,18,13.8,28.1,30,21,37.7,13,12,20,37.7,0,13.2,14.8,17.4,19.2,23.3,6,20.4,16.3,9.2,0,20.9,21.3,14,22.7,39.8,30,16,21.8,20.5,0,10,3,6.4,10,7,0,0,11,0,6,3,0,4,16,26,2,6,10,14,12,5,11,16,16,4,12,0,22,17,15.9,13,12,19,17,18,13,20,19,16,17,18,20.6,12,0,3,0,14,8,14,17,14,0,22.6,7,0,11,15.8,13,8,0,28.2,8,12,24.5,11.9,0,26,8,10,6,24.7,0,17,24,19,6,17,17,2,13.4,34,8,25.8,28.6,9.2,21.5,49.6,22.2,29.7,0,25.5,19.6,17.6,43.5,20,15.4,20.8,16.7,17.7,23.3,14,21.1,14.3,22.5,22.1,16.2,23.3,24.1,23.7,21.6,22.7,22.6,19.4,13.3,19.1,18.8,16.2,13.1,23.8,15.1,20.5,19.2,20.1,21.3,22.2,22.9,16.5,28.9,33.2,35.1,22.3,24.2,22.4,27.1,12.7,24.1,27.5,16.1,16.7,13.2,13.1,11.8,13.4,20.5,13.5,9.1,31.8,25,6,1.1,3.7,15.9,14,5,10,6,10,9,15.8,8,10,2,1,5,6,10,5,0,8
1971-08-01,0,0,0,1.8,0,0,12.1,0,0,0,16.3,3,10,15,0,4,19,0,0,0,3,25,0,0,13,1,2,17,6.6,35,0,20,9.6,10,0,0,28,47,17.1,10,0,12,0,25,5.7,0,0,18,0,22,20,5,0,0,12.4,4,20,27,7,0,25,6,6,15,4.6,0,0,0,6.7,6.6,31.2,6.4,0,0,11.7,17.2,12.5,21.8,15.5,11.6,10.8,12.8,9.8,17.5,15.8,12,13.7,19.7,15.2,9.4,10.8,14.6,11.5,7.8,5.9,14,12.6,6.8,11,8.3,6.8,17.3,9.2,7.9,5.1,7.6,9,15.8,19.1,15,9.1,26.7,22.9,13.1,13.4,12.9,11.6,10.5,23.9,10,19.2,22.1,6.2,21.7,11.9,7.9,9,14.5,12.4,32.2,19.9,7.4,7.2,8.5,9.7,9.6,23.1,21.2,13.1,7.7,10.3,4.4,34,0,9.2,3,12.8,2,2,16.5,30.1,8.3,2,11.5,6.3,5.9,10.1,16.1,12.3,9.1,7.5,14.2,14.5,6.9,6,26,4,6.9,11.1,27,0,4,8.9,13.1,21,5,1.9,40,26,11,1.9,14,10.3,0,0.8,0,16.6,4,14.4,11.2,7,0,13.4,15.4,61,6.6,15.8,19.3,8,20,13,0,0,0,1.8,0,0,0,0,0,0,0,0,0,6,0,3,0,0,0,6,0,0,0,0,2,0,5,0,0,0,10,0,2,12.8,0,2,0,0,0,0,0,0,6.9,5,0,7,8,0,0,0,0,12,9,9.6,14,7.5,0,3.4,11,6,2,11.9,4,15,7.8,5.9,0,10,12,11,4,12.1,6,13,19,9,9,11,6,9,16,14,25,28.2,18.2,11,18.1,27.5,16.5,19,0,17.5,12.7,13.9,21.2,0,7.4,10.6,10,14.4,15.3,14.1,18.1,13.1,14.4,11.6,8.8,16.2,16.1,12.2,16.6,16.3,16.7,16.1,8.9,14.5,10.8,9.9,7.3,19.9,12.2,10.9,17.6,12.4,16.4,14.5,12.2,13.9,15.6,19.7,26,17.7,15.7,15.9,12.3,6.9,16.2,14.9,11.3,14.1,10.4,9.5,6.1,9.2,15.9,7.8,7.4,8.7,0,4,45.5,41.4,26.7,18,26,23,23,21,36,29.8,15,32,42,44,15,27,44,68,48,52
1971-09-01,0,0,0,5.4,7,10.3,14.1,25,7,0,21.4,3,11,0,0,8,28,9,10,3,3,22,4,12,0,7,10,0,15.4,0,10,9,39.9,8,0,15,24,40,31.6,4,47,3,10,28,11.2,4,0,24.4,8,87,0,17,10,47,16.6,4,0,0,25,0,9,0,8,22,8.4,5,15,9,4.6,4.7,29.4,0.2,0,1,60,20.7,16.8,21.5,14.7,17.6,18.5,27,14.1,16,11,16.9,19.3,19.9,21.4,20,21.1,21.6,1.8,16.5,26,22.7,17,2.5,8,11.6,9,14.7,11,10.1,7.3,10,11.8,29.6,21.1,30.4,18.5,39.1,33,23.7,17.5,20.1,20.2,21.7,36.6,22.6,26.4,29.3,11.1,27.4,17.3,13.8,30,13.2,16.7,42.3,27.9,11.3,13,16.8,12.5,9.1,29.6,22.5,15.3,17.7,19.8,10.1,31.7,0,9.9,6.7,62,14,4,30.8,38.4,5,44,15.4,25.5,21.4,11.2,14,11.6,3,8.4,15.5,10.6,14,0,14,34,20.1,23.1,14,5,20,8.2,34.2,7,1,68,0,14,9,68,0,1.2,11.3,3.4,4.7,26.3,10,22,12.9,9.2,0,23.8,20.5,68,18.3,42.5,15,25,28.1,8.5,55,2,20,7.8,12,9,0,2,29,0,4,3,0,10,2,3,5,24,10,13,0,0,6,31,0,0,3,0,18,9,12,0,3,21.4,8,2,13,0,8.1,2,8,2,17.6,7,36,0,28,0,0,26,10,26,14,33,2,0,2,14.4,0,1,0,33.9,0,5,29.3,10.3,0,17,9,12,10,14,14,0,27,0,0,3,0,3,30.6,27,20,35,30.8,16.4,23.8,51.8,25.7,32.1,39,44.4,19.9,18.5,47,0,14.4,23.6,21.2,23.2,25.4,17.8,25.5,17.1,21.7,23.8,16.5,21.4,28.2,27.2,18.7,28.7,30.2,22.6,18.8,19.8,21.4,21,16.6,31,17.2,21.4,21.4,20,21.8,25.9,22.8,21.2,36.5,34.3,40.8,24.7,23.3,22.7,25.9,17.9,23.6,23.9,17.5,17.4,15.1,15.3,13.3,14.2,19.7,13.8,8.3,30.2,36,1,25.9,81.6,37.5,17,22,20,43,29,34,44,46,42,5,39,39,47,81,59,87,89
1971-10-01,17.2,4.2,6.8,27.3,44,73.5,31.8,43,85,80,39.2,76,38,13,68,50,70,136,35,86,31,44,80,37,25,74,82,19,50.8,12,72,57,47.3,35,49,20,26,57,80.9,21,65,26,71,22,37.8,22,0,39.1,85,32,107,64,107,65,41.9,25,11,16,36,96,53,11,22,20,39.2,36,63,90,64.3,56.2,47.4,21.6,42,49,35,66.6,53.1,70.3,61.8,71,94,61,73.2,62.1,69,59.1,69.2,61.4,84.3,83.5,62.3,79.6,96.9,87.3,44.6,27,50,75.5,66,43,42.4,48.5,49.5,42,33.9,35.8,30.4,80.8,82.5,99.9,64.8,91,102,80.2,74.5,66.3,77.7,79.4,82.2,85.6,63.7,75,44.2,73.9,67.5,54.9,5,45.5,38.5,52.1,40.3,26.9,27.5,64.9,50.6,41.9,42.3,49.4,46.5,68,83.1,47,51.5,71,39.9,50.5,80,70,44,82.2,96.5,61,72,58.1,85.6,90.8,45.6,15.3,6.3,64,31.1,107,40.6,47,80,57,22,53.8,44.8,50,4,25,36.7,67,92,35,17.6,89,57,20,17.6,33,12.6,45.6,17.8,14.7,47.8,36,69.6,53.7,27.8,15,53.9,58,175,59.4,48.1,81,124,79.8,108.5,0,24,44,26.3,52,40,24,29,42,22,26,51,30,18,19,11,28,30,10,30,14,62,52,45.9,7,27,17,24,0,44,34.2,66,27,53.3,0,63,39,32,40,13,17,9,30.8,22,82,35,45,22,37,24,28.8,27,20,37.1,23,168,49,33.1,96,14,18,35.8,0,58,44.7,31.6,20,32,51,43,36,29,32,31,50,53,67,63,156,60,66.9,46,80,68.7,48.4,32.7,44.8,62.8,61.6,44,31.1,36.3,34.9,36.1,66.8,28.9,32.2,39.9,35.9,38.5,39.1,38.8,26.6,37.5,46.2,47,41.8,40.5,57.5,48.7,36.3,50.1,40.2,42.1,35.5,29.5,37.8,29.6,37.5,56.1,51.6,48.8,53.9,58.5,43.1,72.7,58.6,45.4,52.2,49.3,50,53.5,62.9,66.5,58.4,68.1,67.1,72.9,55.8,39.3,38.5,35,30,43.1,43,39.3,26.7,47,15,13,40.6,77.5,66.4,60,62,76,70,76,69,49.2,51,32,31,28,26,69,112,57,77,46
1971-11-01,6.9,33.2,177.9,42.9,25,73.3,56.4,50,38,97,58,52,59,46,58,74,68,44,11,77,61,51,55,219,22,34,63,98,65.7,87,43,61,61.6,45,33,60,112,104,75,22,65,47,150,114,48.1,174,54,50.3,100,72,119,35,31,0,48.9,30,9,20,77,46,114,25,15,34,34.5,27,68,47,59.3,32,62.8,14.3,36.6,28,17,70.6,52.1,76,69.3,62.1,63,52,74.5,62,75.2,59,70.3,60,75.9,75,57.5,80.7,94.6,71,43,13,20,26,40,19,41.4,44.9,35.5,42.5,32,34.6,28.7,85.7,72.3,101.5,65.9,78.5,88.4,72.5,65.8,66.9,75.4,76.5,91.6,83.6,71.8,74.4,44.4,74.5,68.8,57.5,36,49.6,50.6,61.7,48.9,35.2,16.5,65.5,58.5,42.2,43.4,38.4,45.8,71.3,77.8,46.3,44,62,32.7,116.3,47,90.5,52,77.1,82.8,43,32,50.3,72.4,80.7,59.1,13.4,7.2,27,31.1,83,22.7,75,34,25,30,39.1,105,3,42,43,40.1,40.9,31,52,57.3,56,25,19,57.3,152,27.7,49,97.7,55.1,43,30,33.6,43.7,73.6,65,37.6,38,57,34.9,51.9,13,15,24.7,24.5,68,24,17,46.3,34,43,60,31,88,51,74,44,38,28,48,27,36,81,56,88,109,81,84,110,56,87,80,111,65,57,67,96,50,68.8,38,114,123,75,70,33,31,55,39.6,138,54,34,78,23,83,36,37,34,39,42.1,68,114,20,53.6,28,26,11,44.9,0,40,41.4,44.5,18,22,28,41,30,5,43,18,34,21,29,20,12,25,86,12,18,36.4,44.7,51.7,29.6,59.1,41.8,48.2,56.5,60.7,56.9,41.3,46.6,16,46.2,54.1,46,29.9,34.6,47.8,28.9,33.8,56.9,68.5,44.2,44.2,54.1,61.7,53.6,67,53.5,46.2,48.2,35.6,45.5,31.5,53.5,39.7,47.3,47.9,40.5,53.2,37.2,33.5,40,48.2,43,65.2,36.4,36.3,77.7,101.4,82.5,88.9,99.9,74.1,79.3,76.6,74.8,84.2,69.7,74.3,95.2,84.3,51.6,46,9,27,5.6,33.9,22.8,27,14,0,8,22,19,27.6,20,0,3,2,0,26,30,2,0,60
1971-12-01,1.5,0,5.9,26.8,19,7.6,67.4,72,43,0,43.1,0,17,5,7,0,29,0,20,0,7,29,46,34,0,4,6,0,19.4,76,18,23,68.4,36,12,0,22,18,96.2,0,20,8,16,25,39.1,57,38,35.6,81,12,10,40,0,20,24.1,30,26,3,16,25,20,7,10,10,14.4,0,0,0,18.2,26.4,58.8,0.8,10.1,9,84,36.3,29.7,36,21.9,31.3,17,35.7,23.9,28.3,42.5,26.1,24,27.5,30.6,30.6,28.1,35,10,27.7,26.2,6,23.2,26.3,5,19.2,23,26.8,19.8,29.5,13.7,14.4,20.4,36.2,35.1,41.3,32.5,40.3,57.9,38.6,34.4,25.9,26.9,31.8,32.7,41.2,23.4,52.5,18.1,51.4,31.8,30.1,7,22.3,25.9,42.6,49.7,19.8,22.8,33.9,29.4,21,28.5,27.3,31.1,27.8,36.3,24.3,36.7,22,17.3,5,23.5,3,31.5,37,41.7,30,25.9,26,24.6,24.8,26.6,16.5,13.3,5,4,13,23.9,141,14,37,85,51.4,75.2,55,82,91,55.8,52.3,33,19,83.7,18,37,10,83.7,92,46.5,82.5,106.4,196,58.9,27,35.9,59.8,63.5,65,48.8,58.6,40,37.6,83.6,15,6,29.9,6,37,118,155,51.1,55,68,25,91,123,76,59,30,58,74,64,48,41,46,5,70,28,10,53,48,82,67,26,122,42,158,81.4,454,194,92.1,23,75,98,135,91,107,85,139,56.5,71,51,63,34,62,34,68,71,51,142,97.5,80,236,71,57,14,42,21,84.7,40,64,61.5,57.5,37,77,36,28,27,170,5,30,46,6,7,11,16,11,82.3,47,2,33.7,76.6,66.1,46.1,79.3,61.4,78.4,88,87.2,71.8,74.5,67.1,54,70.5,77.2,75.4,44.9,48.5,52,40.3,50.8,89,79.8,71.3,67.8,79,81.3,73.8,81.6,93.1,49.3,73,39.7,53.8,39.2,90.5,47.5,64.4,75.7,54.2,77,51.2,42.9,60.2,59.6,72.2,79.3,68.7,46,90.9,103.4,97.6,98.8,111,101.6,94.5,85.6,79.7,84.8,78.1,80.5,88.6,89,66.4,79.3,74,53,135.4,78.3,21.9,0,0,13,9,10,0,26.5,7,22,17,0,12,27,40,13,32,46
1972-01-01,48.6,91,84.4,44.2,18,59.7,66.2,29,78,100,72.3,39,31,39,14,90,42,91,40,76,49,51,95,31,5,169,53,40,66.1,141,30,71,73.3,25,32,84,82,34,76.9,48,109,4,64,69,52.1,29,70,56,89,80,137,135,67,109,68.1,28,16,49,65,22,101,7,105,42,44.5,41,123,36,65.2,85,96.9,114.1,53.3,90,84,60.2,78.8,76.9,67,50,53.5,72.4,15.8,74.4,78.5,54.9,65.3,73.9,72.4,70.1,53.5,84.1,24,95.5,50.4,50.5,34,192,81,35,65.7,65.4,30.8,17.5,50.3,48.4,50.8,84.6,82.7,95.4,96.5,83,96.5,87.8,77.3,74.4,75,72.6,98.4,93.3,79.3,112.1,58.7,80.4,53.8,75.2,36,47.3,58.7,71.4,57.4,52.5,28.5,77.5,62.1,57.3,61.4,65.1,53.6,67.9,82.7,63,83.2,92,9,74,71,86,58,91.1,87.5,60,86,69.2,88.6,84.6,74.2,25,17,69,61.7,27,165.9,78,156,89,125,99.8,101.8,39,6,99,65.6,96.6,65,75,80.4,138,89,120,80.4,96,82.5,93.5,65.9,113.2,106.4,130,86.5,101.1,86.5,105,86,101.2,92,102.9,83.9,119,90,84.2,69,142,52,41,61.8,83,117,124,59,127,84,74,102,2,95,65,89,30,131,53,37,72,14,89,134,192,68,33,78,48,70,93.4,78,35,97.8,40,68,49,47,79.9,56,90,27,81.3,58,228,109,127,55,137,60,94,80,92,84.7,148,120.4,90,91,96,138,108,78.6,38,96,90.3,73.3,111,119,148,129,130,114.8,79,116,49,60,94,53,47,33,68,94,43,84.4,93.4,63.8,83.5,92.2,94.1,77.5,24,71,79.5,76.6,111.5,80,65.3,80.8,77.6,53.7,60.1,70.3,62.6,63.2,78.9,83.9,84,78.8,103.1,87.2,82,85.9,82.7,61.9,68,84.6,68.8,43.9,85.8,69.3,100.7,101.4,104.2,94,68.2,78.9,95.1,89.5,104.4,100.3,91.9,71.8,123.9,144.5,114.8,130.5,133.6,145.6,111.8,97.1,92.9,111,79,94.1,91.4,92,63.2,83.3,42,80,46.5,50.7,92.8,78,27,77,110,112,90,79,107,117,77,47,149,65,20,64,63,69
1972-02-01,55,101.5,60,40.4,3,45.9,48.1,27,37,16,35.3,26,40,41,120,11,33,33,35,71,10,0,42,4,0,116,36,0,32.7,48,167,8,50.3,0,29,16,104,25,85,58,11,0,42,21,41.2,49,72,30.3,36,0,32,20,16,11,33.9,28,17,41,21,8,36,0,0,17,24.2,16,16,20,50,42.8,58.7,55.2,30,58,94,56.3,43.3,51.7,57.8,33,62.4,54.2,18,53,60.6,40.2,51,54.3,55.9,54.5,51.5,52.8,18.4,58.6,38,36,30,68.2,42,29.6,37.4,46.5,67.5,30.6,29.6,32.3,28.3,63,72.5,67.6,59,63.1,66.2,63.5,55.8,55.5,49.8,56,68,62.5,46.6,74.9,27.7,69.6,43.5,54.7,54,40.1,42.2,50.4,43.5,32.2,31.5,55.2,47.3,35.6,38.3,36.2,36.4,45.8,55.7,33.2,43.6,33,9,48.7,65,50,78,76.5,84.6,16,54.6,35.1,54.2,44.8,45.3,19,8,29,26.1,50,98.1,112,71,90,91,85.4,92.5,140,51,76,71,97.6,156,63,83.7,93,90,57,83.7,104,62.5,31.4,114.1,71.9,104.8,79,90.7,103,81.2,90,79.5,123.8,30,89.7,68.1,53,57,72.8,78,70,44,41,49.6,70,55,61,23,128,47,59,26,29,26,25,13,40,43,15,42,46,69,70,107,98,69,47,100,22,83,90.8,107,95,85.7,14,116,110,138,102,29,115,56,60.7,86,32,20,120,80,102,82,81,88,17,69.8,115,127.3,84,79.5,171,73,78,68.7,41,91,79.4,74.5,48,109,111,114,79,7,153,66,119,101,65,30,56,86,82,57,88,61.6,93.1,40.5,70.8,81.7,82.9,69.1,51,53.4,85.7,57.9,99.5,53,53.9,52.9,56.5,37.3,47.2,48.7,41.6,58.3,77.6,75.2,77.7,77.9,96.9,79.5,72.6,72.5,71.4,44.8,55,43.6,39.4,36.9,60.8,62.8,79.3,84.2,80.8,90.8,54.1,68.4,79.8,64.1,75.4,83.8,72.4,69,115.1,139.5,113.6,121.9,129.2,131.3,110.2,89,91.7,86,69.8,80.8,95.8,91.1,62.9,84.8,68,63,62.9,9.8,49.6,50,79,54,33,36,54,29,10,22,19,0,18,18,40,31,13,22
1972-03-01,26.4,27.8,54.7,32.3,99,46.5,94.2,12,118,50,121.6,76,92,136,49,50,50,57,175,26,45,181,51,129,56,54,48,41,60.3,252,45,129,158.3,126,41,38,146,120,86.1,142,116,95,72,89,85,49,183,110.5,91,195,199,170,49,116,73.9,120,164,67,185,19,194,68,108,169,54.3,157,91,33,92.2,129.1,61.4,100.4,35.6,37,30,68.4,52.7,71.2,66.7,57.7,36,44.3,12.4,58.7,71,72.1,61.4,64.2,85,67.1,62.2,93,33.3,58.2,2,18,48.7,27.5,29.9,11,32.6,41.1,26,10,22,27.6,37.1,91.2,105.3,94.2,66.4,78.7,84.3,91.9,80.3,66.4,74.2,72.3,71.8,80.5,93,66.9,67.8,89.3,58.2,53.5,18,45.5,46.6,50,51.9,33.5,48,68.6,57.9,50.3,50,49.3,56.5,61.2,85.4,49.8,55.8,38,17,48.3,53,85,73,79.6,91.4,24,58.4,62.6,70,64.6,50.4,20.5,10.2,33,28.1,29,134.5,176,134,66,29,84,97,75,69,29,50.9,89,93,125,17.4,117,66,55,17.4,85,55.2,269.4,53.4,75,87,110,100.7,99.7,52.3,111,81.4,121,104,107,103.8,99,116,101,88.5,165,226,264,62.6,244,231,147,210,52,182,55,94,108,141,108,162,83,77,85,62,81,71,86,137,18,60,3,95,132,138,71.3,33,34,102,86,31,56,95,27,49,51,56,80.6,42,89,12,5,30,26,49,28,46,91,92.2,11,109.8,77,61,48,52,44,81.9,59,99,71.9,54.8,40,61,96,114,110,134,28,66,101,113,166,135,145,48,73,73,96,100.5,83.9,89.6,66.7,92.8,86.5,78.4,29,115.2,63.5,107.3,93.4,72,82.1,85.8,97.4,67.8,69.5,73.6,60.4,74.1,74.4,87.7,85.7,81.5,78.9,77,80.7,97.9,94.8,74.7,97.6,60.1,84,55.1,115,76.1,74.2,67.2,85.7,74.5,77.6,84.1,92.9,64.5,95.8,91.4,96,72.2,91.1,108.7,92.2,98.3,107.7,98.9,91.2,79.1,65.1,76.1,65.7,66.1,79.9,65.8,56.2,69.6,25,56,65.4,78,92.3,108,107,92,94,101,107,79.4,73,91,84,59,93,90,97,117,56,71
1972-04-01,10.6,32,17.3,37,51,60.2,91.1,66,57,82,86,17,58,95,49,70,60,67,92,36,132,29,36,98,103,70,82,145,56,51,93,65,106.5,81,87,37,0,83,90.8,68,131,45,53,39,64.1,48,212,81.6,34,45,54,91,28,31,48.8,57,177,49,56,37,63,43,52,55,48.4,135,119,66,37.8,50.5,71.8,63.5,5.4,9,27.5,63,45.2,62.4,68.1,42.3,4,39.5,15,55.9,54.1,55.4,58.8,53.4,65.5,61.5,54.6,68.4,21,55,29.9,30.2,5,9,13,11,26.3,32.7,15,16,15.3,20.1,26.4,78.8,75.8,79.6,61.7,78,72.1,72.4,66.4,58.8,59,63.9,79.2,73.1,73,67.3,49.8,73.2,56.6,44.3,6,45.4,43.1,49.2,58.6,41.5,47.5,64.7,50.6,41.7,42.1,38.1,37.3,51.6,66.3,43,48.4,14,22.4,12,33.9,67.6,42.1,70.1,62.3,13,54.3,46.3,65.5,43.6,49.7,17.4,7.5,12,12,31,85.1,159,64,64,75,63.4,64,39,83,60,76.4,68.6,71,76,59.2,45,64,49,59.2,37,79,229.2,88.3,95.2,71.8,63,60.1,65.1,75,29,60.1,66.6,64,55.4,69.4,85,64,71.2,57,15,228,158,76.8,182,145.8,142,164,138,119,104,109,96,198,70,170,49,158,126,166,115,130,150,129.1,37,155,63,158,78,139,125.5,129,105,134.4,87,113,78,111,86,84,101,98,55.1,105,95,52,58,45,40,96,70.3,94,0,83.8,54,122.4,90,84.9,84,68,61,60.5,90,84,60,63.3,55,51,60,87,63,68,134,50,82,69,36,92,157,58,72,80,87,75.2,87.1,103.7,51.1,74.4,60.4,82.6,69,89.7,85.4,123.4,62,92,84.5,85,116.2,62.7,83.7,92.2,44.6,79.7,90.8,99.8,75.9,73.1,81.8,88.4,84.5,96,74.1,75.5,107.2,45.8,90.8,71.6,142,61.8,85.8,66.7,71.2,72.1,77.7,65.5,75.9,69.3,66.6,84.2,60.7,56.1,111.9,128.5,109.1,119.4,128.3,106.6,130.1,114.6,102.3,122.5,104.5,113.6,110.9,109.1,86.9,73.8,93,79,100.7,117.3,87.2,117,57,100,71,75,99,77.2,59,65,65,53,68,128,116,88,80,103
1972-05-01,2.8,0,0,2.4,0,12.5,13,59,14,4,20,0,0,0,4,5,0,0,0,7,0,0,12,0,0,4,17,0,9.3,0,5,0,9.1,0,0,0,0,16,12.5,0,16,0,24,0,3.6,0,0,15,11,0,6,0,0,15,11.5,0,7,3,3,0,7,0,15,0,5.9,0,10,2,3.5,0.9,26.1,0.8,5.8,7,15.3,15.5,17.2,22.8,13.1,15.5,7,15.6,13,21.8,21,8.2,14.8,12.7,18,10.2,12.9,12,8.8,5.5,8.2,17.5,5,3,13.7,9.2,10.1,26.6,12.8,13.1,5.5,8.3,12.8,23,19.2,18.8,12.2,31.6,26.7,14.2,12.6,14.8,13.1,16.3,27.1,11.9,20.3,16.8,6.5,30.5,9.5,6.2,7.5,11.7,16.2,35.7,14.5,4.8,7.1,13.3,14.8,11,21.8,11.4,11.9,15.2,11.5,6.8,34.2,3,10,6,12.4,27.9,13.6,17.2,23.5,11.3,9,14,10.1,18.7,12,19,15.6,8,5.2,14,3.2,3,0,0,10,2,2.1,8,0,4,6.5,4.8,0,0,2.2,0,0,0,2.2,3,6.1,10.5,1.7,1.2,9.7,3,9.4,1.8,6.5,0,10.7,14.3,0,2.5,18.9,5,0,4.4,0,0,0,0,6.8,27,3,0,1,0,0,3,2,0,0,5,4,0,0,0,4,0,0,0,6,10,0,5,8,0,10,7.3,0,4,10.5,0,2,13,0,0,0,0,0,5.9,4,13,0,0,0,0,3,0,5,0,9.4,0,4.2,0,4.7,2,1,0,2.8,0,0,2.2,1,0,2,4,1,3,0,0,0,0,0,0,0,0,0,3,10,0,10,13.8,6.8,8.2,13.1,10.8,11,0,12.5,14.2,10.6,10.9,0,4.5,6.2,9.3,6.9,12.6,10.1,12.8,9.5,15.1,10.7,7.7,13.4,10,9.9,10.1,15.5,18.4,13.9,8.1,10.3,8.6,10.7,11.3,14.7,9.3,8.1,13.4,9.1,12,7.4,10.4,11.7,15.3,20.9,18.6,12.5,15.5,17.3,10.7,11.3,13.9,18.8,6.1,10.5,18,9.4,8.1,10.1,14.8,6,6.3,3.6,0,0,0,0,8.9,0,0,0,0,0,0,6.5,0,0,0,0,0,30,19,5,0,0
1972-06-01,3.5,3,6.9,5.3,40,4.4,17.9,2,0,5,25.1,0,49,2,0,0,14,6,55,3,4,47,0,28,2,2,7,9,12.2,15,4,76,28,0,0,0,61,40,26.1,10,11,15,2,25,10.1,5,14,23.8,0,43,80,0,0,0,17.1,17,28,2,10,0,41,0,8,37,11.8,20,27,0,7.8,11.3,22.1,16.7,6.9,5,6.5,15,14.6,21.3,17.3,14,16.5,23.2,15,18.1,11.2,11.5,14.9,23.9,18.4,13,13.4,20.1,18,9.8,10.4,12,20,2.5,11.2,12,8.8,16.2,11.7,6,6.1,7.5,10,23.8,19.2,23.1,12.6,33.8,20.3,13.3,11.2,16.8,12.2,12.3,26,13.1,19.2,22.1,9.5,20.5,14.6,7.2,14,9.9,12.7,32.6,17,9.1,2.5,7.8,10.7,8.1,19.2,17.1,13.8,8.5,10.1,8.1,30.6,1,16,5.8,21,5,6,14.1,43.5,2,13.6,16.9,9.1,13.7,8.9,13.8,11.2,7,5.6,20.5,0,16,4,20,0,12.5,14.6,17,17,13,15.2,17.3,26,10,13.8,9,20,0,13.8,16,0.7,46.2,8.5,10.4,15.8,10,13.6,13.1,10.4,0,12.3,13.1,27,10.4,34.7,17,13,20.9,13,0,18,32,13,17,5,5,17,19,0,12,3,24,32,24,36,0,6,35,14,9,4,3,17,4,0,6,20,17,11,10.2,0,12,17.6,17,2,0,1,0,17,0,0,14.1,5,0,0,0,0,0,9,3,10,0,24.3,0,9,22,8.7,29,1,0,29.5,0,0,19.7,5.6,10,9,10,14,10,0,2,9,13,21,8,20,26,12,16,20,15,26.6,20.7,12.9,15.9,35.1,15.9,24.8,13.5,36,13.4,20.2,25.8,0,14.6,23.9,18.4,21.1,20.2,14.2,22.6,14,19.8,21.2,10.7,15.1,16.8,23.1,15.5,25.2,23.6,18.1,14.1,21.2,23.3,16.4,11.7,21.1,14.1,13.3,14.5,13.8,16.6,15.8,19.7,21.9,22.5,24,32.6,17.3,20.9,21.4,18.1,12.3,18.2,18.1,13.2,15.9,11.5,13.4,9.7,12,19.7,12.1,9.3,20.4,11,1,18.9,22.6,24.4,33,22,19,12,15,22,21.2,13,8,13,16,14,16,27,10,7,29
1972-07-01,2.7,2,0,4.4,10,3.4,13.7,16,0,0,19.6,0,9,0,32,0,0,0,15,0,0,0,3,18,2,0,5,0,6.3,10,0,15,16.9,0,0,0,18,10,15.7,0,21,20,1,25,3.9,0,16,18.9,0,0,0,0,0,21,8.9,9,6,11,4,0,6,7,10,25,4.2,0,0,0,13,5.2,22.5,16,6.8,14,27,16.8,16.5,18.3,16.7,15.6,6.5,13.6,15,17.2,14.8,7.9,12.8,14.9,14.8,11.2,14,14.9,10.3,9,7,17.7,16,10.5,12.6,9.9,9.8,19.6,13.5,7.5,5.9,8.5,13,19.1,18.8,16.9,10.8,22.4,27.2,12.1,11.2,14,9.1,10.2,21.6,12.5,17.9,19,6.3,25.1,7.7,6.2,9.2,10.1,12.7,22.3,15.6,3.1,10.1,9.1,8.1,11.3,21.9,12.4,10.8,11.5,10.4,9.1,32.8,12,10.4,1,7.8,6.3,7,17.2,22,12.8,7,15.6,10.4,13.3,10.6,14.9,11.7,17,12.5,26,4.5,14,10,0,0,5.6,4.4,0,3,0,10.7,8.5,8,12,0.8,62,0,0,0.8,12,6.4,13.1,1,1,14.2,4,12.6,7.8,6.8,0,7.2,14.3,11,4.4,14.2,9,10,7,4.5,15,0,16,0,2,0,5,3,3,0,7,0,3,3,6,8,0,0,11,7,0,6,3,12,12,0,0,0,16,4,8.8,0,0,6,12,4,2,3,2,0,2,0,3.7,2,0,0,0,0,0,2,0,0,10,5.6,2,5.7,6,3.4,0,3,4,9.1,0,0,4.5,4,0,0,0,3,4,8,16,7,9,2,10,8,7,3,5,8,0,11.8,15.5,7.1,11.4,20.2,8.4,16.1,0,15.3,11.1,10.2,18.9,0,5.2,8.2,11.4,8.6,12.2,8.1,15.5,11.8,15.2,10.8,8.5,15.4,13.6,12.8,12.1,16.3,19,13.2,8,18,11.6,10.1,8.3,15.4,10,8.6,19.1,10.9,18.2,9.1,11,12.4,13.3,16.9,19.9,16.4,17.4,17.9,11.6,9.4,14.6,12.7,8.3,17.1,12.3,9.2,6.8,8.3,14.5,7,11.1,7.4,0,4,0.7,2.5,7.1,6,2,0,0,0,1,5.9,0,0,4,0,0,11,0,6,6,7
1972-08-01,4.4,29.5,6.7,4.3,3,0,10.1,0,0,0,12.6,0,2,0,8,13,0,0,0,4,0,0,0,9,0,0,0,0,7.3,5,7,7,13.9,0,10,0,10,2,28.6,0,6,0,0,0,8.6,0,0,17.1,0,0,0,0,7,6,11.7,0,0,0,0,0,1,0,0,0,3.1,0,0,0,89.1,111.1,40.8,38.9,7.8,6,9.5,15.2,14.7,22.1,11,5,2,16.1,25,17.9,15.2,8.5,12.9,18.4,14.5,15,18.4,18.3,12.3,8.2,8.5,15,8,12.3,13,5,9.1,19.5,13,4,5.2,7,6,14.7,19.7,19.9,18,24.5,22.9,13.8,14.4,13.4,10.6,12.6,23.8,10.5,16.3,22.8,9.2,19.9,17,12.9,3,12.2,14.6,40.2,28,8,16.5,12,11.2,10.9,30.1,28.5,15.1,10.7,11.4,5.7,31.3,12,24,3.2,13.9,7,9,25.3,34,8.5,4,18.3,10,13.8,10.9,16.2,9,17,7.6,24,26.5,15,46,108,18,40.5,42.6,97,5,9,14,48.8,56,64,12.8,76,108,10,12.8,6,10.5,6.3,7.8,10.3,38.4,50,50.7,44.6,9.6,0,34.2,43.6,45,44.9,37.1,94,110,67.8,107,0,0,0,5,11,0,5,0,6,3,6,5,8,1,9,4,6,3,0,3,0,2,0,4,0,0,8,2,5,9,10.5,0,0,11,6,0,24,5,0,1,4,5,15.8,5,0,21,9,0,0,5,4,12,92,17,2,17.2,14,15.6,15,11,21,30.4,9,40,31.1,18.4,10,9,41,44,54,42,71,41,49,12,76,78,27,137,133,60,58,59.7,45.4,12.9,37.7,61,49.3,33.2,13,26.1,27.3,21,47.6,0,10.5,20.2,18.1,30,31.6,15.8,22.2,21.9,22.8,22.9,25.2,33.6,40.7,25.4,26.3,28,23.3,25.9,16.7,24.5,19.4,26.9,16.8,43.3,32.2,26.5,43.5,37.3,35,70.4,39.1,26.5,32,35.1,46.2,34,27.3,28.1,35.3,17.7,27.5,36.5,23.9,14.7,17.2,13.9,10.2,16.1,20.1,12.3,8.6,26.4,5,10,53.9,30.8,61.1,99,107,63,59,61,73,51.3,41,33,65,46,75,55,31,60,21,32
1972-09-01,12.5,31,7.8,24.6,83,27.4,87.8,2,23,19,95.4,35,89,85,0,19,122,13,117,22,85,17,3,99,83,50,34,89,48.4,42,38,94,133.9,112,73,15,82,119,89.9,127,117,175,20,96,60.8,60,92,84.9,0,54,37,5,16,117,41.6,90,74,98,88,3,8,112,79,83,37.1,25,13,28,43.5,43.9,52.8,48.7,11.2,11,10,61.2,40.2,65.5,63.1,52.7,41.4,38.9,16,46,53.5,54.5,53.8,45.2,67,58.9,59.2,67.1,22.8,41.8,28.1,9,14,4,5,18.8,18.5,22.8,3.8,5.5,15.6,15.1,7,62.6,87.5,75.6,33.5,73.8,69.4,87.6,68.2,65.4,62,65.5,64.8,68,71.5,62.9,49.2,65,60.6,43.2,6,39.3,37.8,56,55.5,32.3,8.5,52.5,44.8,39.8,39.8,42.6,40,47.1,51.8,41.2,43.7,9,8,3.1,26.7,4.1,5,53.6,4.5,4.9,15.9,50.1,48.1,36.1,44.6,23.7,8.3,20,15.3,25,82.1,111,82,85,105,82.1,84,86,64,116,61.8,90.9,74,62,117,0,85,58,117,22,98.1,80.4,99.2,124.5,89.6,93,76.8,83.4,57.9,15,76,118,113,79.8,124.6,96,96,80.8,72.5,0,54,106,45,69,45,44,68,58,49,58,32,46,74,52,65,38,56,55,67,38,78,61,74,41,78,30,78,68,106,65.8,54,55,95,59,72,33,86,76,95,97,120,89.3,53,0,79,71,104,66,118,118,65,28,113.2,63,103.7,95,61,44,72,44,102.6,75,62,86.4,61.4,85,58,78,85,93,92,24,77,55,57,57.5,67,56,49,96,69,64,83.3,82.9,65.1,74.7,107.7,77.8,98.9,103,139.4,81.3,100.8,100.1,59,86.4,89.9,75.1,58.6,60.6,57.4,57.5,70,72.9,67.6,77.1,87.5,87.7,79,85.3,97.5,115.8,54.7,71.9,48.6,60.6,46.9,92.2,68.7,81.9,72.8,81.4,78.8,67.5,64.3,86.6,61.9,107.2,87.5,91.5,66.1,99.4,105.4,85.2,99.6,112.4,97.7,97.9,75.2,68.2,68.5,55.3,78.4,79.3,73.3,58,88.2,112,98,20.6,29,68.4,43,0,48,78,36,47,75.1,108,104,65,42,69,80,190,41,30,46
1972-10-01,0.8,0,0.5,11.6,74,15.2,29.4,127,0,7,46.6,0,47,25,9,12,37,11,63,19,5,97,8,58,11,0,15,20,27.5,99,2,25,72,18,0,11,59,28,44.5,45,39,37,113,45,23,6,4,37.5,15,37,31,39,0,39,29.3,52,27,18,48,4,40,34,49,50,12.2,20,15,17,18.4,6.1,37.6,17.4,6,7.5,10.3,29.2,18.1,30.7,23.1,22,22.4,0.5,17,22.6,28.4,22.8,22.8,19.9,31.7,26,32.9,34.7,39.7,20.9,15.5,24.6,5,10.2,14.2,12.4,11.6,18.4,11.6,16.9,8.4,9.1,19.1,28.1,25.4,32.5,16.5,50.5,2,25.9,27,24.5,26.9,25.8,25.4,27.7,26.8,47.9,21.6,32.6,31.2,16.7,10,23.4,20.3,32.2,30.9,11.3,18.4,21.6,20.7,12.5,21.3,29,23,22.6,20,23,32.9,0,14,15,12.7,14,14,24.5,46,13.4,30.9,19.5,22,20.6,23.3,12.1,10.7,13.6,10.7,12,49.9,74,46,38,20,49.9,194,15,52,31,33.4,69.7,45,33,29.4,163,38,32,29.4,125,36.1,19.9,34.3,67.6,50,146,53.3,46.2,22.5,55,44.3,62.1,7,51.4,62.8,57,53,51.3,33.5,20,0,30,0,13,0,10,0,12,14,5,0,11,0,10,4,21,37,33,42,34,5,11,34,14,30,0,64,20,84,39,54,32,59,9,17,33,25,56,45,46,46,37.3,29,3,32,23,31,9,24,15,31,148,62.3,25,24,27,26.9,32,36,19,53.2,23,31,46.5,30.9,44,25,15,20,146,116,47,129,36,14,13,30,46,5,31,88,17,61.9,46.6,18,47.1,66.8,62.4,45.6,0,53.8,36.6,29.3,69.8,40,42.1,46.1,35.9,31.8,39.6,24,31.7,37,33.6,37.3,41.1,44.1,56.2,40.5,36.5,36.6,39.3,29.3,30.4,27.3,24,27.7,30.3,49.7,49.5,52.1,54.3,57,42.7,57.9,58.6,41.3,51.1,53.5,58.6,44.4,44.4,54.1,56.6,36.3,50.5,53.7,40.7,32.6,31.4,25.9,27.6,30.6,37.8,24.2,22.1,52.9,45,36,45.9,38.1,73.1,140,93,104,38,52,135,58.8,28,32,32,7,21,59,44,20,46,50
1972-11-01,50.8,87.4,60.8,70.6,72,35.5,132.6,49,32,42,76.8,10,97,65,6,42,102,52,70,20,44,17,36,79,27,62,47,58,42.5,49,9,72,95.4,20,12,13,128,83,105.1,47,70,17,38,40,55.9,16,32,73.9,40,35,32,44,5,70,49.7,31,26,21,26,45,56,17,53,80,31.5,44,40,31,145.7,198.4,82.5,149.1,10,15,11,52.8,36.7,39.5,44.7,29,56.2,23,30,65.8,49.8,37.7,40.3,46.5,51.4,30.5,37,50.1,50.2,2,36,28,30,46,25.6,65,39.4,43.8,13.5,8.5,19,28.4,5,50.4,47.1,4.5,47,55.4,60.3,54.7,51.2,43.4,37.3,52.9,77.9,45.2,47.5,63.6,35.4,59.4,40.1,2.2,16,36.3,43.9,56.4,61.4,48.4,30,62.2,45.4,45.7,45.1,29.4,38.3,51.4,48.1,26,48.4,14,16,34.2,28.7,34.8,12,64.4,67,14,25,35,47.9,40.9,39.9,32.3,15.5,20,13.5,43,196.8,238,194,200,197,179.8,186,218,142,211,132.3,175.6,206,205,136.7,175,200,247,136.9,91,109.9,144.6,156.5,163.1,156.5,196,162.1,177.9,149,72,187.6,200.8,170,171.8,147.3,179,197,204.5,181.5,65,93,64,55,52,101,87,89,89,116,107,115,175,97,154,145,90,138,127,194,138,88,114,158,60,109,66,175,105,252,170.1,134,156,208,116,104,100,127,124,128,164,156,130.5,158,30,129,190,193,166,192,119,164,143,167.3,132,162,268,160.9,168,115,145,147.7,122,204,152.1,115.3,212,242,162,211,196,203,186,185,204,192,178.3,192,167,153,225,254,113,164.7,160.9,109.9,159.2,202.7,184.1,153.7,133,135.2,152.1,144.6,163.6,125,144.9,136.8,122.8,82.4,136.3,106.6,108.8,106.7,131.3,126.8,140.3,137.2,165.8,136.3,138.3,122.8,146.7,112.7,131,121.2,143.9,100.3,174.2,116.8,167.3,144.4,173.7,147.3,102.4,134,159.8,140.1,119.5,184.9,142.3,138.7,214.5,215.1,217.4,233,226.8,204.2,196.2,163.8,145.5,141.2,136.8,160.8,159.3,162.2,111.9,152.1,130,110,328.7,239.8,163,131,77,64,119,133,130,153.6,202,219,272,242,252,209,160,319,201,254
1972-12-01,43.8,64.4,70.1,98.9,80,89.1,117.9,21,52,116,74.4,0,91,39,63,55,83,86,70,117,114,165,108,74,252,107,78,74,102.1,90,115,127,103.3,120,79,79,146,132,96,107,64,71,104,160,77.5,98,77,99.8,71,130,197,195,110,64,122.8,123,66,175,140,127,350,90,69,72,88.9,69,74,105,109.3,140.1,112.9,193.8,0,76,111.5,120.7,87,105.9,109.7,111,126.5,124,160.8,136.7,126.2,102.6,103.8,116.6,116.4,122.5,102.4,132,95.6,108.5,60,90,71,114,70,76,90.8,89,54.5,43.5,64.6,75.7,89,118.6,142.4,155.7,136.3,118.2,134,158.3,138.4,115.1,133.2,120.7,138.6,115,140.4,159.2,116.6,123,88.8,175.3,77,97.9,111.2,106.3,94.8,67.6,127,112.7,106.9,113.4,100.9,84.7,30,105.7,138.1,81,134.2,58,38,103.1,99.2,75,34,130.1,57,48.5,105.3,105.1,110.9,100.6,120.6,32.2,27.2,78.1,155.5,116,292.8,126,223,141,161,157.9,207,139,103,183,100.8,147,306,214,2.2,313,141,190,2.2,134,170.4,154.8,158,117.7,153.2,242,173.6,179,146.9,81,153.4,150.5,106,172.3,105.4,124,124,114.5,111.5,30,163,120,156,186,128,128,133,95,72,92,120,77,84,110,77,67,58,135,110,55,70,91,154,101,74,88,98,76,134,152.3,107,88,105,56,187,211,105,126,107,156,136,117,138,78,240,168,91,159,164,165,210,130,114.3,215,213,256,146.5,273,219,90,117.7,123,361,118.7,100,175,162,210,293,242,234,130.4,184,252,151,100,111,90,82,131,89,140,111.6,145.2,99.2,134.3,150.6,144.7,108.5,86,108.7,141.1,124.8,137.8,86,120.6,124.5,111.3,78.6,110,87.8,96,94.7,120.6,106.3,111.8,114.9,149.8,116.6,127.6,113.8,115.9,108,153.6,128.6,104.7,79.6,144.6,106.1,174.9,172.8,159.5,162.9,110.4,118.6,136.3,137.4,126,160.9,108,98.7,232.9,227.6,205.6,214.6,241.6,222.9,179.4,149.3,169,131.4,115.1,145.6,155.6,153.8,97.4,118.8,164,170,99.4,82.9,111,129,141,199,78,148,121,92.3,113,59,124,61,60,134,187,91,127,102
1973-01-01,35,55.1,5.5,65.2,194,183.6,95.3,153,124,81,161.3,112,195,42,78,151,303,93,271,108,304,307,135,312,230,192,228,151,131.7,229,72,124,177.2,185,46,81,256,226,101.1,253,338,200,194,168,127.9,173,71,175.5,169,245,215,341,49,338,137.7,193,81,269,212,97,126,227,261,240,122,122,70,130,131.3,157.7,129.9,65.4,0,104,95,204.8,107.1,166.1,192.3,176,177.7,155,187,143.9,142.1,144.4,161,141.3,162.1,179,155.5,202,200.4,154.5,323,93,29,115.5,83,92,94.1,114.2,121,79,75.8,75.2,81.5,182,203.3,207,189,200.4,231,255.7,203.8,197.4,185.6,193.6,129.1,241,211,200.5,128.3,164.4,126.6,156,63,119.6,111.1,128.9,101.6,72.1,64.5,123.6,107.9,112,112.8,103,40,116,165.5,153,145.1,229,52,119.7,86,134,149.6,166.6,146,91.5,133.3,126.1,136.6,110.3,136.3,35.8,29.5,166,101.1,147,82.1,131,74,93,92,93.1,74,132,99,103,68,122.5,182,184,127.6,139,93,69,127.6,159,96.5,63.8,101.2,87.5,108,64,118.6,94,63.4,69,77.7,142.3,160,102.3,133.6,215,119,131.7,106.5,75,85,95,76,125,43,70,40,75,100,68,67,83,82,99,78,28,58,99,35,36,37,91,95,60,82,101,78,104,101,111.1,42,83,130,166,17,61,111,11,146,89,66,100.7,98,61,0,57,94,57,105,89,160,60,125.9,85,204,328,98.5,332,98,98,111.2,110,80,95,72.7,91,79,76,76,64,102,106.4,105,146,153,91.8,75,113,111,134,124,86,125,99.3,89.9,82.9,123.8,97.1,100.3,35,140.2,97.2,109.8,105.1,49,90.7,125.7,92.4,79,80.1,75.5,69.1,79.4,103.1,93,109,95,95.7,98.7,119.7,112.5,124,85.8,107.8,122.6,84.8,56.7,121,67.8,99.2,118.2,104.3,106.7,91.1,92.1,101.5,111.8,118.9,122,102.8,79.4,144.3,143.4,143.7,105.3,153,149.7,109.8,87.8,101.3,94.2,77,97.1,87.2,91.4,62,97.2,164,96,132.6,57.7,108.8,111,99,90,94,95,103,128.5,83,124,163,142,157,100,136,135,85,110
1973-02-01,58.7,47.3,57.1,55,37,48.7,137.4,65,39,98,110.1,0,47,62,28,40,53,101,157,48,34,32,37,75,40,26,36,40,59,83,39,34,125.9,22,27,35,55,80,127,5,87,22,58,33,56.9,93,16,71.9,20,25,9,87,61,87,62.5,55,284,45,40,53,110,20,40,40,51.5,34,32,20,18.9,24.3,109.7,64.5,0,29,80,50,67.9,84.5,76,100,78,98,70,96.3,76.2,73.5,75.8,78.3,77.9,59,66.7,54,103.5,119,10,44,124,79.5,26,3,77,65.1,40,22.5,51.7,58.6,62.1,88.3,92.7,104,94.5,83,124,98.5,86.5,75.9,86.3,87.3,110.2,84,88,100.3,73.6,86.2,53.9,94.7,77,57.1,58,77.9,71.6,47.5,25,87.6,61.5,68.3,75.1,59.1,58.7,70.3,94.5,72,77.4,75,82,127.1,75,174,135.6,129,105,113,38.5,69.2,93.4,78.8,68.4,38.7,26.5,76,62.4,68,49.3,256,90,182,72,99.9,95,188,222,86,122.5,102.2,88,78,142.2,72,182,26,142.2,84,80.5,112.9,125.7,189.9,124.5,156,112.8,182,104.5,62,88.3,121.7,110,103.1,184.7,81,111,121.3,88,78,72,116,17,36,41,64,62,79,50,101,56,60,79,70,126,158,102,194,166,137,126,169,215,39,153,105,289,568,277,159.8,239,202,215,203,146,87,196,152,120,125,198,114.8,115,59,46,123,23,113,88,75,75,176,173.8,102,146,116,122.9,96,59,86,134.8,56,52,136.2,81.1,61,75,112,100,156,100,89,56,78,83,67,59,73,70,95,152,156,130.1,108.2,97.2,95.3,144.4,116.6,146.4,298,190.1,119.1,143.1,141.5,208,146,164.5,106,94.1,108.7,102.8,100.9,111,133.3,136.2,130.2,115.2,122.2,129.3,127.9,130.3,145.4,114.2,122.8,138.2,123.4,72.9,172.6,93.5,106.2,112.3,100.9,99.9,83.5,78.9,104.4,117.2,131.2,124,144.4,91.6,141.3,163.8,134.7,149.4,154.2,143.6,147.7,136.9,131.7,123.9,118.7,130.1,130.2,129.3,99.5,121.6,130,80,70.5,99.2,112.7,99,92,110,70,96,149,91.8,67,76,73,35,60,179,128,111,75,121
1973-03-01,63.2,60.5,46.7,140.4,295,162.3,223.6,67,239,145,214.8,360,361,248,126,157,271,121,277,149,208,288,162,276,133,194,150,135,146.2,300,112,36,240.2,187,214,155,456,365,122.5,209,336,197,194,242,142.2,240,98,203.6,194,270,238,255,142,336,157.7,275,141,202,386,170,229,209,336,340,183.1,286,188,145,188.6,230.3,165.1,129.2,151.1,160,52,210,143.7,185.6,221.4,137,141.1,172.8,145,163.6,173.5,200.4,214.8,202.5,234.7,248,205,243,197.9,191,55,9,93,106.3,70,12,119.8,126.3,43,39.5,105,112.9,123,257.3,273.2,287,217.5,271.1,208.8,274.7,224.5,205.2,280.1,271.3,193.7,255,251.2,220.8,179.6,164.2,160.8,140.5,137,132.6,162.2,111.2,146.9,112.1,141.5,160.1,189.8,138.4,166.1,137.4,96,155.5,215.4,165,150.7,177,103,222.4,174,270.3,230.4,269,365,104.4,318.7,184.1,216.5,132.2,206.7,55.6,73.1,105,145.5,172,246.1,304,213,281,161,161.3,292,241,227,197,156,193.6,122,53,295.4,213,281,165,295.4,90,223.8,255.5,285.5,257.3,202.7,209,194.2,130,141.7,121,194.1,174,266,196.5,205.3,207,224,212.4,211,180,90,174,159,162,152,125,165,149,214,179,55,165,142,200,160,82,167,281,316,213,161,173,351,70,182,136,295,317,306,209.6,267,230,247,224,144,130,247,166,193,233,236,155.1,358,79,213,130,156,147,132,128,198,73,187.7,181,140,152,191.1,135,190,204,226.9,294,240,218.2,174.9,192,232,286,227,209,182,88.2,142,150,109,173,130,108,253,217,191,213,175.6,180.8,147.5,145.1,212.5,168.4,185.5,159,222.5,188,222.2,202.2,205,224.5,221.4,159.1,114,170.2,139,156.9,152.1,182.8,165.1,174.9,187.8,181.1,157.5,173.1,199.9,176.8,184.4,201.9,256.8,174.8,115.8,200.8,149.6,198.9,182.3,197,170.3,146.4,133.6,190.4,214.8,158.7,200.8,173.9,156.9,286.1,320.9,297.5,269.3,306.3,317.4,176.2,177.2,170.1,144.9,142.1,195.1,197.5,175.7,135.4,174.3,168,224,119.4,124.9,179.5,230,198,181,183,254,200,191.9,190,168,92,127,125,134,136,144,278,176
1973-04-01,8.5,1,10.2,42.7,139,113.2,128.3,245,88,180,152.5,206,136,194,64,89,129,169,286,86,186,228,51,193,199,99,134,84,95.1,266,83,150,187.4,54,188,108,213,121,82.2,173,126,86,56,121,98.8,33,180,138.3,76,115,149,152,56,126,87.5,67,220,106,112,48,175,108,94,110,73.2,271,150,201,21,53.3,77.6,20,14.7,46.1,24.5,60,76.9,110.7,95.9,84,65,92,43,89.4,93.8,92.1,103,82.2,111.4,89,84.9,100,155.1,64.5,49.5,37,50,16.5,47.5,35.5,44.6,57.5,26.5,9,34.1,36,13,116.5,113.8,90.7,155.5,142.9,54,106.9,111.8,113.8,105.1,118,95.3,89,127.5,80.3,94.9,108.7,89,55.9,32,64.4,68.7,68.6,84.1,46.1,4.5,92.4,74.1,66.8,63.2,74.5,76.7,81.8,102.5,70,73.8,26,40.9,86.8,46,114.4,75,90.2,83,39,45,83.2,86.7,93,87.8,26.3,17.2,27,47.7,51,99.1,143,59,118,90,70.5,96,89,66,70,65.9,84.9,50,58,82.7,35,118,59,82.7,31,9.3,226.3,46.2,54.9,79.8,63,74,31,51.5,34,63.9,88.2,4,79,142.1,99,105,102.2,116.5,130,299,200,77,166,110,72,128,107,81,86,51,175,185,114,117,38,41,146,92,95,29,0,96,13,52,60,19,189,72,71.8,34,28,128,149,64,57,107,48,146,99,96,90.4,18,86,0,5,36,45,78,49,80,8,150.7,21,48,50,70,42,23,40,101.7,40,42,76.2,55.5,102,64,56,80,63,45.8,57,82,59,48,39,53,66,65,102,106,94,90.2,80.8,105.8,66.2,116.8,67.3,111,206,188.3,71,139.2,92.3,48,110.2,129.3,117.8,82.8,87.9,79.1,63.5,77.9,90,96.4,86.5,97.1,79.8,87,94.7,103.4,113.7,80,113.2,126,98,64.8,139.1,69.2,82,64.2,68.6,77.6,85.9,64.7,90.7,74.8,112,85.5,106.1,66.4,92,99.1,88.6,90.9,106.6,97.5,82.9,65.5,59.4,67.5,58.5,64,67.4,65.6,50.8,80.6,122,9,74.3,59.5,104.9,129,103,115,117,147,119,115.5,117,102,83,68,62,114,146,88,45,63
1973-05-01,31.9,0,5.8,4.5,0,0,12.5,86,26,0,17.8,0,0,0,0,0,0,0,0,0,10,0,8,0,0,0,0,0,5,0,0,0,19.2,0,15,0,0,0,30.6,0,0,0,0,0,6.1,12,0,9.4,17,0,0,0,0,0,10.6,0,0,0,0,0,0,0,5,0,2.6,0,0,0,0,1.6,20.2,0.2,0,7.5,5,27,20.4,22.9,22,21,36.5,60,27,20.3,35,15.6,21.6,20.9,18.7,26.4,27.2,28.6,36.4,35.5,14.6,30.1,21.4,14,21,11.4,14.1,34.2,19.6,36,11.4,12.7,12.2,29.3,21.8,83,40,39.2,44,30.8,24.4,22.3,26.5,25.8,24.2,48,20.6,31.1,10.6,27.1,18.4,31,13.2,18.2,17.4,31.5,23,8.5,5,22.1,24.4,11.4,24.2,16.5,14.3,21.5,22.3,8,34.2,11,15.2,53,23.8,79.8,23,34.7,48,12,19.3,18.3,21.8,25.2,12.8,15.4,12.8,5,15.6,26,6.2,17,5,9,10,5.2,11.3,24,5,12,26.9,10.7,11,7,0,0,9,10,0,10,11.2,14.6,8.9,9.4,17.4,15,8.4,10,9.4,0,14.3,15.5,10,5.7,12.9,15,10,13.2,9,0,9,8,0,11,0,10,10,8,7,6,8,11,6,12,12,7,5,0,4,13,10,0,13,10,7,0,0,0,0,12.4,18,16,14,5,14,1,2,0,0,4,10,9.8,10,0,47,0,0,10,8,1,0,51,12,13,14,26,7.4,28,5,0,8.4,11,14,4.4,5.6,11,12,6,5,14,22.8,20.2,10,12,8,6.9,13,14,0,22.2,26,0,13.4,16.9,5.2,8.6,18.2,11.1,12,12,11.1,12.2,8.8,13.6,0,5.3,13.8,9.1,11.8,14.4,11.1,16.4,10.9,15.1,15.7,9.1,15,12.9,14.1,11,14.6,16.6,9.6,8.8,11.9,10.9,9,7.7,12.8,9.1,10.2,14.9,11.5,16.2,7.9,11,14.4,13.2,20.7,18.3,15.1,19.6,18.1,15.5,15.3,18,22.2,13,15.9,11.8,14.1,7.3,12.3,15.2,11.8,6,11,7,4,5.3,1.5,8.2,5,5,5,5,10,17,10.5,0,0,0,0,0,3,4,4,0,4
1973-06-01,1.1,13.8,14,16.4,96,46.6,50.9,0,51,0,74.7,0,115,77,12,67,70,47,168,15,85,75,35,135,58,50,50,46,44.8,86,16,88,134.6,80,39,3,111,91,78.3,50,97,85,55,108,46.5,99,42,78.2,50,85,77,53,0,97,37.9,72,53,62,93,15,62,59,91,90,27.9,61,0,15,17,35.2,51.2,17.7,0,5.7,3,2,33.3,55.9,50.9,46.7,4,32.7,12,47.2,41.7,42.1,38.9,39.2,61.4,44.2,45.5,47.3,8.9,9.5,18,7,13,3,20.3,5,13.9,18.6,1.6,5,13.3,11.5,22.9,63.3,62.6,26,7,50.4,11,64.7,55.7,44,46.9,55.7,46.8,14,54.5,58.1,36.4,57.8,52.3,9.7,4,36,25.3,38,42.2,18.1,11,39.7,28.1,28.2,32.6,36.3,32.9,36.8,35.7,29.4,29.7,8,14.9,4.2,21.1,10.1,4,45.5,74.8,14,38.8,44.5,48.5,36.5,38.5,19.5,9.4,18,13.3,18,43.1,69,30,36,45,42.3,45,38,56,34,42.3,61.3,39,47,44.5,62,36,23,44.5,43,42.3,101.9,44.6,43.8,42.1,19,48.5,29,38.3,18,38.1,54,92,41.9,98.7,37,33,51.2,30,0,42,58,63,64,35,8,50,45,47,54,18,69,53,56,43,45,30,45,36,39,26,42,60,9,25,44,46,133,77,39.3,230,30,69,92,20,22,27,40,11,39,38,42.3,42,0,0,26,0,21,42,26,60,8,83.6,20,0,54,35.3,0,41,30,74,45,40,50.3,33.9,31,28,30,28,19,11.5,16.4,20,39,36,21,37,50,25,17.7,38,58,53.2,56.8,54.9,50,95.4,54,70.2,101,97,43.5,60.5,70.1,38,55.4,84.5,51.5,46.2,39.2,44.2,34.2,40.9,45,53.7,51.3,47.4,59.3,66.3,51.6,70.1,77.3,38.4,49,41.2,53.3,36.1,57.6,57.8,48.6,47.4,46.6,55.6,37.4,52.2,57.7,43.5,64.3,62.8,61.1,37.8,56.9,60.8,50.2,42,62.3,51.9,57.3,48,39.5,49.7,40.7,45.3,50.2,49.6,34.1,57.3,41,41,62.6,67.2,56.3,63,69,55,60,53,0,54.7,77,85,77,62,86,93,140,89,73,92
1973-07-01,0.6,10,0,3,10,6,9.7,81,0,0,15.3,0,9,3,0,2,13,0,0,4,3,42,0,14,0,0,4,0,6.2,4,2,6,18.7,10,2,5,0,23,20.9,3,8,0,8,10,9.1,0,10,17.7,0,15,0,10,0,8,12.2,9,10,0,12,2,10,0,10,35,2.8,6,0,0,26.2,36.2,36,4.3,0,0.6,8,9,15.4,21.4,12,17.4,9.9,18.1,11,19.4,14.9,8.1,14,22.5,14.3,13.8,14.7,18.1,16,10.5,8,18.1,5,6.1,10.1,7,7.9,17.3,8.6,11.9,4.6,5.8,9.7,12.3,21,130.5,13,27.9,4,11.9,13.1,14.4,10.8,13.2,25.6,7,18,20.6,7,21.1,13.2,9.9,9.7,8.3,14,31.2,27.4,6.7,7.2,7.2,8,9.3,24,18.4,11.1,11.6,11.5,2,31.7,4,5,4.2,0.2,5.9,10.6,25.5,15,8.9,8.9,11.6,9.1,11.7,7.8,17.3,9.7,8,6.7,14.4,15,27,0,26,36,22.3,25.3,24,21,21,9.7,34.8,39,0,26.1,0,26,13,26.1,0,16.6,30,16.4,17,28.1,32,24.3,20,11.3,5,26.7,26.2,44,26.4,35,32,21,32.1,14,0,4,8,5,20,0,6,8,20,12,14,3,20,18,7,26,0,0,25,10,7,5,0,4,1,0,0,0,25,35,12.6,0,8,11,21,0,16,4,0,0,11,17,17.4,26,17,0,0,10,0,20,9,0,0,19.4,8,9.7,0,13.7,33,41,0,29.2,8,32,25.9,12.6,19,24,38,35,32,22.3,29.3,32,31,3,10,41,46,10,10,40,18,29.4,31.9,10.2,22.7,45.3,30.3,32.8,0,27.1,24.7,18.2,44.5,10,12.9,24.9,17.4,24.2,27.7,15.3,20.1,15.6,20.8,24.6,15.2,27,29.1,27.3,19.6,28,26.8,24.4,15.9,21.1,19.3,19.7,13,28.1,19.1,22.9,24.5,22.1,25,32.2,22.4,24.8,28.1,33.2,35.9,23.1,26.6,26.6,30.8,15.1,25.5,32.7,23.8,20.5,19.3,14.9,11.6,15.6,20.2,15.2,9,25.8,20,8,15.7,6.7,41,63,90,60,45,21,19,37,33,38,31,10,0,18,37,17,0,6
1973-08-01,0.8,0,0,2.6,0,0,11.8,10,0,0,20.2,0,0,0,0,0,0,0,0,0,0,0,0,0,0,0,0,0,9.5,0,0,0,9.4,0,0,0,0,0,17.7,0,0,0,0,0,4.5,0,0,5,0,0,0,0,0,0,5.6,0,0,0,0,2,0,0,0,0,2.1,0,0,0,0,0,22.5,0.2,0,0,8,15.4,20.9,20.9,13.2,66,10.2,21.6,16.9,20.2,32.7,9.3,14.6,22.5,18.6,11.8,17.4,14.3,16.2,6.3,7.5,23.3,14.4,9,12.6,14.8,10.6,27.2,3,18.2,5.6,8.2,13.6,22.5,19.7,27.4,15.1,31.8,13,15.1,12.8,15.5,11.2,15.9,24.2,13.6,24.8,17.5,8.7,28,4,8.8,9.7,11.4,18.6,41,15,6.7,8,16.4,13.1,10.5,24.1,11.9,12.3,17.7,12.6,8.2,32.7,0,8.9,8.9,12.6,3.9,18.5,18.2,29.1,12.7,13.8,18.5,11.4,23.9,11.8,20.4,15.1,11.8,8.3,10.3,0,7.1,0,0,0,4.6,1.3,0,0,0,8.3,5.4,0,0,0.9,0,0,0,0.9,0,8.6,0,0,0,13.1,0,9.2,0,6.3,0,15.6,12.7,2,3.1,15.1,13.6,9,8.6,2,3,0,0,0,0,0,0,0,0,0,0,0,0,0,0,1,0,0,0,0,0,0,0,0,0,0,0,0,0,0,6.1,0,0,0,0,3,0,0,5,0,0,0,5.5,13,24.9,0,0,0,0,0,4.5,0,4,9.8,0,3.8,11,4,0,0,0,2.6,0,0,1.3,4,0,0,0,0,0,15.2,4.1,0,0,0,13,0,0,0,0,3,0,11.8,13.5,7.3,7.9,14.6,9.1,14.2,4,12.8,12.9,11.6,11.9,0,1.9,9.4,9.3,6,12.5,10.2,11.9,9.6,14.6,13.6,6.5,13.6,10.3,12.5,9.3,13.9,14.7,19.3,9.7,13.4,7,9.4,11.4,16.7,8.9,8.5,15.5,9.2,14.7,7.2,10.9,10.3,13.6,16.2,15.7,13.3,18.4,23.1,11,9.2,12.6,12.4,5.9,12.1,17.5,8.8,6.9,10.2,15.7,10.9,7.5,6,0,0,0.7,0.5,12.5,0,0,0,0,0,0,5.9,0,0,0,0,0,9,8,0,0,2
1973-09-01,6.8,17.2,11.2,2.3,0,0.9,12.5,0,0,0,15,0,0,0,0,0,4,0,0,2,0,4,0,0,0,0,1,0,3.6,8,0,0,11.9,0,0,0,0,0,21,0,0,0,6,0,2.9,4,6,12.9,0,0,0,0,0,0,12.7,0,10,0,0,0,81,0,5,0,4.7,0,0,0,5,7.3,25.6,10.3,0,4,6,4.5,21.6,19.5,16.8,156,1,15.1,19.7,24,19.3,12.4,19.3,27.9,21,11.1,13.4,19.9,12,7.5,8.3,3,3,2,1,4,7.5,21.6,3.5,11.8,5.6,7,15.3,16.1,22,5,13,24.6,8,21.3,12.7,16.6,13.8,16.2,22.9,4,19.9,6,6.8,30.2,9.9,5.5,10.1,11.4,16,41.3,20.5,6.6,7.3,13.1,11.3,12.9,23.5,14.2,11.6,13.5,12.1,2.5,32.5,3,10.6,16.9,14.6,12,14.9,18.4,37.7,12.1,9.1,18.8,9.4,22,10.7,15.5,11.6,11.1,8.8,6,10,17.5,7,7,4,4.4,7.2,11,14,6,5.5,10.4,9,20,4.8,0,7,7,4.8,4,10.7,1.5,10.7,8.4,12.7,12,12.6,15,7.4,1,11.3,12.3,7,8.6,11.7,8,11,10,9,40,0,10,0,1,0,0,2,0,0,0,1,0,3,0,0,0,5,0,9,0,0,0,13,72,0,0,8,0,20,6.9,4,5,13,0,2,8,7,0,4.7,6,6,5.8,23,33,0,0,7,0,8,10,0,2,12.7,0,15.8,0,3.8,17,0,0,9.7,2,13,2.8,4.7,9,6,6,7,12,46.8,21.6,12,12,5,7.9,10,10,8,1,14,4,14.9,15.3,6.9,12.3,16.8,13.8,16.5,8.8,15.8,11,11.9,17.8,0,7,13.9,9.3,10.2,14.5,11.6,12.6,11.6,13.4,15,8,14.8,14.2,11.7,11.8,17.7,17.9,12.9,8.5,17.1,10.7,11.6,7.1,14.7,11.2,10.4,15.1,10.8,15.1,10.1,12.8,13.4,14.3,20.3,18.9,14.2,16.3,18.1,19.2,13,17.2,17.9,12.8,14.1,11.8,10.9,8,7,17,8.4,9,9.5,6,0,27.3,8.9,9.4,15,19,10,15,10,8,15.9,13,12,23,0,17,13,23,22,6,9
1973-10-01,0,3.5,4.6,12.9,39,17.5,30.1,3,20,5,39.8,0,59,92,31,4,37,75,52,26,78,18,9,31,19,0,19,0,25.7,69,13,72,61.8,65,6,14,81,133,48.2,25,32,83,15,110,27.9,2,32,39.9,12,20,17,20,0,32,35.8,26,46,0,16,2,51,83,48,15,21.9,52,42,20,45.2,50.4,43.4,24,7.2,4.6,17,3,23.4,53.2,41.9,164,36,30.2,28.5,43.9,38.1,37.8,35.5,31.2,43.7,43.6,13,52.1,41.1,15,17,32.8,2,12.7,26,14.5,13.6,20.9,8,17.8,11.7,11.2,19.1,48.8,54.6,21.5,11,61.4,21,52.7,40.9,32.5,43.7,44.1,41.1,18,48.2,20,30.3,50,41,13.9,42,35.8,21,45.1,41.1,16.5,20,38.5,30.6,23.4,34.2,38.3,32.5,30.9,26,1.2,34.1,0,16.4,28.2,21.1,3.8,31,47.2,66,15.3,30.4,33.6,39.8,34.2,30.7,20.3,6,8,14.9,5,18.3,36,63,61,37,55.7,63,62,24,19,25.4,80,78,85,13.7,117,61,30,13.7,56,20,37.6,26.5,34.1,60.9,58,63.7,56,18.1,0,55.6,79,101,61.6,73.9,80,88,76.7,109.5,0,4,1,0,31,24,6,16,21,47,26,21,25,49,23,24.5,0,25,39,18,23,20,3,25,43,9,0,13,14,11,20.5,12,21,30,33.5,11,22,20,50,18.3,11,24,30.1,9,46.3,6,5,10,15,18,13,21,38,53.3,18,59,5,23.8,50,26,10,59.4,37,14,55.1,26.8,35,36,18,50,58,70,59.6,92,77,62,48,68,93,106,74,53,55,81.5,56.3,20.4,53.2,90.6,68.7,48.8,24,49.8,31.9,35.3,82.5,10,24,44.6,33.3,41.6,35.1,27.1,29,40.2,31.7,35.6,37.1,44.4,52.4,43.9,32.4,42.8,44.2,31,27.8,32.3,42,30.3,26.6,54.6,49,41.3,48.1,57.1,42.2,59.5,57.3,40,51,47.1,56.5,53.2,37.3,46.1,42.8,33.1,42.7,43.4,37.7,30,21,22.7,18,26.9,25.9,20,17.1,52.4,16,20,163.1,188.2,82.2,59,39,60,79,63,71,98.3,186,92,102,106,128,203,168,125,160,198
1973-11-01,42.2,29,25.8,31.2,76,83.8,40.8,42,30,30,46.8,0,42,55,0,52,36,29,67,60,50,64,40,65,37,54,105,76,45.5,89,20,71,64.8,13,5,60,87,23,76.1,24,61,18,41,25,42.6,45,25,39.1,50,20,32,38,55,61,41.2,25,28,43,42,20,87,18,22,22,30.2,30,15,30,74.5,86.5,45.3,153.1,13.6,18.2,21,78.5,43.9,59.4,57.9,249,82,45.2,82,54.5,66.1,43.4,57,52.5,58.3,80,52,64.5,61.7,54,32.5,40,22,34.2,8,19,28.8,33.6,100.3,8,24.7,23.7,25.2,73.1,64,121,59,60.7,79,75.3,49.6,58.1,62.4,64.8,78.5,75,53.6,105,35.8,71.9,53.3,55.5,26,45,34.9,52.7,38,25.4,12.5,51.9,46.1,35,39.9,31,36,54,69.7,17,16,24,65,44.9,19,56.6,55.3,100.5,108,13,57.2,34.6,61.2,55.2,48,15.8,9.4,39,27.5,75,97.1,77,63,37,64,56.1,105,24,51,72,45,59.9,53,57,91.5,84,37,54,91.5,112,45.7,133.9,66.8,98.8,51,42,52.2,58,48.6,30,49.3,51.7,34,44.4,61.2,32,41,38.2,60.5,60,45,41,34,123,64,88,25,127,73,44,43,33,26,30,40.5,29,43,22,32,51,20,23,29,76,15,0,36,25,32,46,26,43,66,39,11,30,45,15,5,46,44,45.6,79,175,0,40,42,25,50,31,86,88,57.5,31,89.6,93,47.3,93,45,22,50,62,118,51,42,46,55,73,75,42,68,62.4,56,28,40,28,14,34,84,30,33,42,46.1,47.7,38.1,40.4,68.5,54.5,51.9,43,49.7,48.9,39.8,54.3,48,45.2,48.5,43.7,27.7,38.4,43.7,27.6,40,49.8,58.2,51.5,50.5,64.2,56.8,53.3,59.4,46,38,41,31.6,37.4,32.6,38.7,49,50.2,52.5,55.1,64.5,45.3,59.5,57.7,45.8,50.1,61,45.9,50.3,68.1,83.1,83.6,68.1,72,78.8,60.8,46.7,42.3,44.1,41.7,48.2,50.8,46,31.2,63.6,71,42,35.2,28,39.6,38,47,34,30,56,26,32.9,25,23,15,30,27,18,27,39,0,45
1973-12-01,102.9,75.6,124.2,67.2,136,97.9,119.8,20,72,50,120.5,85,166,65,118,119,130,154,123,154,125,86,71,150,126,48,96,98,102.5,180,123,156,123.2,86,137,90,150,143,84.6,223,197,175,29,156,99.6,74,116,141.4,76,192,141,42,72,197,108.1,159,106,119,189,67,138,175,141,165,79.9,129,86,50,75.7,77.7,95.1,130.8,74.3,81.7,88,125,95.4,128.7,129,66,77,60,56,124.4,128,114.1,127.2,92.1,129.9,129,160,142.9,64.5,140,79.3,123,132,98.8,68.6,68,79.7,70.3,144.5,104,60.5,65.8,70.5,142.5,178.9,105,158.5,157.4,166,161,140,165.8,142.4,140.5,138.4,122,169.4,141,112.1,145.6,90.3,123.5,111,92.1,99.4,112.2,94.7,60.6,86,115.7,90.2,96.7,95.5,82.6,86.5,119.5,129.4,93.5,155,59,115,140.9,51,136.3,106.3,53.5,30,104,124.1,100.2,108.4,103.1,105.4,27.8,21.7,116,82.2,110,167.4,163,75,126,79,92.2,103.8,99,133,115,77.2,100,98,141,98.9,71,126,78,98.9,172,137.2,126.9,102.2,110.6,110.2,114,93.5,96,108,76,81.2,101.3,6,98.8,101.5,138,86,86.4,81.5,135,162,178,165,97,140,144,147,93,85,110,136,110,163,108,165,116,69,144,66,51,128,90,70,88,80,78,124,138,122,136.1,113,80,145,81,118,93,132,119,138,129,118,101.7,196,124.3,162,117,96,98,123,143,147,61,121.6,128,141.2,115,122.6,109,166,109,82.5,52,103,103.3,79.5,107,78,128,104,114,129,99.3,106,97,61,31,89,73,51,70,80,112,76.9,102.7,105.7,75.1,103.2,83.9,99.6,134,125.4,105.8,133.5,108.1,45,106.7,112.2,128.7,77.1,102.9,85.3,82.8,88.8,99.6,114,107.5,103.1,109.6,108.1,111.8,116.7,99.8,86.5,122.6,110.8,103.8,72.9,150.9,68.4,108.1,110.1,106.2,107.7,87.4,71.9,96.3,98,110.2,105.9,94.4,78.6,170.5,174.9,151.6,158.9,176.9,168.7,143.6,137.6,139.6,123.4,111.6,134.2,138,127.7,94.1,93.8,125,137,75.9,113.9,85.6,134,90,40,87,133,92,88.8,86,63,79,87,91,71,118,62,111,153
1974-01-01,60.8,33.2,64.2,72.3,67,279.6,93.9,100,112,170,143.6,85,87,74,285,220,88,234,253,201,152,88,219,151,169,213,230,151,137.9,66,298,178,209,140,291,212,114,178,93.8,89,160,98,157,136,96.9,103,58,121.9,186,70,69,176,41,160,144.5,145,36,100,126,291,272,116,121,100,131.2,35,176,320,74.3,102.5,129.5,107,154.2,133.4,93,193,115.4,202.1,206.2,195.6,157,165,187,153.8,172.3,179.9,192.1,204.3,235.3,237,170,232.2,176.1,125,108.6,107,118.1,141.4,184,136,108.7,147.7,133,91.5,102.3,113.8,180,218.2,226.1,282.5,174,300.3,277,290.9,234.9,186.9,232.9,245.5,145.4,240,255.3,289,145.4,167.6,156.4,211.5,182,137.4,132.8,140.1,114.5,92.6,23.5,150.9,156.8,112.9,134.7,127.1,27.5,136.9,170.5,135.5,187,193,75,178.1,209,282.5,126,181,259,157.5,241.8,149.3,180,111.3,181.1,51.8,54.3,180,169,123,115.1,103,83,89,21,78.5,53,74,57,100,69.5,94.1,102,59,128.7,219,89,12,128.7,78,56.4,83.5,70.6,76.1,112.2,76,95.9,120,73.7,137,68,109.2,233,91.2,100.6,41,75,106.6,94.5,65,35,273,27,72,100,62,471,37,88,96,89,39,92,69,142,83,94,141,101,94,88,131,100,52,90,112,78,70,77,95,65,62,76,38,100,177,53,77,35,82,90,87,85,80,72,82,61,98,64,73.2,109,139,98.5,29,55,41,109.3,95,41,50,79,54,47,80.6,67.6,53,5,43,65,76,70,97.6,116,144,68,23,67,87,138,51,106,187,117.3,97.6,77.9,67.5,106.1,91.6,95,39,140.8,75.2,108.4,104.9,36,77.1,89.6,108.2,82.5,78.9,82.9,56.9,75.9,82.4,92,77.2,89.1,86.1,94.8,92,106,84.2,93.4,105.2,141.4,83.7,67,131.6,65.9,85.3,92.8,105.9,79.3,86.7,87.3,92.3,117.1,103.8,87,112.5,73.6,158.5,143.1,29.5,109.7,141.2,149.3,105,93.9,107,92.9,87.4,94.6,103,104,71.4,100.7,113,56,66,57.9,153.7,142,145,113,164,128.8,100,139.8,167,166,183,85,186,134,210,129,73,88
1974-02-01,193.2,120.9,67.7,133,441,523.2,175.7,435,288,300,230,338,536,283,316,323,495,355,395,144,464,347,259,563,452,265,420,330,154.6,489,193,510,290,408,362,243,284,533,120.4,191,566,355,448,481,161.9,532,163,197.6,344,335,388,389,121,566,169.2,501,82,367,586,120,315,364,375,330,159.5,283,336,388,132.4,114,156,104.4,64.9,106.6,90,274.5,134.1,231.1,248,180.7,293.5,210,177,184.7,168.8,209.6,235.2,238.5,269.3,265,230,253.7,121,263,148.9,172,118.3,150,89,112,126.6,151.4,51,142,115.4,129.7,68,275.6,224.7,265,242,326.4,263,261.4,250.8,261.3,268.6,271.4,170.4,260,280.8,376,188.5,173.8,167.6,170.6,270,148.1,172.2,156.7,141.4,111,135,170.8,189.9,117,146.6,156.1,127,148.8,231.4,196.5,152,191,166,301.7,238,300.8,280,283.5,335,115,189.8,176.7,201.4,127.2,207.2,52.1,72.2,182,158.3,139,121.9,170,78.5,105,38,107.4,114.6,117,229,113,137.9,116.2,101,56,133.6,122,105,79,133.6,63,96.7,188.5,169.9,135.8,160.7,119,115.6,107,115.1,130,90.1,112.8,100,106.5,137,155,139,123.5,152.5,0,174,283,150,157,254,85,161,139,120,121,103,165,152,149,141,91,117,154,147,117,79,63,149,58,78,114,199,282,132,164.6,91,76,157,250,106,143,117,110,163,150,132,120.5,201,275,82,144,147,186,132,112,207,50,157.8,189,161,285,166.3,180,114,97,119.8,210,98,120.5,113.2,98,130,100,108,118,101,112.3,78,114,54,83,97,63,88,70.9,168,74,116.9,120.3,137.7,93.8,118.3,104,142.1,194,171.6,137.2,146.6,115.7,224,136.4,153,154.4,102.9,139.1,107.8,98.8,114.4,151.4,137.6,136.2,141.7,137.4,124.4,135.2,159.3,123.2,123,156.2,226.4,119.2,93.9,183.4,74.8,137.1,157,130.8,127.1,129.5,91.9,108.9,169.7,125,131.6,135.1,101,298.4,251.3,246.2,236.4,240.7,264.5,145.2,143.9,151.2,141.2,121.6,153.6,136.2,135,105.9,105.8,134,98,150.5,132.4,126.2,144,176,109,140,130.3,93,173.1,175,128,140,142,146,208,164,175,133,144
1974-03-01,189.1,91.7,61,63.9,69,171.8,77.5,55,175,140,120.4,181,119,335,163,161,81,154,108,108,72,127,155,158,110,211,147,118,121.3,78,157,124,144,64,182,71,24,110,104.2,296,127,150,123,85,83,221,106,113.7,173,215,105,148,123,127,110.5,30,107,108,137,0,235,108,119,145,111.4,209,137,190,81.4,79.3,109.2,130.5,105.4,123.4,125,89.5,105.4,133.3,144.1,4,74,175,67.3,138.8,142.5,118.5,144,109.6,128.1,128,92,210,22,124.5,93.3,72,75.1,112.2,76.3,128,101.9,85.4,30,61.7,75.6,79.3,101,157.5,185.9,174.5,39,190,164,178.9,162.4,152,173.9,162.3,145.3,132,174.5,160.7,116.2,155.6,111,172,150,105.5,114.7,119.5,78.2,67.8,84,122.6,105.7,95,105.4,91.8,22.5,121.4,138.5,74,160,98,92,146.5,140,188.1,148,298.5,290,30,148.1,116.7,124.6,106.1,119.3,28.6,27.7,131,94.2,77,112.5,95,93,32,55,74.1,75,99,26,46,69.9,99.6,58,70,34.1,109,32,40,34.1,66,35.4,76.3,76.9,69.3,111.8,126,91.5,139,93.3,84,70.7,99.3,47,95.8,77.7,73,103,85.4,51.5,168,43,55,151,90,56,55,28,65,69,58,150,34,25,93,40,60,82,18,46,46,157,75,106,15,98,44,88,74,182,96.7,186,184,79,18,139,99,53,53,34,102,55,56.7,89,281,75,47,70,94,90,42,125,15,58.5,77,62,116,100.2,109,26,80,59.3,70,92,64.3,67.8,68,46,148,166,126,117,89.2,74,87,57,67,92,43,70,79,90,62,88,78.4,63.1,61.9,83.8,85.9,70.4,122,89.4,75.4,79.1,86.9,19,53.3,85.5,76.4,50,69.8,74,57.7,69.9,83.1,79.8,80.3,73,98.8,84.8,78.9,87.4,73.6,85,77.6,102.2,71.4,52.5,90,61.2,87.6,88.9,98.7,90.7,66.3,78.7,84.7,91.7,81.3,90.8,68.2,79.9,155.3,147.5,86,115.9,144.8,155.1,114.3,107,117,110.2,91.9,99.3,111,106.8,72.9,74.1,21,35,49.7,54.3,77.9,102,165,73,89,84.9,79,79.8,75,100,84,66,117,81,108,30,79,84
1974-04-01,2.4,5.2,17.1,15.1,92,38,36.1,90,43,0,48.3,55,61,25,67,37,47,47,117,63,74,39,31,141,31,39,37,31,47.6,124,35,0,65,43,40,5,96,72,62.8,41,90,34,52,27,31.1,24,32,58.9,44,67,74,72,9,91,31.9,72,35,45,67,19,68,55,33,58,19.8,77,43,35,0,2.6,42,0,7,6.7,24,13.5,32.4,55.3,51.3,37.9,10,105,17,47.2,49.5,37.2,46.5,38.5,51.2,25,41.7,43.3,25,25,9,10,19.1,13,5,18,18.9,34.9,13.5,20.1,17.4,13.4,19.9,63.7,49,22,44.4,75.1,37,49.4,45.3,46.1,48.4,45.3,49.3,15,41.9,57.4,27,56.8,54.6,34.5,32,52.4,23,48.5,39.1,25.5,24,43.9,52.2,27,27.8,18.2,13,41.5,54,45,36.7,27,20,19.3,24,33.7,144,47,100,40,112.3,40,49.4,51.3,32,14.6,10.9,15.5,21,15,33.2,61,0,0,0,13.2,10,0,11,11,42.5,13,0,0,17,0,0,9,17,89,4.7,50.3,20.9,34.1,20,2,9.6,0,33.1,29,14.7,19,9,12.1,27.7,13,18,11.4,1.5,30,40,47,65,40,44,40,43,38,49,34,40,50,34,45,45,66,32,32,54,12,85,42,54,0,13,39,32,10,70,38.7,60,36,58,0,28.2,13,32,20,31,9,30,27.5,36,102,8,0,18,0,20,13,24,32,27.2,25,36,40,22.8,43,6,0,19.1,10,29,18.1,19.1,15,2,11,12,2,45.8,26.8,0,0,0,9.4,0,0,2,61.9,0,0,14.8,15.9,45.3,9.7,25.8,9.7,14.1,7,27.3,20.8,23.6,17.4,20,34.4,35.8,37,19.2,18.4,39.5,21.9,22.2,20.7,33.8,22.6,23.7,19.7,24.9,19.7,33.7,33.2,28.3,35.5,22.5,35.8,19.5,38.8,17.7,22.4,22.5,20,23.2,23.9,14.3,16.6,29.9,15.9,28.9,20.5,20,44.3,56,50.5,44.6,51.1,40.4,44.2,33,46.2,31.4,41.2,36,50.7,48,25,18.6,30,5,5,8,4.4,0,0,0,0,8.8,0,15.1,0,0,0,2,0,10,0,10,6,9
1974-05-01,1.5,27.1,1.1,21.3,57,54.3,45.3,48,9,0,52.2,48,35,65,40,16,43,32,60,30,20,60,6,125,69,34,34,41,43.7,80,37,0,76,44,73,25,12,65,67.9,58,27,46,42,38,45.2,49,63,48.1,0,90,95,55,0,27,45.1,43,59,43,51,0,38,31,69,96,30.7,40,86,40,58.7,108.3,51.6,62.2,25.3,33.5,24,80,41.6,67.4,61.5,63.4,66,115,37,51.5,58.1,51.2,55.1,55.3,75.4,102,58,42,139.5,99.5,34.3,15,56,110,15,12,36,40.6,36.8,14,31.8,33.1,24,77.1,62.2,77,77.9,75.3,79,73.4,70.7,54.2,66,65.8,63.4,83,58.4,114,38.7,70.2,54.1,69.8,42,54.9,40.3,50.1,42.6,24.6,6,57,39.2,42.8,39.9,38.2,21,49.8,70,41.5,27,56,34,76,40.7,64.4,146,110,115,70,75.1,43.7,70,59.9,37.7,20.5,8.6,37.5,35,13.6,62.4,36,98,80,38,68.3,98,70,37,41,33.9,80.5,74,158,49.5,124,80,48,49.5,12,52.7,88.4,37.6,44.3,75,74,83.2,55,36.9,0,68.1,87.4,60,76.6,75.5,68,71,76.7,61.5,5,91,74,4,38,23,8,68,32,27,21,10,53,26,24,46,10,29,40,83,43,5,3,87,0,66,37,90,68,47,41.1,31,26,32,45,31.8,57,27,58,15,19,32,44.4,33,6,26.4,29,26,30,37,19,55,0,55.6,16,38,37,33.3,30,30,34,57.4,20,63,60.8,35.6,37,96,69,92,74,79,86.9,117,56,86,74.2,85,50,101,22.2,58,73,77.1,58.7,38.9,64.1,78.2,77.8,53.9,10,66.3,43.6,51.6,79,16,45.3,56,50.6,41.9,44.2,45.6,40.9,55.9,47.3,55,48,51.4,61.8,63.6,43.8,57.8,60.5,40.5,47.5,35.4,38.3,36.7,48.4,67.5,63.6,54.8,59.3,61.7,56.6,79.6,68.8,52.9,70.9,60,65,61.6,70.7,68.2,95,60.5,71.8,74.3,62.8,49.7,47.5,46,36.2,40.3,42,43,32.8,64.7,38,53,53.5,76.6,83.5,128,54,70,100,81.8,102,72.1,120,79,98,42,48,97,107,66,61,83
1974-06-01,0,0,0,3.3,14,0.9,9.1,77,0,0,18.1,0,9,0,0,2,14,0,4,8,0,0,0,26,0,0,4,0,7,0,12,16,0,0,0,0,1,3,17,0,15,0,0,0,4.5,0,0,11.1,0,0,0,0,0,15,11.3,0,5,0,3,0,0,0,0,0,4.6,0,0,0,1.1,0,21.7,3,0,0.9,8,13,17.1,19.5,12.9,15.3,5,10,11,18.2,20.7,12.9,14.1,18.4,15.4,24,15,18,2,0.5,8.6,16,10.9,8.8,10.9,9.5,10.1,21.2,9.4,10.8,4.1,7.7,11,17.5,19.1,15,2,31.3,3,14.2,12.4,14.1,9.2,10.4,26.1,8,20.5,19,6.1,24.1,9.7,0.2,2,9.6,16.5,36.3,19.3,5.2,3,11.4,9.3,9.9,20.7,16.1,11.2,10.8,11.8,5.2,34.1,0,13.6,5.3,12.6,3,13,11,27.6,9.8,0.3,15.1,8.7,12.6,9.5,19.4,13.8,11.3,9.3,3,1.3,17,4.5,2,0,4.7,0,0,6,3,20,7.2,0,16,1,0,2,8,1,6,5.1,4,1.8,2,12.2,5,10.1,0,6.4,0,7.3,14.3,18,2.9,15.7,1,0,11.9,0,37,6,8,13,1,10,0,4,0,0,8,3,0,8,0,7,3,0,6,0,5,20,14,21,9,5,20,4,9,24,8.4,0,8,20,0,3.5,9,6,5,8,5,0,8.7,1,93,0,0,0,0,4,0,7,25,7.4,0,0,0,4.3,6,10,2,5.7,5,0,2.9,3.4,2,0,10,2,5,5,6.3,0,0,11,15,0,0,7,54,10,8,17.8,14.5,8.1,10.3,17.1,9.9,13.6,10,9.9,11.6,10.4,14,0,7.1,5.2,10.8,7.8,11.7,10.3,12,11.5,12.5,14.5,6.4,10.3,10.6,12.2,9.9,14.2,15.2,12.4,9.6,14.8,8.5,9.5,10,12.4,8.7,7.6,16.7,7.8,10.2,7.8,10.4,12.3,12.4,13.5,16.7,13.6,22.4,22.4,0,12.9,14.2,20.7,7.2,11.2,13.8,13.9,7.7,8.5,14.9,7.3,7.7,5,5,2,13.8,16.2,12.7,19,6,0,14,14.2,0,16.7,35,27,11,18,33,7,53,32,14,14
1974-07-01,7.4,14.1,17.5,8.6,2,11.6,31.1,7,10,0,11.7,18,4,20,0,16,1,0,0,4,0,0,5,4,0,4,14,0,8.3,0,8,0,8,0,0,0,9,0,29.3,31,5,0,8,0,22.6,6,4,16.3,5,0,0,0,0,5,10.7,0,17,0,2,0,1,0,0,0,3.7,20,0,15,22.8,31.7,52.4,10.8,7.4,3.8,21,20.5,19.4,20.7,14.7,19.8,12.9,22.9,8,24.9,28.6,13.1,13.6,20.3,20.9,5,21.8,26,0.8,10,16.9,26.9,14,5,14.2,10,11.3,25.8,6.5,6,6.2,7.5,11.3,24.4,17.5,10,16.6,40,34.4,18.8,16.4,14.1,3,12.9,22.6,11,18.3,26,11.6,27.8,20.6,12,12.9,9,17.5,36.5,36.2,9.6,2,15.1,2,10.4,27.4,22,15,12.6,15.2,3,28.5,12,4,15.4,10,19.5,28,28.1,33.8,13.3,7.7,15.2,12.5,21.1,13.6,19.8,9,5,4,23,28.9,41,28,25,51,38.1,40,28,50,27,33.4,51.7,44,47,50.4,43,25,22,50.4,1,22,33.4,32.5,38.5,40.9,36,42.1,43,21.2,0,40.5,46.6,40,36.7,59,28,20,30.4,14,0,20,15,15,74,14,0,22.9,17,27,14,21,74,32,32,36,8,0,27,8,20,32,28,6,0,24,24,27,22,4,34.1,34,22,30,59,15,30,25,20,43,29,37,33.3,17,26.9,34,10,28,23,36,40,27,0,48.3,18,0,5,24.9,15,26,33,50.3,20,31,41.1,27.4,26,26,22,35,36,34,37.6,35,30,44,29.5,49,30,0,13.4,38,28,26.8,42.9,18.7,38,80.7,43,54.9,55,40,35.2,31.7,56.2,33,31.3,47.5,32,27.9,34,20,28.4,23.4,30.6,39.8,38.3,36,45.6,43.6,37.1,32.7,49.6,30.6,26.9,27.7,26.5,26.2,25.4,38.1,30.6,39.4,34,45.3,30.9,37.4,41.6,32.5,48,49.1,52.1,31.9,33.8,38.2,39.5,32.3,43.4,45.4,33.2,28.6,24.7,28.3,26.7,28.4,30.3,24.9,24.7,51.7,42,22,1.8,1.7,26.3,32,5,18,6,21.5,0,26,0,5,0,0,0,6,15,0,0,4
1974-08-01,10.6,0,0,3.3,0,4.7,12.9,0,0,0,14.3,0,0,0,0,0,0,0,0,17,0,17,0,0,0,0,0,0,6.6,0,0,0,0,0,0,0,0,0,22.5,0,0,0,40,0,9.3,6,0,10.5,0,0,0,5,0,0,11.8,0,0,0,0,0,0,0,0,0,3.2,0,0,0,6.5,18.1,29.8,3.4,6.9,13.3,16,11,19,20.3,15.6,3,5,13,11,22.3,23.7,10.3,18.2,20.1,19.1,14,10,18.3,21.6,14,3,28,55,23,6,2,12.3,30.4,23.5,16,9.3,9.6,5,17.7,20.2,29,9.3,26.1,32.6,21.4,13.9,17.6,14.3,16.8,21.4,9,19.6,20,8,26.6,13.5,7.5,4,12.2,16.7,44.5,26.9,10.3,5,18.6,10,10.9,23.5,20,13,11,15.4,3,33.3,16,11,13,14.5,19,17.2,22.9,38.6,11,2.3,14.2,11.6,15.9,7.7,19.3,12,11,13.1,18.9,30.9,12,11,13,6,16,29,15,0,4,9.3,19.6,24,18,1.6,16,13,10,1.6,26,14,19.6,2.4,1.6,20,10,25.1,0,10.8,0,13.7,22.6,52,19.1,18,12,46,22,17,0,4,15,10,75,8,14,12.8,10,9,5,0,6,11,8,5,0,0,0,0,0,0,0,0,11,0,6,0,0,17,10.9,0,0,12,0,19,6,0,0,0,0,0,9,2,0,3,0,0,5,0,0,0,72,15.2,0,0,5,11.4,44,15,7,11.8,10,16,10.5,8.7,5,13,24,41,10,40,23.3,23,24,24,15,0,46,27,16,16,5,24.2,21.2,11.8,18,33.8,18.9,23.3,11.3,10.6,16.6,9.9,36.9,0,10.7,14.2,15.3,17,21.8,14.8,16.3,14.6,14.4,15.4,14.1,18.4,20.2,17.6,15.1,21.2,20.4,17.9,12.3,17.2,13.6,14.2,13.2,19.6,15.4,13.5,19.9,15.9,22.6,14.8,20.1,18.1,21.9,27.8,34.7,20.7,23.9,24.4,83.5,16.1,22.1,22,17.8,18.1,15.7,13.1,10.9,10.6,16.7,13.5,9,14.3,0,8,2.3,1.5,24.5,29,27,32,30,18.6,0,24.2,2,3,2,5,0,2,20,0,0,0
1974-09-01,0,26.5,4.3,4.5,21,4.4,11.4,0,0,0,20.1,0,38,0,0,0,23,0,18,8,0,0,1,41,5,0,2,0,7.2,30,15,45,38,0,0,0,0,33,18.8,7,73,5,15,0,9.4,0,13,23.2,1,0,33,23,0,27,13.9,9,11,4,36,2,48,6,0,0,6.2,23,12,0,24.7,39.9,24.5,6.3,1.5,1.2,19,6,15.5,18.9,14.7,15.9,10.7,0,15.5,23,12.8,8.5,12.6,19.9,10.7,3,11,8,0,5.5,16,13.3,5,4,10.8,10.2,7.8,19.3,10.8,8.1,4.3,6.5,10,12.7,15.6,16.5,11.5,25.2,24.6,12.7,11.5,12,12,12.3,29.1,5,15.3,10,7.8,22.9,8.7,7.5,10.5,9.9,13.9,30.6,23.3,8.5,7,10,11.2,8.5,17.8,15,10.8,6,9.9,13,32.3,5.8,10.1,8,9.3,16.1,8.5,15.5,4,9,12.8,14.2,8.4,12.7,9.1,15,9.2,9.8,7.6,4,47.5,16,17,36,10,11.8,9,17,6,7,28.3,16,4,16,16,0,36,10,16,9,13,32.1,8.7,15.7,18.2,27,12.5,17,10.9,42,16.3,15.3,22,11.5,23.1,24,16,20.4,21.5,0,30,25,31,20,22,22,15.5,20,11,9,5,11,15,9,14,6,10,10,20,0,22,13,4,6,16,0,11,19,12,17,16,16,14,14,11,0,7,21,7,4,4,10.5,22,0,0,10,10,19,13,3,19,41,14.4,16,31,24,12,56,16,8,18.2,28,24,11,8.1,6,4,16,20,27,23,23.1,6,8,8,23,14,9,58,30.6,17,24,19.9,25.2,11.5,13.5,32.3,12.8,23.6,21,27.4,16.1,16.6,26.5,0,12.1,20.5,19,16.7,17.8,13,18.9,14.8,20.1,19.7,13.1,18.1,18.6,21,14.7,19.7,21.5,17.9,14.6,18.2,16.2,15.6,14.3,15.6,15.8,13.6,16.1,14.4,16.9,16.3,16.2,16.1,17,25.7,27.2,18.1,26.7,24.1,0,18.6,24.4,22.3,16.9,16.1,18.1,12.7,12.5,18.6,20.5,15.8,10.6,13.5,12,13,11.5,5.3,22.8,48,39,18,18,20.1,30,21.4,27,18,19,9,6,2,12,5,6,10
1974-10-01,3.1,15.8,81.9,23.4,9,26.5,64.8,13,14,37,34.7,3,10,29,0,8,20,47,41,18,8,38,42,39,18,23,19,15,21.9,55,10,27,22,74,0,21,16,73,95.6,36,9,19,12,25,42.8,42,12,38,44,16,38,35,6,9,27.5,28,29,14,37,24,17,18,37,14,17.1,7,14,15,70.7,94,65.8,45.6,19.8,26.4,9,20,27.1,37.3,28.6,25,18,25,31.8,39.5,38.5,26.8,27.7,32.1,34.3,30,10,25,27.1,30,27.6,14,47,28,25,13,25.8,32.2,26,14,18.3,19.8,19.8,39.9,42,31,46.5,42.4,57.5,43.8,36.8,33.2,18,33.3,39.2,62,32.3,52,22.6,46.9,30.3,45.5,24,23.1,30,40,46.1,19.9,28,35.7,19.5,25.2,36.7,33.4,28.9,19,33.7,20.5,36.3,26,12,24,24,54.2,7,35.2,12,45,15.3,25.1,28.5,24.9,27.2,13.9,6.5,38,35.1,25,167.3,120,62,115,40,69.2,115,68,68,16,60.4,78.7,50,40,76.8,79,115,70,76.8,33,33,85.6,48.7,59.1,69.5,43,72.8,99,50.7,11,67,80.4,102,74.2,66.1,71,72,88.8,85.5,18,39,47,111,16,82,116,59.1,88,118,170,135,90,64,127,76,39,144,67,106,113,116,152,104,45,89,80,133,79,146,82.6,59,81,108,77,22,30,101,19,46,66,34,53.2,44,38,34,14,62,25,53,37,32,39,68.9,32,30,32,44.3,39,49,48,58.6,45,27,63.2,53.4,35,73,97,100,42,57,79.6,74,40,68,91,87,47,116,88,121,100,79.2,66.3,74.3,62.5,72.7,76.1,67.1,61,55.1,62.4,78.2,78.8,43,55.9,67.6,66.7,52.1,59.3,56.5,48,59.8,57,77.7,62.8,66.5,75.5,71.7,70.1,72.5,82.6,73.4,70,43.2,73.4,46.6,88.3,69.7,60.5,60.8,69.4,73.8,62.1,75.5,79.8,55.2,70.7,75.8,68.2,67.7,82.8,101,0,76.4,108.5,92.4,87.7,83.4,70.8,79.8,76.9,83.4,76.1,80,65.5,79.1,45,33,32.2,41,79.1,85,81,72,48,75.7,66,72.8,80,79,59,72,98,57,79,84,49,51
1974-11-01,7.7,23.5,6.3,15.1,22,17.5,41.2,10,15,15,33.7,12,33,28,0,20,23,12,63,29,14,6,34,34,29,29,15,25,17.2,41,15,48,38,33,14,36,20,37,50.6,30,43,29,2,11,35.4,3,89,36.6,46,35,16,0,0,43,15.7,0,54,39,27,10,2,26,39,33,9.8,35,14,20,24.1,18.2,57.6,24,0,27.4,26,10,22.4,26.4,20.8,6,7,7,0,25.8,27.7,17.6,23.1,24,28.6,22,26,50,0,34,43,22.6,5,17,6,15,14.7,25.9,15,16.1,11.7,10.6,8,30.3,22.6,27.5,13,49.7,75,31.5,26.9,25.3,14,24,35.4,39,22.1,15,17.8,40.8,27.1,30,14,20.7,25.6,38.4,46.3,13.9,10.5,28.6,7,14.9,26,27.7,10.5,16,27.1,5,17,6,17,19.4,21,12,35,38.6,42,22,63.2,18.8,23.7,27.5,24,15.5,8.5,22,19.1,17,72.6,90,29,22,73,38,40,31,59,76,45.5,43.6,50,22,53.9,49,22,101,53.9,60,33,66.3,42.2,56,44.8,81,33.9,62,41,61,43.4,42.7,18,36.7,50.3,57,49,37.2,41,11,30,83,10,23,82,51,54.3,60,64,72,21,61,26,67,63,0,33,57,44,42,46,39,72,78,58,91,72,52,71,49.4,34,42,72,38,22,88,34,92,47,51,42,40.9,70,55,30,70,23,45,34,42,38,185,53,64,30,3,39.8,48,30,20,41.3,58,71,43.8,42.6,60,48,67,72,80,43,55.9,29,24,53,14,50,20,53,86,34,26,42.8,44.6,38.8,33.1,57.8,37.2,46.6,21,63.4,52,48.7,49.2,40,44.5,50.2,39.5,28.6,39.1,33.5,23,33.7,44.4,53,50.7,48.5,58.7,57.2,54.6,57.6,45.1,33.6,43.6,27,34.3,29.7,50.4,44.9,45.8,50.1,42.6,61.9,40.4,32.7,49.9,38.6,39.7,62.5,43.8,41.1,59.9,72.1,151,56,74.8,62.7,58.9,51.6,48.4,52.4,46.3,56.9,59.6,52.9,39.5,49.8,36,29,42.4,51.9,38.9,31,22,23,54,34.1,11,40.1,36,47,64,84,64,60,55,47,7,57
1974-12-01,35.1,100.7,83.1,60.7,60,30,137.8,33,22,35,99.7,24,69,19,25,72,54,16,106,37,20,88,35,87,31,72,41,23,42.6,29,72,86,137,28,12,28,27,34,93,44,28,53,55,42,55.4,45,116,75.7,33,3,27,108,14,28,70.3,39,96,21,45,34,212,36,17,8,36.3,70,4,30,26.8,47,90.9,94.3,0,29.6,71,67,54.1,59.7,60.6,58,48.5,29,53,74.5,55,51.5,49.7,56.7,79.1,41,22,64.1,76.7,48.5,33.4,37,48,69,14,23,42.5,54,36,17.5,35.7,36.9,65,76.9,65.7,76.5,96.9,68.2,132,62.4,63.1,52.5,68,63.1,91.3,66,61.2,80,44.5,71.3,44.2,56.3,47,33,36,58,66.1,46.4,5.5,68.9,15,53,48.3,17,10,90,67.9,24.5,10,48.7,47,123.1,74,139.6,68,85.2,110,58,57.4,49.2,73.9,18,43.5,28.8,25,55,54.1,39,204.1,208,121,107,146,129.4,104,141,212,165,111.9,131.6,140,86,188.4,105,107,158,188.4,11,116,188.8,166.3,174.6,130.9,122,112.8,79,136.1,170,141.7,132.3,106,124.4,143.9,193,121,120.8,129,129,150,144,37,67,137,110,114.2,168,192,141,161,114,125,128,106,54,106,117,171,67,102,111,255,38,64,84,244,178,174,166.7,94,110,192,175,150,96,178,202,184,144,189,122.8,241,90,170,176,143,196,207,150,196,119,155.5,108,173,130,131.1,136,192,80,138.2,168,126,142.7,100.4,182,213,148,82,122,170,147.5,136,90,80,71,183,153,63,94,176,106,113.2,151.9,107.6,124.9,133.3,121.5,157,135.4,147.5,140.7,154.5,152.2,184,147.8,159.7,123.8,88.1,136.3,111.2,105.2,109,136.6,121.5,146.5,135.7,153.2,128.4,142,147.9,140.7,105.1,110.7,133.8,139.3,90.6,203.2,102,145.6,134.7,118.1,136.1,89.7,99,130.3,117.8,122.6,157.1,135.4,110.3,196.3,189.1,209,183.7,201.7,175.9,165.1,154.2,140.4,142.7,124.8,146.5,135.4,137.8,103.3,135.2,232,116,115.2,85.5,113.7,148,97,75,166,110.6,99,113.9,140,132,119,128,145,120,101,151,50,70
1975-01-01,61.7,105.6,129,99.3,32,71.3,117.4,11,74,82,84,99,28,141,222,57,38,79,5,168,80,75,82,22,13,40,81,10,71.2,36,88,36,83,34,73,102,54,47,108.7,120,109,0,77,11,83.4,117,105,112,64,56,62,84,84,109,91,20,59,34,60,121,50,12,27,8,90.7,85,86,70,120.1,222.2,112,135.7,0,147.6,263,192,102.6,136.9,117.8,318,271.5,287,242,150,153.2,141.8,127.3,141.8,143.9,238.6,88,181.6,172.6,234.5,8,86,115,144,85,96,110.7,106.9,84.4,49.5,88.6,93.8,124,178.3,160.1,260.5,205.5,186.9,394,232,148.5,127.9,166.1,155.1,177.4,275,191.2,277,116.8,132.1,99.9,300,85,97,110,112.4,104.2,95.2,218,127.2,80,108.7,111.4,127,50.5,143.5,177,123,195,247,221,332.9,392,193.5,338,184.5,226,268,227.7,131.1,144.6,105.6,140.9,51.7,164,203,203.1,313,164,347,161,146,139,150.2,121,163,110,87,135.3,165.5,248,295,95.4,294,146,47,95.4,137,122.9,139.5,139.2,166.3,170,204,205,266,121.5,123,113.7,193.5,200,173.3,134.1,188,208,169,154,65,157,51,88,30,151,55,162,93,109,109,88,95,129,78,105,43,216,155,163,126,71,144,199,165,137,160,201,133,309,174,96,140,235,61,152,119,216,199,42,143,118,120.3,200,36,65,88,54,137,143,132,197,77,149.7,122,203.9,137,151.8,152,98,90,129.6,163,130,127.2,98.7,111,46,94,114,204,114.8,171.9,272,209,281,145.3,250,144,148,109,135,139,143.2,136.3,101.9,121.7,173.9,134.7,121.6,100,148.4,141.8,134.6,150.7,85,120.8,144.9,129.9,87.8,122,110.2,98.5,103.6,116.6,121.8,133.7,134.6,148.6,134,139.8,128,139.8,126.8,148.2,184.7,131.7,94.7,162.4,108,173.3,190.5,174.7,126.2,120.2,123.1,153.5,150.6,147.6,155.3,149.3,111.2,274.1,234,213.5,200,224.8,225.1,166.4,141.3,160.9,142.2,113.9,140.2,124.8,134.6,105,142.8,132,123,113,92.1,129.6,108,101,53,103,138,115,119.2,129,88,101,80,125,149,244,153,42,81
1975-02-01,76.8,108.3,40.4,51.2,38,85.2,62.6,24,158,7,63.1,41,40,136,14,122,38,71,33,134,81,105,144,18,72,161,121,85,92.3,49,56,38,99,76,21,81,28,45,88.8,116,28,43,47,24,54.1,63,69,20,197,45,133,140,108,28,82.1,39,75,63,56,117,82,80,95,67,77,52,133,55,63.1,98.6,103.8,56,0,132.8,80,93,84.5,110.4,96.8,94,65,55,101,106.2,92.7,97.5,80,99,84.7,35,149,108.7,88.3,108,60,202,253,161,22,64.1,91.5,87.1,70.5,55,65.6,57,5,101,124.5,127,88,120.2,153,117.9,113.2,103.2,105.8,121.5,132.6,98,121.3,139,83.7,113.3,70.5,91,67,77,124,105.7,63.7,57.7,121,97.4,80,76,90.7,77,103,119,121,167.5,130,112,102,26.4,97.5,174.4,36,114.7,100,90,105.9,86.9,98.3,88.7,96.7,39.2,26.1,92,130,101,125,96,51,59,22,83.9,61,132,33,79,62.9,99.5,87,50,49.6,53,59,52,49.6,194,92,67.3,90.7,75.4,110,138,50,46,70.6,92,72.8,118.5,66,92.4,86.3,148,123,124.6,99,155,55,32,55,135,40,0,62,95,102,62,75,89,70,71,40,21,76,34,34,40,111,88,104,67,77,46,93,49,85,87.9,68,11,99,24,88,118,55,48,30,86,70,70,2,200,62,47,153,55,142,70,41,143,66.9,126,117.8,103,89.2,90,57,10,65.3,104,71,77.8,68.2,41,77,120,172,138,104,99.5,59,100,73,105,71,129,43,135,117.2,36,109.1,91.9,60.5,67.7,85,86.6,71.6,33,79.2,68.1,66.1,94.3,18,58.2,73.1,70,49.1,58.3,65.2,56.1,66,68.6,81.9,73.8,69.9,103.3,86.9,73.4,85.6,71.3,77.1,68,78.3,57.6,46.2,82.1,64.6,93.1,78.5,89.3,100.3,64,77.3,91.5,87,91.4,94.6,78.7,70.8,125.8,130.5,107.5,111.6,132.4,140,107.7,82.2,84.6,89.9,70.8,79.6,88.7,79.5,65.5,87.8,63,92,95.8,106.6,83.8,120,89,49,82,16,50,73.1,140,117,83,57,87,142,97,130,68,78
1975-03-01,61.2,107.6,80.3,116.9,158,63.5,180.3,15,62,10,189.2,139,168,66,318,84,135,70,65,90,104,143,68,150,140,89,63,85,113.5,256,193,204,114,71,55,95,157,310,148.6,75,169,143,65,191,123.5,135,270,127,49,177,60,133,146,170,116.6,127,196,118,150,73,204,114,171,91,130.7,127,88,103,261.5,239.4,119.6,198.3,0,46.9,54,162,93.9,136.4,123.5,123,145.5,70,79,116.1,137.7,131.6,148.4,115.1,141.9,152,32,157.8,140.2,139,20,69,25,66,28,42,84.1,85,81.1,40,61.3,72.6,95.2,187.6,205.6,175.7,225,165.3,121,171.7,152,142.8,164.2,153.2,178,171,182.8,208,144.5,146.2,95.8,116.9,73,88.7,81,89.3,109.4,76.5,121,109.5,90.5,128.7,113.1,40,77,71,165.5,82.5,56,99,84,295.4,161,327.6,412,208.9,331,73,229.1,131.1,158,201,122,52.4,11,84,68,69,162,295,189.5,285,232,165.3,215,200,331,137,158.4,200.7,231,214,293,210,285,163,293,77,74.8,201.2,324.5,253.8,177,162,215,141,145.8,75,168.1,178,218,206.4,236,196,186,218.9,202,132,140,166,58,199,101,52,158.4,134,120,101,90,112,80,128,149,74,35,145,284,100,123,126,336,94,143,71,190,432,230,172.3,97,146,243,144,114,0,116,142,171,181,211,139.1,260,9,76,123,277,107,245,251,345,29,208.6,75,154,143,180.4,279,206,70,229.6,93,161,217.9,133.4,140,190,201,178,163,116.8,215.1,244,185,141,146,215,186,285,79,265,238,190.3,171.8,124.6,148,260.7,157.9,193.7,254,236.4,171.9,168.1,200.9,239,170,209.6,143,104.4,145.2,144.2,145,151,180.1,151,156.2,160.1,166.1,159.4,163.4,179,200.2,150.9,196.1,217,159.3,105.8,197.1,139.2,168.7,150.4,190.2,154.7,115.4,128.4,187.5,162.7,158.3,183.9,155.3,153.6,248.5,221,245,212.9,234.6,198.4,151.4,159.9,140.1,125.8,125.1,156.3,147.8,146.3,104.3,203.7,130,75,172,147.8,231.6,281,210,156,207,283,254,239.9,251,271,258,268,309,242,269,173,142,167
1975-04-01,19.9,0,8.3,24.7,70,55.1,56.9,194,68,48,73.4,47,39,64,99,77,120,93,37,54,61,116,52,56,60,79,56,203,59.2,71,83,70,73,64,75,50,51,74,92.7,52,102,113,75,19,47.4,58,65,57,66,105,54,61,39,102,55.1,33,78,112,31,53,93,137,71,90,52.1,59,114,45,22.6,38.3,49.5,29.4,0,55.8,20,86,52.7,90.6,84.8,78,62,52,67,76.2,75.7,67.2,79.3,56.7,90.6,82,88,99.3,98.5,104,60,51,68,22,29,24,39.4,45,64,36,29,34.5,26.5,102,102.5,103.3,49,117,125,97.8,85.4,86.7,65,91.4,91,85,90.1,116,64.2,75.9,72.8,29.3,58,59.8,45.7,67.6,48.1,30.2,13,64.5,27,46.4,45.8,28,64.5,66.7,82.2,71,76,22,12,54.4,61.5,62.5,34,76.3,32,21,16.4,60.3,87.8,60,57.8,15.5,5,36,24.1,81.2,13.5,73,51,54,120,32.2,31,27,48,28,32.4,36.3,17,26,13.5,34,54,26,13.5,73,25.3,52.6,58.7,27,34.8,49,36,55,43.4,0,45.4,41.9,81,29.9,70.6,42,23,46.3,35,58,52,127,34,73,15,26,50.6,27,39,35,5,46,61,9,50,49,0,48,124,114,16,103,9,34,44,17,52,10,53,40.8,87,50,74,5,44,0,28,14,44,21,15,35.5,20,2,23,11,19,48,28,26,48,0,54.4,20,41,17,36.2,35,0,0,45.9,48,185,46.4,32.1,45,43,26,55,98,8,51.6,10,23,3,17,22,30,33,61.9,59,76,55.4,47.6,50.5,31,65.5,42.2,51.4,14,73.9,42.1,46.3,52.8,34,46.6,57.8,50.6,48.5,36.1,50.9,27.6,35.8,60.8,57.8,49.4,39.2,59.5,54.8,43.5,70.9,52.8,46.4,62.9,35.4,52.9,30.6,69.2,51.7,45.7,43.6,39.5,57.7,40.6,46.2,46,46,36.6,61.5,50.6,37.4,47.4,58.6,47.5,61,63.7,52.3,53.7,51.3,52.8,52.1,45,40.2,51.3,54.7,27.8,40.9,45,0,39.8,74.4,79.8,154,81,36,102,93,92,68.2,71,46,114,45,94,91,116,104,28,62
1975-05-01,3.3,11.2,0,5.9,37,7,15.6,106,12,0,24.3,8,42,14,57,11,65,0,8,4,5,5,4,33,0,3,4,0,11.9,0,7,20,47,0,0,14,13,16,27.6,10,8,0,12,18,16.8,5,21,5,5,8,20,10,10,8,16.8,16,2,0,31,6,0,0,12,5,7.1,4,0,0,44.7,59.6,38.1,8.9,0,3,5,18,16.7,27.5,19.1,10,20.5,63,7,25.3,19.7,16.4,23.4,24.5,26.1,18,79,25.8,23.8,19,42,20,19.3,2,12.6,11.9,11.5,21.2,14,31,10.6,9.6,11,24.8,22.7,24.7,49.5,40.3,22,26.2,22.3,20.3,26,26.9,30.2,18,25.4,21,15.4,25.9,24.9,6.5,10,15.9,23,32.7,25.1,10.4,11,18.1,20.1,12.8,23.5,15,17.5,18.5,18.5,10,33.9,0,11.9,5.1,20,11.5,20,22.1,36.3,10,26.6,15.7,19.9,20,12.2,13.2,8.1,6,10.9,35,3.5,44,49,19,0,21.8,13,62,28,8,20.3,34,38,25,31.5,51,19,0,31.5,45,16.8,21.7,30.8,38.7,31.8,10,25,37,15.2,3,31.5,31.5,73,27.8,50.5,56,35,41.2,31,5,15,9,17.2,110,11,19,20.6,22,0,4,6,21,24,18,15,4,8,18,16,10,25,22,30,20,25,0,32,35,51,18.9,6,9,37,8,2,15,14,0,24,2,31,22.9,8,34,0,0,9,27,9,12,13,21,31.6,29,0,5,15.8,33,3,0,40.2,17,19,36.8,12.9,11,2,0,20,10,31,29.7,38,28,24,36,25,23,20,22.2,38.1,18,38.5,34.4,14.7,26,59.4,32.2,32.2,24,49.5,26.4,22.8,45.2,23,17.9,29.7,27.7,23.4,30.7,17.3,22.8,20.3,26.1,25.8,25.1,29,29.9,27.5,24.1,30.6,32.5,27.4,19.6,22.2,30.1,23.1,21.8,36.4,18.9,25.3,27.3,30.3,26.3,36.6,28.4,26.1,36,30.7,41.5,22.9,29.8,28.9,14.5,21.9,31.1,35.8,25.6,21.7,18.5,17.9,15.2,20,22.2,21,13.7,29.9,20,1,20.5,26.5,46.9,66,24,30,42,26,62,46.9,8,22,21,16,29,83,55,19,28,37
1975-06-01,3.7,5.9,5.1,10.1,36,2.7,23.9,16,3,0,20.6,2,13,0,58,0,27,0,25,23,10,0,0,54,0,0,7,0,12.1,38,22,102,49,0,0,0,19,41,37.8,4,22,0,0,0,17.3,10,8,24,0,0,0,4,0,22,14.8,0,15,0,40,0,8,0,0,25,5.8,6,20,0,5.7,12,29.4,3.4,5.6,7.3,6,30,19.1,23.3,21.2,21,33,125,33,22.5,25.3,18.7,22.6,23.2,30.2,22,6,28.9,32.1,19.5,15.9,24.6,36,11,8,11.3,12.7,18.2,14,11.1,10.2,9.9,5,37,21.9,28.3,49.5,39.4,60,28.7,23.3,18.8,41,23.5,30.6,30,23.7,40,14,28.9,21.3,16.5,27,13.2,18.3,41.5,21.7,11.7,3.5,19.9,14,12.5,23.5,19.5,14.5,19.8,23.3,16.5,30,11,12,6.1,35,24,23.2,25.3,37.3,14,21.8,15.2,22.8,25.5,11,10.3,8.3,22,14.1,25,13.5,38,13.5,11,15,17.7,15,26,23,12,24.2,23.8,21,18,13.4,0,11,16,13.4,2,12.1,51.3,28,21.8,19.6,28,10,12,21.4,12,17.4,18.8,15,18.8,36.4,31,39,22.7,29.5,10,28,44,22.1,48,23,22,27.4,45,15,45,38,42,32,19,44,14,5,20,16,20,11,18,35,6,20,31,49,36,0,31.2,25,40,40,53,48,0,30,15,23,22,31,24.2,20,16,11,0,11,22,24,0,11,0,21.9,5,0,7,14.8,32,18,10,27.7,8,16,18.6,11,10,13,23,20,28,14,26.5,27,18,22,15,20,10,36,0,19.4,34,23.5,27.1,20.1,18.5,44.7,15.4,24.9,30.6,39.7,21.3,24.2,34.4,22,22.8,30.1,28.6,23.8,25.7,17.6,21.4,16,29.3,26.6,20.4,22.4,23.3,27.4,22.4,30,34.7,19.3,25,18.3,27.1,16.3,26.9,20,18.4,16.4,18.5,20.6,19.7,22.8,19.3,19.2,23,34.3,33.5,20,36.3,31.1,39.5,20.6,27.7,28.9,24.3,23.4,21.9,23.8,17.9,24.7,28.9,23.1,18.3,26.5,23,13,23.2,46.3,22.4,40,18,20,16,10,8,29.2,20,25,11,30,28,27,24,23,54,66
1975-07-01,0,0,0,2.4,0,0.4,11.1,14,0,0,16.2,0,0,0,0,0,0,0,0,2,0,0,0,0,0,0,0,0,7.9,0,0,0,0,0,0,0,0,0,17.3,9,0,0,0,0,4.2,0,0,0,0,0,0,0,0,0,6.1,0,0,0,0,0,0,0,0,0,5.4,61,0,0,0,0.8,21.6,0,11.8,6.1,10,17.7,20.2,22.7,18.5,27.1,10.7,18,3,22.4,35.1,11.2,15.7,15.1,17.1,3,14.7,16.5,17.8,11.5,9.8,24.1,23,23,12.8,5,30,27.4,12.9,17.6,6.4,9.6,14,24.2,20,25.1,23,31.6,15,17.1,16.1,17.3,4,12.1,28.6,17,24.1,6,5.9,29.4,8,11,8.2,11.6,19,43.6,18.3,9.3,7,17.6,11.9,12.6,23.9,12.8,13.2,14.1,16.7,9.4,32.5,6,5,1.2,13.7,13.7,21.5,19,34.9,15,9.7,14.9,11.6,21.8,10.9,17.6,10,10,5,3,0.5,6.9,0,0,0,6.9,0,0,0,0,10,6.9,0,0,0,0,0,0,0,1,7.7,0,0,0,12.9,4,8.4,0,7,1,13.7,10.4,0,2.9,13.6,2,0,9.4,6,15.7,0,0,8.8,0,0,0,6.2,0,0,0,0,0,0,0,2,0,0,13,0,0,0,0,2,0,0,0,0,5.6,0,9.6,0,0,1,4.4,0,0,0,0,0,0,0,5.3,1,74,0,3,0,0,0,6.1,0,45,10.1,0,12.1,0,5.7,4,0,0,5.9,0,0,1.8,4.2,0,0,6,4,5,22.3,7.7,0,0,0,9.7,0,0,0,13.4,17,0,13.6,11.8,9.3,10,16.6,11.8,13.3,9.1,9.7,13.5,10.5,12.2,0,4.1,8.4,9.3,7.2,8,12.3,12.6,8.9,11.9,15.2,8.2,14.9,9.1,15.1,10.5,13.9,15.4,17.6,8.1,11.7,6.9,10.9,10.5,18,10.2,8.7,17.9,9.8,14.4,8.2,11.5,12.9,13.7,15,16.4,16.9,21.1,26.4,0,10.2,13.9,10.8,5.3,10.9,16.8,7.3,6,12.5,14.5,7.5,6.1,4.8,0,1,0.3,0.2,11.1,0,0,0,0,0,0,6.6,0,0,0,0,0,0,0,0,0,1
1975-08-01,53.6,50.2,30.7,12.4,50,8.3,33.5,0,6,0,31.9,0,52,5,20,7,31,5,81,55,17,13,4,52,0,4,12,0,16.7,50,24,36,60,10,0,5,49,26,43,16,39,15,0,8,26.4,0,55,30,7,18,0,31,0,39,15.8,28,62,6,30,0,0,6,8,5,11.1,61,9,0,25.7,38,40.6,11.4,25.8,29.3,7,24,21.9,27.7,26.2,14,28.7,72,27,30.4,28.1,17.9,21.2,26.1,28.5,31.5,19,29.9,29.9,16.5,24.3,31.5,40,7,30,3,14,31.7,41,22,14.4,15.2,12.2,31.6,23.9,31.2,71.5,40.9,35,34.1,26.8,25,29,28,28.2,34,25.2,28,16.8,38.6,27.8,17.5,15,14.8,16.4,35,32.1,18.1,53,26.1,23.5,16.9,27.2,27,6.5,17,31.6,20,30.1,18,37,14.2,22.8,24.7,29.1,39.9,61,12,6,18,25.2,28.3,16.2,12.4,8,29,11,43,70,45,37.5,28,28,27.6,33,34,34,33,28.2,33.5,15,29,32.5,40,28,31,32.5,1,15.4,73.2,31.1,42.4,35,59,20,37,24.4,15,35,36.1,10,30.9,56.1,42,21,26.6,32.5,12.7,84,65,23.4,45,27,28,36,49,47,32,8,21,36,28,32,13,5,9,4,7,7,0,74,0,2,13,0,44,21,31.2,19,5,44,45,15,14,37,12,9,27,35,27.9,60,0,41,40,30,5,40,0,17,48,44.1,0,38.3,7,26,47,12,26,33.8,12,61,33.7,29.3,36,32,39,47,69,15.2,35.1,38,37,5,41,3,36,34,16,16,26,27.7,35.8,31.9,23.2,58,33.2,36.5,39.4,55.2,35.5,23.8,45,22,31.8,39.6,35.5,22.5,28.4,28.4,25.5,24.9,33.2,35.5,30.1,34.1,34.1,36.4,33.3,41.1,43.3,27.2,26.8,22.8,27.3,23.4,31.6,30.9,26.1,32.3,28,35.4,25.4,24.6,28.7,27.9,29.6,47.2,37.1,24.7,39.5,43.3,84.5,26.8,49.4,48.5,34.7,25.2,25.2,24.9,22.4,30.8,27.5,30.1,19.1,38,40,15,9.8,7.6,28.1,121,21,175,0,7,105,29.2,2,6,4,4,0,2,7,13,5,8
1975-09-01,45,10.5,6.3,16.2,46,33.5,58.4,31,15,20,53.2,7,71,28,51,15,48,40,90,26,61,21,34,100,31,15,40,23,29.7,31,32,94,102,32,0,35,85,53,76.8,10,40,30,12,53,40.2,4,90,65,21,23,5,24,19,41,31.6,55,60,30,72,39,30,19,40,24,18.5,50,26,5,38.3,53.3,59.8,40.1,31.8,28.9,20.2,31,31.3,46,38.6,36,46,61,66,45.1,46.4,37.2,35.3,34.8,39.9,49,30,40,45,35.5,28,34.6,45,32,8,22.6,28,29.2,14.5,12,15.6,17.4,18.9,49.4,38.7,58.8,39,50.6,67,54,39,38.3,36,37,58.6,44,38.5,72,26.9,51.9,30.7,54.5,18,29.1,29.6,35,33.8,17.5,39,39.5,11,30.2,36.9,24,21,25,51.6,24,33,34,14,74.7,59,58,40.7,54,73,12,53.5,32,40.5,33,33.6,16.2,2,17,26.4,60,38.7,66,41,65,94,52.9,56,58,49,21,42.1,85.5,112,54,34.3,41,65,21,34.3,0,35.6,87.3,36.6,44.2,66.2,58,54,61,51.4,35,62,78.7,55,69.7,81.2,78,66,75.3,46,27.4,72,46,37.7,66,73,49,59.5,107,55,115,82,74,78,72,63,2,86,68,62,38,33,42,81,0,46,35.2,40,28,60,48,34,66,63,114,34,19,69,39,54,38,37,50.2,54,58.2,20,15,27,38,64,23,26,10,72.6,16,86.3,21,38.6,32,24,32,76.6,58,33,61.9,36.2,19,11,36,56,58,46.8,73.5,115,76,77,55,90,145,87,30.6,78,66,75.7,68.9,64.3,60.7,98.1,73.2,68.3,68.5,85.1,50.1,62,80.7,34,52.9,69.8,59.2,43.1,50.2,49.7,41.6,52.9,59.8,66.2,57.1,64.4,65.4,72.8,59.3,69.5,90.2,54.7,50.5,42.4,54.1,39.1,58.7,62.2,53.9,56.8,57.7,61.8,45.3,68.1,71.2,52.8,72.1,74.9,81.4,63.7,60.2,76.4,126,59.3,74.6,73.6,60,55.3,42,53,40.6,48,53.2,48.6,41.5,70.3,34,36,66.2,58,71.2,116,69,80,100,35,67,61.8,63,70,83,89,87,70,120,74,69,72
1975-10-01,1.3,4,11.3,8.9,23,19.9,9.1,48,11,0,20.6,18,22,18,42,23,42,10,40,14,36,16,19,0,6,21,16,0,13.3,13,18,46,12,30,0,20,92,49,46.9,51,30,11,2,10,15.5,20,10,12,22,55,28,36,0,31,24,18,2,5,22,14,5,10,35,35,15.5,70,12,0,40,63.4,32.5,39.4,27.5,17.9,23,54,21.5,29.6,25.7,40,61.5,44,34,24.4,40.7,20.6,28.1,25.1,30.2,30,27,32.1,31.2,43.5,17,29.6,17.6,21,17,8,13,28.7,11,12,13.2,11.1,15.2,38.4,27.6,44.5,45,45.5,40.5,37.2,31.3,27,23,41,38,49,26.5,51,16.6,28.9,30.5,26,20,14,18.8,33.2,31,9.9,20.1,24.3,23.7,15.3,27.7,12,23.1,21,33.5,20.5,34.6,12,14,55,23.7,55.9,35.8,40.5,64,7,17.7,17.2,26.6,26.8,20.8,12,6.9,13,25,36,14.5,10,14,106,9,32.2,33,51,3,6,17.3,40.4,59,44,3.9,32,106,11,3.9,145,21.7,28.1,11.3,9.7,37.5,81,44,20,24.4,3,39,33.4,93,35.8,41.8,33,54,51.4,47.5,20.1,0,0,11.6,12,20,20,14.8,10,13,10,21,3,22,7,16,14,8,5,2,0,1,8,0,31,9,0,4,58,6,23.3,101,10,6,0,19,17,7,17,4,6,7,22.5,51,89,33,27,13,9,15,5,30,95,31.3,32,32.9,35,20.1,38,1,8,27.9,11,29,32.5,21.3,10,0,28,56,81,73.5,49.5,21,67,51,25,34,38,41,66.9,76,84,59.6,37,15.7,30.1,50.4,36.2,31.8,48,37,32.5,18.6,41.3,13.6,16.6,24.3,22.6,22.3,30.8,22.1,23.1,27.1,25.5,30.1,22.9,35.1,33.3,30.7,25.4,35.5,25.3,28.7,23.3,19.4,20.2,24.1,26.2,38.7,27.2,29.7,34.2,34,28.8,63.2,34.4,29,29,40.3,33.8,31.1,31.6,39.7,44,27.7,41,44.5,35,27.7,25.9,26.6,15.8,26.3,28.4,18,12.2,25.5,13,2,19.1,29.7,67,57,66,69,59,68,67,48.6,37,36,20,7,29,17,55,25,29,29
1975-11-01,74.9,61.5,45.9,45.6,90,65.9,70.8,56,57,55,104.2,33,88,48,94,78,85,65,132,97,87,72,98,134,90,39,72,76,82.4,258,68,118,126,101,130,78,222,209,94,59,63,103,33,90,64.5,65,88,126,79,105,118,91,36,47,67.2,38,59,62,92,73,60,98,200,145,56.8,0,65,31,61.4,61.6,80.8,46,57.4,81.1,35,55,77.3,102.5,91.2,50,96,97,94,90.6,101.1,86.8,79.2,94.5,84.3,80,75,116.9,95.4,148.5,55.8,127,91,65,48,45,76,62.9,100.5,72,47.8,52.1,60,104.6,126.7,113.9,58,127.6,135,114.8,101.5,107.3,69,112,97.9,115,112,114,77.8,98.1,73.9,128,57.6,38,65.3,89,66.6,46.7,61,82.3,61,67.4,59.2,77,24.5,71.5,94.7,81.5,75.8,39,69,50.3,15,80.2,78,79.2,17,102,60.9,73,90.3,55,71.4,17.9,31.5,90,69.5,88,101.5,104,43,26,57,54.2,55,51,95,80,42.9,67.5,59,114,62.5,93,26,57,62.5,134,56.1,67.1,94.8,76.5,73.6,57,114,54,66.5,56,53.7,57.3,84,48.6,73,74,63,59.4,61.5,62,67,72,61.9,101.6,54,102,70.7,58,64,80,59,100,80,89,62,44,83,93,96,65,89,99,122,117,135,92,106,62.9,86,75.8,81,51,89,77,57,42,85,82,100,62,75,55.9,104,72,21,62,93,59,105,63.3,77,23,64.8,61,122.7,92,62.1,106,71,28,61.9,108,106,64.6,62.5,78,85,66,79,57,44,66.3,72,81,53,47,70,47,48,86,40,45,55,78.8,71.8,51.7,73,60.7,71,78.1,75.5,85.2,75.5,67.5,44,60.6,78.2,66.2,44.3,50.8,59.4,43.2,60.4,76.3,85.1,74.3,70.7,72.7,85.1,80.2,79.5,77,56.1,79.5,60,67.7,39.7,90.2,53.3,65.4,62.5,66.7,71.3,54.6,54.6,65.5,72.7,72.9,89.8,65,60.4,105.4,112.2,128.5,101.9,121.9,117.6,97.7,85,86.3,104.1,74.8,86.1,91.4,93.2,63.4,62.3,64,57,24.8,87.3,66.5,56,61,49,71,61,40,48.4,58,80,70,0,44,88,96,35,23,41
1975-12-01,26,38.5,51,34.4,67,63.9,43.8,102,8,0,52.2,38,64,190,130,47,75,120,49,143,124,7,45,42,79,107,79,95,93.9,121,110,64,61,62,92,110,62,25,88.3,154,33,151,36,68,48.8,113,86,32,18,40,169,46,37,34,54.2,40,92,77,42,77,171,98,33,106,61.3,15,152,83,37.6,47.4,56.4,26.7,34.3,19.3,75,67,59.1,89.3,84.4,48,31,20,54,68.1,80.5,72.7,84.5,59.6,81.3,45,45,97.4,90.5,45,44.6,15,59,25,47,45.7,34,61.6,30.5,75,34.5,36.9,28.7,87.8,83.2,86.9,43,123.8,43,90.6,73.5,85.8,94,49,101.8,51,88.5,38,55.2,80.4,74.5,53,44,56,52.5,63,54.6,46.6,118,67.3,70,45.3,44.7,109,25.5,92,85.7,41.5,64.3,31,42,33.9,22,79.5,75.5,58,77,12,70.5,67.6,79.9,96.2,76.5,20.7,47,14,22,10,53.5,58,21,4,12,33.6,47,5,47,182,59.1,38.5,4,2,64,21,4,39,64,39,77.7,80.5,33.3,31.5,40.6,25,2,12,57.5,78,36.8,39,0,32.1,44.8,16,24,30.7,12,73.8,48,41,48.8,65.3,42,45,58.1,54,73,78,17,52,64,51,42,38,110,41,60,39,21,19,26,80,22,20,54,45.8,14,48.7,86,61,70,39.2,40,10,119,43,17,33,25,40.2,114,104,28,38,25,72,33,50.8,50,143,38.1,36,100.8,31,54.3,33,87,43,41.7,40,44,43.8,46,15,24,32,15,24,170,36.8,29,14,12,18,0,0,4,82.3,5,11,28.4,43.6,44.2,25.6,49.5,44.6,43.9,59.5,48,51.5,43.6,46.1,77,46.2,54.4,44.5,28.8,34.4,53.4,25.4,31.5,51.2,57.5,40.2,44.2,55.8,52.4,49.4,66.2,49.6,46.6,50.1,42.4,43.7,24.6,43.9,31.8,43.5,54.7,39.7,61.6,33.1,28.5,36.7,56.9,35.7,66.1,36.2,34.2,70.1,82.4,97,86,78.8,67.2,66.4,57.2,55.6,56.9,48,48.4,52.6,53.1,37.4,52.7,101,71,3.5,23.4,17.4,0,0,0,3,19,20,20.2,18,0,0,0,0,10,0,0,30,50
1976-01-01,53,40.7,86.4,103.8,121,181.1,124.3,153,252,87,168.6,59,83,215,183,182,131,72,153,165,251,215,244,78,115,177,192,230,137.5,127,159,164,155,234,196,180,168,208,114.3,207,97,215,172,167,124.7,307,231,74,222,207,113,316,229,97,147.8,100,130,110,142,281,299,118,264,202,134.8,126,103,190,40.8,37.8,159.4,45,160.6,151.8,122,180,114.9,188.8,197,206,159,110,89,178,164.3,157.1,182.6,149.4,195.4,61,276,199.9,168.1,148.5,24,233,172,201.5,83,20,122,108.2,83,80.5,86.8,87.5,52,210.4,230.5,210.4,109,224.2,155,271.9,201.5,193,176,193,173.7,137,235.2,155,135.8,173.9,143.2,150,75,55,205,117.3,117,78.5,46,135.3,37,127.7,116.2,99,103,120,177.6,88.5,151.2,132,88,207.7,179,159,194.7,244,164,127,134.4,147.9,168.8,124,164.4,60.4,115,72,150.1,106,96,243,58,49,126,96.1,37,109,74,98,160,108.7,50,56,106.3,44,49,79,106.3,141,81,230.2,85.1,115.4,144.9,31,50,25,88.8,81,70.7,107.2,167,102.7,147.4,175,66,113.4,35,81.4,117,263,110,193,144,159,140.1,168,141,151,98,112,129,131,89,82,72,43,94,33,116,216,135,31,141,128,153,130,122,126.6,39,77,162,117.3,132,119,107,107,49,75,96,100.3,82,136,49,78,138,58,150,100.7,121,82,162.4,105,126.2,133,138.4,91,70,59,114.2,109,100,22,86.3,135,50,116,66,31,114.8,110,72,62,6,10,57,20,29,82,187,67,103.5,98.3,118.9,77.8,153.8,87.8,113,112.6,158.4,107.4,133.6,127.3,82,108.5,141,137,80,110.4,99.8,86.3,95.3,133.9,129.9,109.1,122.9,119.3,131.6,114.8,120.7,139.7,106.8,138.2,177.9,116.2,77.2,172.4,77,109.1,133.6,108.9,104.3,98.6,77.6,124.8,140.3,123.6,117.3,129.5,90.6,192.9,169.9,88,124,178,187.8,134.7,123.6,126.5,125.3,114.6,119.1,119.2,108.5,96.9,122.5,119,97,39.5,88.4,116.6,198,117,136,106,101,97,134.5,80,72,67,41,64,73,178,79,97,95
1976-02-01,84.9,100.1,19.6,75.3,59,199,119,53,135,18,83.8,59,46,69,163,169,73,85,130,164,152,42,134,72,85,190,115,105,107.5,184,246,93,99,62,76,155,179,100,106.5,40,48,73,76,63,78.4,115,66,58,204,77,91,70,115,48,91.2,36,55,89,76,71,42,55,31,230,91.6,38,66,140,63.6,68.2,115.4,123.7,107,144.4,16,134,87.2,117.5,107.8,85,121.5,100,129,125,133.7,111.1,112.2,102.1,104.2,110,102,137.1,111.5,209,49,86,92,104,10,58,97,79.3,6.5,19,66.7,76,15,141.3,154.1,151.8,125.2,193.8,241,146.3,130.1,130.3,246,224,138.7,169,130.8,164,116.7,108.2,83.2,184,166,90.7,144,100.3,91.5,62.3,60,107.1,145,105.4,101,80.7,91,84,142.2,86.5,124.6,104,38,126.1,84,181.8,137.9,173.6,158.8,89,147.8,107.3,132.5,159,132.6,39.7,61,39,68.5,125,224.5,172,82,166,147,137,127,145,150,112,133,163.9,167,168,181.8,199,166,61,181.8,11,119,82.2,102,121,141.6,179,100,109,111.9,119,119.5,159.1,152,154.1,147.5,135,143,143.9,125,76.8,47,52,60,89.5,118,69,77.6,65,64,134,135,68,58,67,91,114,185,140,113,70,187,233,176,78,242,106,123,6,163,153.2,150,100,161,118.8,155,80,110,75,97,90,98,106.4,136,87,66,99,117,142,118,123.8,143,47,144.2,130,183.8,202,140.5,157,120,155,151.2,157,212,131,99.4,273,132,106,129,179,104,166.5,170,191,97,136.4,154,238,60,107,200,298,154.4,140.1,93,133.3,193.3,108.2,136.6,137.8,123.4,143.4,139.5,150.8,90,117.9,138.3,104.9,78,114.3,99.7,101,85.3,116.2,122.8,120.1,132.5,146.8,142.8,131.6,116.9,133.4,105.3,134.9,136,124.6,89.3,144.4,95.2,142.6,131.8,149.6,117.5,90.5,114.3,142.4,145.2,139.8,160.1,136.7,109.4,209.1,214.1,231,190.4,208.2,204.2,158.6,144,162.2,140.3,124.8,148.4,144.5,147.9,113.5,160.5,185,119,147.3,167.2,154.7,179,114,163,89,91,164,149.2,93,123,104,90,135,159,187,218,106,140
1976-03-01,59.3,6,59.7,51.4,157,110.4,85.6,61,127,84,154.3,164,244,250,244,161,202,79,208,124,291,277,184,107,224,151,106,185,127.8,324,207,316,320,174,221,140,464,357,100.8,123,179,132,148,202,110.1,321,141,289,197,295,103,274,191,179,143.4,259,166,173,209,127,431,138,214,278,115.8,215,148,60,34.2,26.6,88.7,33.5,56.9,63.7,9,140,114.3,193.7,196.1,195,178,115,208,154,163.8,147.9,179.1,136.7,201.2,121,144,212.7,164.6,107,5,26,113,146,41,16,122,107.5,128,58,75.9,78.7,113,172.3,210.3,248.9,143.2,252,189,250.2,191.1,197.5,176,255,141.2,175,210.7,134,116.9,168.8,137.6,97.5,76,101.2,196,93,91.6,62.1,110,115.4,119.1,97.6,98.5,48,97,166,143.4,256,115.8,62,59,115,62.5,119.8,235,155.2,199.8,80,79.5,135,147,126.9,153.1,32.2,22,40,85,28,63,40,25,41,7,31.7,18,53,42,19,23,46,20,33,62.5,24,41,66,62.5,69,6.3,155.4,24.1,38.9,39.6,7,33,2,54.9,6,46.8,43.8,83,33.7,68.8,73,40,55.1,34,66.4,158,148,66.2,145,136,62,128.7,127,76,35,50,69,60,70,96,70,0,106,35,56,38,18,58,103,40,45,35,84.7,97,47.8,0,25,40,111,52,55,17,56.5,47,38,25,37.4,50,132.9,0,22,40,35,37,49.1,35,31,55.9,20,108.6,45,45.3,78,10,6,46.5,11,58,37.8,34.5,35,57,65,27,7,10,52.8,28,22,19,32,32,61,44,53,37,24,61,49,74.6,33.8,67.7,45.4,55.1,61.3,86.8,51.5,92.4,43.9,22,53.3,86.4,93.3,57.7,64.2,68,34.5,47.4,70.6,77.9,47.6,54.4,59.9,60,56.5,82.2,60.8,69,92.8,137.1,75,53.1,102.5,39.6,42.4,54,54.3,59.9,64,47.8,52.8,73.2,47.7,56.6,58.4,43,72.3,76,97,67.5,92.5,66.9,74.1,62.1,56.6,63.3,51.1,54.5,57,65.9,39,48.4,58,6,53.5,78.2,69.5,47,42,56,47,56,99,61.2,74,55,79,44,54,81,111,30,39,40
1976-04-01,0,13.4,6.6,8.7,14,0,25.4,209,0,0,26.6,18,0,14,0,0,5,0,13,13,0,0,0,58,0,0,0,0,7.3,0,0,25,62,5,0,0,22,0,43.5,5,16,0,0,0,21.9,0,20,56,0,0,48,0,0,16,18.9,6,12,0,0,0,10,0,0,0,5.5,20,0,0,54.9,61.7,49.6,32.8,0,0,27,24.6,19.2,23.9,16.7,36.9,27,14,24.7,22.3,22,15.9,14.6,25.7,23.4,27.2,20.5,23.8,24.9,3,22,29.3,20.1,2,15.4,13.6,2,22.7,15.6,20.1,8.7,10.1,11.4,19.1,23.1,29.8,19.8,38.1,38.5,18,19.5,17.4,22.9,20.9,25.1,28.1,23,32.3,14.4,37.2,24.7,5,10.4,16.8,19.4,45.3,38.9,12.2,16.7,22.8,17,18.4,30.4,34.2,21.2,17,24.2,14.9,34.8,0,15.8,9,24,42.8,10,33.4,47.3,15.9,2.2,19,19.2,21.5,26.3,16.8,9,18,12.8,12,43.1,26,48,63,42,51.4,41,87,52,33,5,61.3,0,79,39,65,63,29,39,10,34.9,16.1,27.2,27.5,51.8,51,70,44,20.7,35,54.8,66.9,123,58.3,62.4,89,69,70.6,60,21.9,0,14,11.9,22.5,0,5,17.9,8,0,11,4,8,18,8,30,0,0,48,0,6,6,9,10,20,5,16.7,27,35.4,102,37.2,0,14,21,24,35,56,29,26.4,40,31,30,30.7,24,32.3,37,40,33,39,36,20,30,15,45.2,29,33,41,25.7,22,39,25,52.6,48,35,44,34.4,32,34,34,28,51,56,64.7,46,64,74,81,86,81,60,75,98,73,82.9,52.2,16.9,46.4,74.3,57.3,48.6,43.5,42.5,40.6,32.9,61.5,40,31.4,40.9,29.1,38.5,39.2,21.3,29.6,31.3,33.7,37.3,37.6,40,52,46.5,35.6,42.7,44.3,29.5,30.4,29.7,25.5,29.5,30.8,55.3,45.5,46.8,50,55.5,45,68.3,53,35.6,42.4,51.1,56,42.6,46.2,48.4,41,36.5,54.4,58.5,42.4,36.1,34.8,29.4,23.3,28.8,36.5,29.8,22.6,48.4,44,36,92.4,79.5,100,132,83,121,102,143,108,89.5,34,90,82,89,57,180,105,73,84,82
1976-05-01,44.9,7.4,13.6,4.2,14,5.9,11.6,18,19,3,19.4,0,17,0,10,8,13,2,16,17,14,6,5,13,12,6,10,4,10.4,25,30,20,16,7,5,0,17,25,32,0,0,4,8,17,15.3,26,18,10,8,0,22,0,0,14,12.7,17,20,8,21,3,8,0,15,18,7.1,3,9,0,31.3,25.3,28.9,21.3,10.6,12.8,0,39,20.4,24.2,19.5,20.3,40,25,30,27.8,29.2,19.1,24.7,18.8,28.6,37,22,29,30.1,16.5,15.6,32.4,52,17,14,11.6,17,36.9,21,18,11,11.5,14.3,29.9,21.1,35.7,29.6,39.5,33,32.1,23.7,26.1,28,35,29,37,27.2,40,13.7,30.6,19.9,19.4,22,17.3,14,37.4,27.6,9.5,25,22.6,19.5,8.7,24.2,20.6,8,22.4,23.9,18,29.8,24,23,29,23.5,38.4,85,74,50.5,20,32.8,13.3,20.3,25.6,17.1,12.1,7,17,12.1,21,26.5,46,37,6,18,21.8,33,0,13,18,7.5,28.3,39,28,6.2,41,6,0,6.2,30,15.7,16.6,40.4,37.3,26.4,38,20,30,11.6,16,19.7,32.4,15,32,44.4,4,64,19.4,12.5,8.4,9,13,13.2,21.8,12,0,13.8,13,19,22,3,14,6,10,15,6,7,30,20,3,14,3,35,0,25,12,20,24.8,13,20.1,16.9,0,41,20,2,6,10,12.8,13,6,26,17.7,4,29.6,0,5,15,0,19,11.7,11,0,29,7,30.6,80,21.6,18,12,16,31.1,23,28,36,15.8,21,15,14,42,38,22.8,33.5,54,37,28,14,38,19,17,22.2,8,3,21.1,30.6,11.4,22,50.9,26.7,32.4,30.6,32.8,22.9,15.7,46.2,5,17.1,24.6,25.2,20.4,24.9,17.3,25.6,17.2,25.6,29.1,20.2,21.3,26.7,25.1,19,29.2,29.3,21.4,18.1,17.6,19.6,18.1,17.5,31.9,18.7,26.2,22.1,23,24.1,24.9,27.1,23.7,30.9,33.7,35.3,24.4,29.5,32.8,32.5,20.1,29.9,39.9,24.4,19.6,17.7,16.6,15.4,18.3,21.6,18.2,11.5,29.5,10,8,9.5,3.9,13,5,15,8,0,6,5,17.7,0,7,10,12,0,0,10,11,0,5
1976-06-01,0,0,0,3.4,0,0,9.1,6,0,0,17.5,0,0,0,0,0,0,0,0,0,0,0,0,0,0,0,0,0,4.7,0,0,0,0,0,0,0,0,0,12.1,0,0,0,0,0,2.6,0,0,0,0,0,23,0,0,0,9.7,0,0,0,0,0,0,0,0,0,1.7,0,0,0,0,0,20.6,0,0,0,7,17.7,18.9,23,14.3,25.1,8,19.4,14.3,22,26.6,9.6,11,14.2,15.7,9.7,16.6,12.4,12.8,1,12,20.7,15.6,1,13.1,10,1,26,8.7,16.1,4.7,9.7,14.4,20.6,19,19.9,12.3,29.6,16,15.2,14.6,13,3,11.3,26.7,10,23.8,20.7,5.1,28.2,8.2,7,7.3,10.8,18.9,39.6,15.6,6.4,7.8,15.6,11.5,11.7,29.5,10.9,11.5,15,12.7,9,33.8,0,7.2,9.3,12.4,9.3,18.1,15.2,33.5,11.6,6.7,21.1,9.8,17.3,16.4,19.7,15.1,10.8,7.8,10.2,3.5,6.2,0,0,0,9.6,0,0,0,0,0,5.3,0,0,0,0,0,7,0,9,6.5,0,0,0,13.2,7,9.7,0,6.6,0,14.7,9.9,0,3.2,20.2,7,2,6.8,0,7.5,0,0,3.9,6.5,0,0,5.2,0,0,0,0,0,0,0,0,0,0,11,0,0,0,0,0,4,0,0,0,5.1,4,8.3,0,0,0,5.8,2,0,0,0.9,0,0,0,8.6,1,25.6,0,0,0,0,0,4.5,0,0,7.5,0,2.6,0,7.9,0,0,0,2,0,4,0,2.2,0,0,5,8,6,11.5,7,0,0,0,15,0,20,5,0,0,0,10.9,13.6,8.7,8.3,15.7,10.6,17.3,4.7,12.2,13.4,10.1,13.4,0,3.8,6.6,8.6,6.5,13.3,9.7,12.6,10.8,13.3,10.9,6.3,15.1,10.3,13.5,13.4,13.6,16.3,20.7,7.3,14.1,7.7,9.7,10.6,16.3,10.4,8.6,16.3,10.1,14.4,7.4,13.7,11,14.4,17.4,16.9,14.4,13.1,25.1,11,10.7,13.9,15.5,7.6,12.8,16.4,9.8,7.2,15.9,14.4,6,8.4,5.6,0,0,1.7,3.2,12.5,0,0,0,0,0,0,5.3,0,0,0,0,0,0,8,0,6,5
1976-07-01,0,0,0,4.6,0,0.6,13.9,0,0,0,15.1,0,0,0,0,0,0,0,0,0,0,0,0,0,0,0,1,0,7.9,0,0,0,0,0,0,0,0,0,16.2,0,0,0,0,0,1.7,0,0,0,0,0,5,0,0,0,7.3,0,0,0,0,0,0,0,0,0,6,0,0,0,2.3,7.2,19.8,0.3,0,0.1,11.6,9,18.3,21.2,12.8,23.4,6,5,13.1,17.7,27.7,8.4,19,20.8,18.3,15,5,12.9,17.4,3,7.4,17.4,12.2,6.4,11.6,10.4,9.3,22.6,9.1,12.7,4.9,7.5,10.9,24.6,19.2,21.2,12.4,27.1,7,18.9,12.7,15.4,14,15,25.5,12,20.5,15,6.2,28.2,13.1,4.5,6.8,2,32,47.4,13.6,8.6,7.1,15,10.5,10.6,21.6,11.9,11.9,4,13.4,2.5,34,0,9.7,7.2,12.8,7.8,13.8,16.4,29.9,11.5,10.3,16.5,7.2,13.8,11,19.8,16.5,9.2,8.5,14,4,9.9,0,2,0,4.6,0,0,0,0,0,6.6,0,0,0,5,2,0,0,0,7.8,0.2,0,0.1,10.1,0,18,0,7.6,0,11.1,15.1,13,5.2,12,8.1,0,8.3,4.5,4.2,0,0,0,0,0,0,1.9,0,0,1,0,0,0,0,0,0,0,13,0,0,0,0,0,4,0,0,0,0,4,8.9,0,0,1,0,0,0,0,1.7,0,0,0,4.1,0,15.3,1.5,0,0,0,0,3.2,0,27,7.8,0,2.7,0,0,0,0,0,5.2,0,0,0,3.2,0,0,0,1,0,0,5.6,0,3.6,0,0,4,4,0,13.4,8,22,14.3,14.5,10.1,11.5,21.6,9.6,17.1,5,10.7,13.8,13.9,13,0,4.5,7.2,9.6,9.5,13.2,10.1,14.4,12.8,15.6,12.2,8.5,17.1,11.8,10.9,12,15,15.7,15.7,8.2,19.3,10,8.2,9.8,15.7,10.2,8.1,15.4,10.8,11.7,8.5,10.6,15.3,13.8,21.4,17.5,15.2,14.9,22.4,11,11.6,14.2,16.1,7.7,10.6,15.8,9.1,5.4,10.8,14.6,7.7,8,6.1,0,0,8.4,0.8,11.8,3,20,10,8,7,7,15.2,0,9,0,0,6,9,40,3,0,6
1976-08-01,0.1,9.5,4,8.1,40,3.2,22.4,0,0,0,28.4,5,54,6,0,8,17,0,40,3,14,6,0,43,8,0,4,5,11.1,0,3,29,60,8,0,0,27,23,27.7,5,43,15,22,25,17.1,5,2,41,0,20,13,18,0,43,15.8,38,5,14,34,0,7,16,24,18,8.9,10,0,0,28.4,47.7,46.2,38.1,0,13.4,13.1,13.7,14,22.4,12.6,10,5,20.6,8,23,18.9,11.6,15.4,25.7,20.3,3,5,17.6,14.7,2.5,4,24.1,12,7,5,8.3,7,16.7,9,14.4,8.1,7.5,10.2,18.9,19,16.5,12,30.8,5,13,15.7,13.2,3,16,26.4,5,20.3,5,12.1,27.2,18.9,4,4,13.3,14,39.5,41.2,12.5,2.5,16.6,15.7,12.2,28.1,29.5,5,4,17.2,3,33.7,4,5,6.3,13.1,15.7,16.1,29.7,42.3,13,6.8,14.6,13.7,19.4,18.1,17.3,8.5,34,7,30,30.1,27,41,74,43,47.2,33,67,31,35,0,63.6,60,65,33.3,35,74,10,33.3,7,18.5,13.8,30.3,36.4,47.2,45,65,45,14.9,18,43.1,59.6,107,50.9,64,79,52,60.3,64,13.6,16,10,0,0,4,8.4,20.4,8,0,13,6,13,21.7,14,15,6,7,19,13,0,14,10,26,17,0,0,25,42,23,19.4,13,16,26,26,9,12,31,10,9,24,30,28.7,26,32.9,15,21,30,15,36,20.8,31,18,47.2,18,25.3,22,13,20,21,17,54.3,9,46,38,24.6,44,38,38,36,45,44,56.6,61,54,50,46,53,91,58,16,84,70,71.4,46.1,16,41.7,76,58.1,44,37.4,51.7,34.7,33.1,64.7,30,22,36.5,31.2,34.9,36.2,20.6,31.7,36.2,33.3,31.5,32.4,39.1,48.9,47.5,30.9,38.7,47.1,28.3,22.8,27.5,27.3,32.9,19.9,49.6,35.4,38.8,41.6,54,40.2,65,51.3,32.1,45.7,50.4,53,41.7,29.2,38.3,35.5,23.4,40.9,40,31.3,25.1,24.1,19.3,16.8,25.2,24.7,19.3,15.4,48.1,38,8,94,83.3,79.2,124,82,101,106,78,92,76.3,98,30,92,121,104,101,130,93,78,76
1976-09-01,28.9,27,23.2,8.6,20,3.1,19.6,26,0,0,20.1,3,0,0,0,4,3,0,0,9,5,7,3,17,6,6,2,0,5.1,0,8,3,17,0,0,0,4,0,30.9,0,6,0,0,0,15,2,10,5,0,0,14,0,0,6,8.3,0,26,2,0,7,0,0,0,0,7.7,6,0,0,80.6,87.7,36.2,53.2,13.8,19,12,24.8,20.8,24.3,15.6,17,35.5,0,21,24.8,25,12.9,15.9,18.8,22.9,4,10,23.8,23.7,26,16.1,23.2,25,22,15,11.6,13,27.2,18,17,9.6,10.5,13.2,27.1,19.2,19.4,22.6,32,21,26.9,21,20.6,21,21,27.3,25,19.9,5,9,27.6,19.3,14,11,12,14,10,23.9,11.6,20,17.4,15,12.1,24.3,23.8,14.7,7,17.3,6.5,30.9,0,22,20.3,16.7,18.9,25,25,41.9,10,7.9,20.4,14,33,13.2,15.7,11.9,22,15.1,33,44.5,24,42,20,0,25.7,15,15,17,30,8,28,23,26,32,35,20,6,32,38,39.4,40.2,15.3,37,35.9,44,30,54,23.5,39,34.6,36.9,15,29.7,30.9,30,23,29.5,36,13.8,5,10,27,20,15,16,15.3,25,11,28,17,14,16,12,16,28,41,12,24,15,1,4,34,80,1,14,7,12,62,35.5,8,2,35,27.4,19,32,9,13,33,13,24,25.5,29,32.9,24,22,18,36,29,19.9,42,92,24.1,44,44,20,27,32,33,25,22.5,28,54,10,27.4,36,24,64,98,44,84,46.2,21,28,19,43,19,27,21,30.6,41,14,24.1,29.9,11.3,25.9,35.3,28.4,25.8,108,22.6,31,18.2,35.6,28,22,27,31.8,19.5,28.2,16.5,20.6,16.8,23.4,23.4,24.8,26.7,27.9,28.6,27.7,31.3,29.3,25.2,19.1,20.1,17.7,19.5,24.5,25.3,26.3,27.3,30.8,34.8,27.1,38.5,28.8,20.6,26.7,38.3,31.1,22.9,43,53.9,116,34.9,43.8,59.5,37.4,25.6,30.3,27.1,22.5,26.4,32.8,27.5,17.6,32.6,22,39,19.2,10.8,26.2,105,34,67,56,7,39,37.5,34,27,95,85,39,32,4,58,5,10
1976-10-01,3.1,21.5,2.5,21.4,73,26.5,69.5,4,12,28,66.3,40,63,26,65,25,46,39,92,42,36,0,26,84,7,12,239,30,38.4,34,43,74,129,17,12,80,50,40,77.6,97,62,25,40,29,44.2,25,83,82,12,10,42,0,8,62,31.7,55,70,10,89,16,18,22,25,27,27.7,61,20,70,12.5,40.8,59.2,18.7,10.3,17.8,0,37,29.6,44.6,38.8,37,7.5,21,2,42.5,42.7,43.4,35.4,33.7,47.1,58,28,46.6,36.7,55,23.9,34.1,6,5,16.1,20.5,3,31.4,37,19.5,11.5,15.8,10,50.7,40.9,46,33.6,55.8,31,51,40.5,43.1,30,41,46.7,51,38.9,75,29,55.4,37.6,25,56,22,25,40,47.4,18.4,22.5,38.8,35,27.3,34.2,46,61.5,39.5,43.6,54,43.8,0,13,17.1,7,28.5,11,39.2,55,10,32.4,39.7,33.1,38.7,80,18.8,7.6,20,8,14,125.6,113,41.5,57,47,62.5,39,68,80,134,31,77.8,89,32,86.6,36,57,104,86.6,218,63.6,92.5,141.1,139.9,77.7,56,32,35,47,63,52.3,75,74,63.4,103.5,112,65,67.4,66,19.1,42,135,37,65,49,35,56,56,81,35,26,85,106,80,67,29,38,70.9,93,81,34,43,115,32,48,6,108,61,75,62.5,50,39,83,62.5,16,34,72,32,90,68,140,61.6,60,54.6,20,15,122,16,126,76.4,84,259,99.4,26,90,94,114,126,104,54.2,85.3,93,95,57,58.3,114,44,93,101,52,21,69.7,65,57,30,54,32,54,28,29,110,50,70.6,77.6,58.4,59.8,89.2,75.1,76.4,61,88.2,69.9,73.2,88,87,70,73.5,61.4,50.1,51.1,49.1,49.8,63.9,61.7,72.9,70.2,68.9,75.8,78.3,70.7,70.2,93.8,52.6,65.6,49.4,61.3,38.8,71.1,63.6,69.1,67.6,68.7,74.3,61.9,57.3,81.9,58.7,83,82.6,79.5,59.2,91.3,97.2,158.5,96.5,113,103.8,83.7,60.9,59.3,62.8,57.9,71.4,68.1,62.2,51.4,85,86,64,127.1,123.3,73.9,89,81,72,97,72,79,69.6,73,22,75,111,57,50,67,77,114,95
1976-11-01,32.9,68.7,53,67.4,16,82.7,154.9,22,53,17,94.2,35,45,48,44,108,65,10,46,99,62,65,76,34,47,152,96,65,69.1,79,33,81,201,30,8,10,43,62,94.7,48,53,43,81,45,59.1,14,70,50,52,80,62,142,41,53,69.2,55,71,60,63,99,58,43,70,98,51.8,61,0,20,81.7,118.9,92.3,61.8,47.4,34,42.1,46,64.5,67.4,71.2,42,39.5,57.1,41,89.5,68.8,75,58.7,66.9,89.5,46,94,75.5,74,51.5,34,58,49,69,29.1,5,44,50.7,25.1,36,41.2,38.7,19,80.9,99.1,91.5,87.8,81.1,108,71,79,66.1,159,128,83.1,45,85.2,50,69.3,76,63.8,60.6,128,49,84,42,70.2,59.1,65.5,84.2,48.5,54.1,48.7,52,106.5,88,82.6,79.5,62.4,62,75,52.9,47.9,96.7,70,86.8,96.3,62.5,56.4,63,94.5,71.7,10,28.1,6,43,55,63.3,164.9,233,141,166,125,161.8,193,60,215,140,128,153.7,123,89,207,135,166,49,207,202,123.5,114.2,222.5,260.5,152.8,165,80,137,151.9,123,171,167.9,151,148.3,154,105,174,140.8,167.5,65.9,110,64,60,80,79,82,85.9,72,126,86,72,142,104,48,123,126,101,93,168,103,112,149,212,112,163,140,208,213,191,174.1,217,219,222,151.5,170,110,232,196,229,248,232,142.9,227,82.9,169,133,262,159,265,166,196,158,173.6,137,214.8,263,152,200,122,133.8,139.6,133,187,183,118.3,134,170,194,160,165,217,181,192,118,179,147,188,65,108,86,148,54,128.6,163.8,107.3,136.2,173.9,158.2,150.8,118,150.7,163.1,159.6,168.6,197,162.4,153,110.1,96.7,139.9,124.7,116.3,107.4,155.1,135.8,157.3,147.2,170.9,134.8,148,142.1,141.1,119.8,120.1,122.3,142,81.8,171,108.3,168,150.5,151.8,152.6,101.3,114.5,147.9,148.4,131.8,191.1,144.8,135.5,202.9,250,245,228.2,260.9,241.8,216.6,183.8,176.8,157.5,140.8,170.4,165.3,160.8,121.9,157.6,200,124,151.5,284.9,124.7,115,155,109,74,99,85,130.7,114,95,186,116,142,94,202,126,155,158
1976-12-01,19.2,103.4,27.2,79.3,140,42.8,135.9,62,89,25,108.4,66,131,7,32,34,85,25,118,40,17,81,53,0,68,61,63,65,54.4,107,35,111,245,38,55,6,105,66,87.6,45,66,43,39,33,63.9,41,85,120,74,4,249,0,64,68,76.7,82,27,34,130,58,62,53,20,75,56,94,40,20,138.7,279.7,88.5,227.5,24.3,20.4,8,55,50.8,60,61.2,45,271,25,41,86.5,60.7,65.3,58.3,62.9,89.5,43,12,70.5,71.5,36.5,37.7,53.1,42,53,28.5,34.3,53,56.5,30.5,35,37.3,34.6,45.1,73.2,71.6,82,77.7,66.5,100,87.1,66.7,54.3,50,50,105,5,67.2,48,58.2,66.5,49.3,17.8,54,41,120,77,67.3,52.8,29.5,81.2,96,59.6,52.7,20,54.8,43,74.7,42,69,65,78,21.9,45.8,51.5,27,93.5,100.7,73,125.3,54.7,74.2,42,80,37.4,18.7,25,23,14,234.6,246,212,157,83,177.2,126,324,81,199,88,177.8,281,209,154.1,200,157,275,154.1,98,183.7,53.4,169.1,177.9,165.6,198,200,303,142.3,184,178.4,196.7,122,210.1,156.5,221,152,221,223,87.3,76,68,41,24,24,95,83.7,51,56,65,30,77,178,65,159,70,74,207,132,126,65,100,162,19,108,83,180,123,243,167.9,147,181,212,127.5,219,181,195,181,125,253,184,129.9,265,26,244,306,197,203,227,161.2,235,160,195.1,214,207.3,218,221,246,187,133.9,175.5,168,226,91,125.1,178,115,177,211,198,270,198.4,190,236,238,163,174,183,200,82.3,191,125,182.9,159.4,95.1,161.9,232.2,194,171.2,129,154.5,156.3,145.2,179.9,78,149.6,150.7,110.5,90.3,131,115.5,108.9,101.3,130.1,118.4,150.7,143,168.6,143.6,137.3,132.3,155.6,123.7,130.1,126.4,125.1,85.2,153.8,128.4,172.3,152.4,192.1,154.9,111,149.4,165.7,149.7,137.3,175.5,141.9,132.9,222.2,224.9,34,202.5,237.1,222.3,193.6,157.7,145.6,135.3,122.8,152.1,156.8,161.3,101.8,182.4,188,223,75.9,61.4,151.1,183,147,191,186,201,162,139.3,72,136,177,154,143,98,243,65,71,74
1977-01-01,108.1,141.1,107.9,126.9,223,207.9,147.6,223,217,119.2,160.8,210,248,178,102,100,105,134.6,117,189,190,87,255,168,204,190,173,148,137.1,290,174,271,169,84,190,160,143,164,105.2,192,182,95,45,128,129.8,99,148,189,226,40,73,73,90,182,161.1,148,102,160,231,296,176,99,92,75,145.8,144,196,126,90.9,106.9,164.6,152.8,143.5,195.4,55,271.5,124.7,178.8,205.7,252,119,247,414,168.8,167.5,176.6,179.2,187.1,219.1,281,170,228.4,177.7,237,86.1,126,199,214,115,64,173,124.6,158.5,65,101.4,99.3,125,195.2,197.4,233,210.1,256,298,263.5,205.2,203.9,266,305,187,30,236.8,311,148.3,162.3,147.9,166.5,187,75,115.5,129,120.9,92.5,182,154.4,215,135.1,139,162,144.5,122.5,196.2,218.5,155.8,119,123,162.4,170.5,176.5,134,230.7,161,122,96.9,151.2,188.7,31,125,53.2,131,172,158.5,281,172.5,187,141,112,215,143.2,162,76,133,110,122,142.6,62,152,110.7,234,112,79,110.7,122,112.5,171.1,127.1,133.7,183.9,178,162,177,131,196,137.8,143.2,271,155,170.5,86,103,117.2,94,69.4,130,146,121,174,182,172,147.5,175,155,164,164,151,96,99,87,178,75,199,146,121,104,197,175,75,212,211,227,155,265,159.4,106,100,160,141.8,120,97,140,79,97,168,127,130.9,100,113.7,55,93,147,116,150,131,177,83,170.8,144,200.7,299,120,201,105,125.8,145.7,110,169,214,120.5,155,118,151,254,178,221,164.5,172,74,110,80,128,46,86,91.2,115,132,117.5,149.9,132.8,136.7,175.7,116.8,139.9,140.8,174.3,146,178.5,148.8,90,137.6,168,147.2,96.2,134.8,113.6,121.8,111.3,147.4,146.6,152.2,165.5,172,135.5,149.6,160.9,150.2,139.7,180.1,221,146.6,104.5,189,101.9,167.3,166.8,168.6,139.8,118.4,111.2,154.8,182.8,151.3,176.4,143.4,133,284.5,236.7,251.5,208,255.2,252.5,166.9,157.4,155.3,167.4,129.1,160.8,146.9,148.4,118.1,156.7,188,126,111.8,79.2,129.1,290,141,79,105,150,142,127.8,42,41,17,54,49,94,95,116,61,56
1977-02-01,102.8,46.5,83.3,91,262,268,132.6,352,161,126.3,207,216,291,236,79,98,314,140.9,324,87,217,196,117,182,342,164,276,291,149.9,258,216,242,372,135,113,200,260,267,105.7,96,262,188,98,177,140.4,178,67,180,159,120,131,201,146,262,152.9,315,118,285,295,25,117,244,201,226,139.5,146,339,306,47.4,23.1,132.8,128.8,44.2,61.7,95,123,118.7,180.6,196.5,101,193,174.2,139,163.1,151.2,160.4,183.6,155.7,197.7,240,64,208.2,164.6,187,128.2,108,112.9,83,87.7,67,112,116.4,135,133,81.9,94.1,69,209.5,220.6,230,175.9,245.7,271,242.7,230.2,216.4,158,112,162.6,192,227.1,241,142.2,173.4,141.3,146.3,136,65,55.5,57,109.9,71.5,78,136.7,92,116.3,111,104,67.5,122.5,154.8,104.5,142.4,87,110,248.8,128,182.2,546,224,133,151,160.3,136,161.1,104,200,51.4,71,90,111,172,74.7,111,80.6,30,148,86.7,224,26,66,32,36,109.6,70,39,68.6,43,30,61,68.6,75,131.7,146.4,55.2,54.2,136.8,91,30,48,92.3,104,78.7,93.5,76,95,146.3,45,67,61.7,10.5,71.9,94,100,68,157,170,150,165.4,85,137,129,74,170,154,144,130,50,140,101,205,116,89,98,177,55,108,130,140,153,118,110.1,172,160,58,101.6,122,47,66,56,44,58,37,101.3,88,127.4,38,91,59,112,67,91,108,48,153.7,113,123.5,96,210,84,70,88,108.1,85,109,47,82.7,26,102,90,89,91,35,91.8,34,48,92,36,48,40,8,70.9,35,35,62,90.1,111.8,71.7,139.6,91.6,117.2,80,180.3,104.5,127,105.7,38,107.5,87,128.3,85,118.7,104.8,76.1,85,135.2,122.8,109.5,104.3,97.2,112.7,114.6,131.9,128.8,111.6,131.8,185.9,113.1,78.6,171.6,72.9,93.3,93.1,110.9,86.1,101.2,64.7,105.6,136.9,123.8,108,116.5,93.6,163.7,159.4,133,108.9,162.8,180.5,118.4,115.9,114.1,125.5,104.8,112.3,115.2,114.2,92.8,95.7,105,132,72,195.4,53.8,144,38,42,3,12,59,74.2,25,18,13,17,9,56,189,20,153,157
1977-03-01,41,7.2,46.8,49.5,133,85.5,105,99,43,114.3,125.9,52,151,82,99,107,90,106.4,224,119,92,89,111,92,101,38,99,127,97.9,223,155,113,117,114,8,165,249,250,87.6,109,68,108,116,142,78.3,182,30,163,108,37,89,209,121,68,102.7,92,82,86,103,117,146,58,175,100,85.7,131,96,43,52.6,40.4,112.6,55.6,43.1,85.7,55,155,97.4,157.6,150,160,207,129.5,99,120.9,131.6,127.6,134.1,123.2,130.6,234,190,177.5,141.4,127,80.9,139,99,78,60,65,96,89.6,80,72,62,69.2,26,168.3,174,259,134,173,195,196.7,168.8,141.2,95,174,128.6,178.9,166.9,234,108.4,142,104.1,174.5,173,104.8,89,211,84.1,58,72,120.3,107,93.3,99.3,67,142.5,143,128.6,171,127.1,82,44,172.7,80.9,163.4,150,159.7,176,86.5,113.5,110,125.1,61,165,30.5,19,90,70,126,87.4,133,78.4,78,39,68.5,74.3,67,67,54,29,83,165,82,73.1,65,78,66,73.1,103,29.8,156.7,99.3,106.9,100.1,93,62,80,64.6,129,60.4,102.4,63,78.2,133.1,47,51,87.8,15,56.4,88,96,15,190,195,45,115.2,122,106,65,43,95,96,74,84,25,80,106,100,70,73.4,64,90,112,117,88,106,194,158,90.6,85,34,111,123,102,48,125,63,64,111,111,90,43,96.4,17,52,71,23,48,57,27,60,125.2,72,118.2,71,59,80,48,50.2,89.3,26,52,77,55,73,46,58,71,94,142,81.5,88,122,55,72,55,101,50,79,102,82,75.1,89.7,96.6,57.4,99.1,74.8,87.1,50,157.1,73.8,112.1,91.9,81,92.3,177,115.1,65.9,66,70.9,57.8,78.8,92.9,92.3,79.8,88.1,84.3,89.3,89.2,112,114.9,84.8,109.7,128.3,92.2,53.1,138.4,60,71.5,74.3,79.8,71.2,75,70.5,82.7,92.1,111.5,85.1,105.6,70.5,104.3,121.4,131.5,102,119,122.5,111.5,88.7,85.5,96.9,77.9,97.9,82.6,77.7,63.1,72,37,26,29,58.5,67,40,47,71,56,50,0,72.9,73,71,46,61,74,100,188,10,71,70
1977-04-01,32.4,28.7,31.5,47.8,100,187.9,70.4,80,114,101.1,100.7,160,80,191,128,108,84,127,116,61,166,113,173,92,141,121,183,128,129.9,92,165,130,133,137,182,141,118,82,103,50,87,139,87,115,64.8,117,79,124,154,65,65,0,256,88,76.6,97,108,128,100,164,93,89,82,55,113.8,136,161,100,13.6,19.7,92.9,22.5,83.9,66.6,80,171,94.5,164.9,184,139,14.5,212,86,131.9,157.7,143.6,163.5,109.8,158.1,155,209,192.6,142.1,105,86.9,60,28,58,76,50,50,76.2,62.5,24,68.9,71,43,172.5,196.6,157,135.8,182.9,160,207.9,181.5,189,357,286,146.7,157,185.3,175,96.6,136.8,122.8,67,160,102.3,65,148,82.2,57.5,49,103,112.3,82.5,87.1,29,117,154,154.4,120,99.2,79,55,133.8,119,207,82,160.5,188,65,161.3,118.6,140.8,214,141,23.4,7,84,76,79,53.1,130,30,14,13,34.1,34,0,20,27,8,41.2,0,16,84.4,0,14,29,84.4,77,45.1,83.2,88,89.6,46.6,31,10,21,72,28,41,40.6,8,29.2,58.8,4,10,18.4,6,71.2,82,84,33,62,60,68,81.1,58,67,82,54,51,34,60,27,49,72,30,86,92,65.5,55,132,48,56,82.2,118,40,134,72,50,65,140,45,86,29,79,37,53,60,73,38,112,105.6,22,42,80,81,73,70,86,7,47.4,24,119.8,86,78,57,43,41,48.1,40,74,42,48.5,24,23,64,49,31,29,34.3,11,0,3,6,3,3,14,2,7,7,20.7,48.7,65.5,27.2,48.4,42.8,52.5,78,58.7,59.7,64.1,42.2,42,62.4,34,68.4,42.3,32,68.1,30.3,39.1,64.3,93.1,52.6,51,55.6,62.9,62.6,80.3,58.7,63.7,71.3,81.6,54.6,36.2,83.5,30.1,52.6,52.2,41.7,58.1,51.4,28.3,45.2,69.6,41,61.6,36.2,35.1,98.2,107.2,93,104.4,113.2,102.2,87.1,84.2,79.1,91.1,78.9,72.8,80.2,83,60.3,48.2,70,43,44.2,38.5,19,22,0,0,0,8,9,22.6,0,18,10,4,13,16,23,30,24,24
1977-05-01,5.2,2,0,4.7,16,3.9,10,98,6,6.3,21.3,45,17,30,7,12,13,8.4,5,2,56,56,24,25,24,5,20,20,11.4,9,0,9,13,5,0,0,24,0,27.7,0,41,24,5,18,9.8,6,10,35,24,9,50,0,0,42,16.4,19,8,21,12,0,33,22,0,15,5.9,25,0,0,0.6,0.7,21.6,0,10.5,12.3,25,18,18.4,21.5,19.7,13,15,22.5,14,18.2,26.2,16.5,18.8,16,21.1,30,22,36,19.8,24,10.3,18.4,25,19,13,14.7,11,26.8,17.4,11.9,9.1,9.6,7,30,20.8,23,18.4,35.3,60,30.9,24.6,23.5,21,29,22.6,20.4,26.5,26,10.5,31.2,15.2,33.5,7,13.4,14,29.2,20.7,10,41,12.5,19.8,11,22.9,20,13.6,19.1,20.1,8,33.3,25,19,15,22,20,10,26.5,48,30,34.1,15.1,17.2,21.7,14.3,14.9,10.7,27,12,27,7,12,4.4,14,6,4.1,5,0,15,9,14.5,10.7,11,12,9.1,17,14,0,9.1,52,8.1,5.4,6.8,6.3,15.2,13,12,9,8,0,7.5,13.9,0,3.1,15,2,4,12.6,0,12,24,19,35,17,12,0,12.6,0,0,16,3,2,14,9,16,0,0,30,2,0,6.1,0,0,0,3,15,14,5,19,10.7,13,9,20,8.7,10,0,7,0,0,2,6,6.5,11,30.7,0,2,6,7,12,4.9,5,19,20.3,1,17.3,0,0,5,0,0,8,0,11,10,4.5,16,4,0,6,13,19,10.1,0,20,7,0,7,12,16,22.2,8,13,12.2,12.6,10.1,6.7,18.5,6.3,12.7,12,15.9,9.4,12.2,16.6,0,5.2,11,10.6,9.5,12.9,13.6,13.4,12.2,16.3,11.2,8,11.9,10.6,16.4,13.3,15,18.2,13.6,7.4,11.7,12.6,9.9,9.2,16,8.9,9.2,12.5,11.4,11.9,7.9,11.3,12.7,12.2,19.9,22.1,14.1,17,17.1,11.5,6.8,15.6,16.8,9.3,12.8,9.4,11.9,7.1,14.4,16.1,9.8,6.6,8.4,0,1,13.6,13,12.8,21,23,21,37,35,41,12,20,15,35,10,20,9,15,15,14,8
1977-06-01,0.6,3,1.3,4.9,0,0,16.6,24,0,5.1,16.8,0,0,0,2,0,0,8.9,0,15,0,0,9,0,0,0,0,5,7.7,0,8,0,7,0,0,0,0,0,32.7,0,0,0,0,0,7.2,0,0,0,24,0,0,0,0,0,9.1,0,0,0,0,0,0,0,0,0,5.9,0,0,0,25,23.8,25.2,8.7,11.5,11.7,15.1,28,20.6,21.1,22.4,6,19.7,31.8,18,21.6,20.4,15.2,19.3,21.5,22.1,40,21,48,23.4,17,12.5,20.8,23,10,12.5,6,10.9,29.9,14.6,12.3,8,9.1,11.2,24.9,19.8,44,19.7,40.7,65,28.1,20.2,27.4,32,30,26.3,24.9,22.1,27.7,10.5,24.2,17.9,20,7,20.9,19,50,24.7,9.1,12.7,17.3,16.5,10.5,28,21.8,17,20,19.4,17,28.6,23,19,36.6,40,26.3,49,30.2,17,14.8,25.1,15.5,18.9,25.2,10.1,13,9.9,20,10,11,14.3,22.9,23.9,31,35,20.3,22,24,39,25,0,24.9,35,38,15.3,35,31,7,15.3,10,16.8,27.7,36.8,24.5,19.5,19,30,17,14.2,0,16.1,23.7,3,21.6,24.7,31,29,22.4,26,8,19,18,40,24,12,0,13.1,12,7,16,20,12,17,10,7,12,1,0,16,14,11.4,8,0,60,8,46,10,0,8,21.4,20,7,12,14.3,25,20,13,0,15,4,20,19.9,15,22.1,15.9,32,6,0,12,12.5,16,0,18.2,0,24.5,6,40,13,23,6,16,20,20,13,16.5,21,33,18,15,18,30,26.4,33,29,29,19,29,28,27,17.7,22,22,24.5,28.1,13,17.8,41.9,23.8,25.7,30,18.7,23.3,16.6,35.1,20,14,19,17.2,15.9,25.2,16.4,18.1,14.5,18.9,21.1,16.7,23.6,23.2,19.8,19.8,25,23.4,23.6,18.3,19.7,15.8,16.2,20.3,22,15.2,17.9,21.4,18.2,25.2,19.9,19.6,20.1,21.6,32.1,31.6,18.9,28.6,24.3,21.5,24.8,25.8,34.2,22.5,21.4,17.8,17,12.5,18.9,23.2,22.6,11.3,23.9,21,17,29.9,31.5,22,18,9,14,10,9,24,29.7,12,5,47,239,11,41,39,121,47,27
1977-07-01,0.7,0.4,0.3,2.7,0,3.3,14.2,0,0,1.3,17,0,0,0,0,0,8,4.1,0,6,0,0,1,0,0,0,4,0,4.9,0,0,8,10,0,0,0,14,21,12.2,0,17,0,0,0,3.6,0,0,5,3,0,27,0,0,17,12.7,0,0,0,0,0,2,0,0,0,5.9,0,0,0,2.6,3.7,24.7,0.9,0.3,3.2,13.7,14.5,16.5,22.4,15,4,9.5,17.3,18,21.7,27.1,11.6,12.2,15.5,17.4,6,14.7,8,16,3.5,8.4,15,3,8,10.7,3,14,23.4,11.7,11.4,5.9,8.1,8,18.9,19.6,11,12.3,24.8,22,18.3,13.7,12.4,4,3,25.7,10.3,18.9,18.8,5.3,27.5,11.4,1,8.7,8.8,40,85,17.1,8.2,7.3,16.1,12.9,11.9,21.2,14.4,12.1,12.5,10.7,6.7,33.4,0,8.2,6.9,14.7,9.1,12.3,18.2,37,12.2,0.9,13.1,8,14.2,10.2,17.4,13.8,9,9,6,2.5,7.5,3.4,3,10,4.6,22,4,0,1,0,7.6,12,2,4.1,0,3,0,4.1,3,2.4,3.9,1.6,4.2,9.9,2,2,0,6.8,0,13.1,12.3,2,4.9,17.3,2,3,4.3,2,7.3,6,0,6.2,0,0,0,3.5,0,0,0,0,4,3,2,2,0,0,13,0,0,4,0,0,0,0,0,0,7.8,0,6.1,0,0,8,3.8,0,0,0,8,0,0,1,4.9,0,20,0,0,0,0,2,4.9,0,14,12.1,0,7.9,0,0,0,0,0,11.6,15,1,1,3.6,0,0,0,7,1,22.3,7.7,4,8,0,8,0,0,0,2,5,9,12.1,16.3,8.2,10.8,20.6,9.3,13.5,40,11.1,15.8,12.2,12.8,0,4.1,6,9.8,8.5,12,10.2,13.8,9.3,15.1,12.6,8.9,14.1,11.4,12.3,16.5,17.4,16.5,14.5,7.3,14.2,8.8,9.4,10.7,15.8,9.3,9.1,13.9,10.4,14.3,8.7,10.2,12.2,16.8,23.7,17.8,14.6,20,14.6,0,12.7,15.9,14.1,8.5,11.8,13.2,8.5,6.4,5.3,17.3,6.1,8.5,3.7,0,2,5.4,5.5,9.2,7,8,5,0,5,7,10.5,5,5,0,6,0,0,2,0,0,2
1977-08-01,6.8,0,9.6,6.5,31,28.8,13.3,16,23,9,21.2,4,14,0,2,0,2,9.5,2,20,0,13,7,23,15,29,6,15,9.5,25,9,20,24,11,22,60,30,13,29.8,0,30,17,35,20,10,0,0,0,0,10,25,12,0,30,11.2,19,0,15,18,11,15,15,18,16,2.3,0,22,30,2.5,3.4,20.4,0.2,10.7,10.8,20,22,20.1,18.6,20.9,6,13,23.4,27,20.5,20.4,14.1,23.4,20.2,24.1,15,17,36,24.1,33,12.7,20.1,15,8,15,6,11,27.6,24,10,25,10.9,13.3,37,21.2,10,17.8,41.7,50,27,19.5,22.6,23.1,27,24.2,21.6,19,35.2,11.3,28.2,15.1,17.1,15,8,10,50,22,9.5,49,19.6,32,9.7,21.2,15.4,13.7,10,20,2,32,0,12,18.2,16.4,28.5,15.1,15,28,13,9.2,14,14.9,20,17.8,14.7,7,32,18.5,9,14.5,24,9.8,4,2,8.5,0,6,6,5,6,12.7,13,2,6.3,6,4,10,6.3,0,11.8,20,11.6,20.4,16.2,20,2,6,12.3,10,10.6,10.8,11,6.9,20.1,5,4,9.3,6,12.2,8,17,14.9,6,0,0,15,20,22,14,17,16,12,42,46,14,27,9,28,14,13.1,23,39,38,48,22,24,21.5,33,18.4,22,8,18,14.2,15,0,18,15,6,18,11,13.6,17,20.7,0,0,2,7,13,5.5,14,12,17.1,0,18.3,14,0,21,12,10.8,15.9,9,6,1,7.2,6,14,22,24,20,11,17.8,15,5,0,0,0,6,14,0,8,4,14.3,14.9,8.8,9.8,24.4,8.9,15.9,5,19.7,10.7,16,21.2,0,11.2,20,16.5,11.1,15.8,18.5,16.6,15.3,16.1,14.4,11,10.1,16.1,14.1,12.8,23.6,24.9,21,12.2,15,16,11.2,14,17.3,11.2,11.6,14.2,12.1,15.4,11.5,18.4,16.8,14.4,22.8,22,14.9,21.6,17.7,16,15.2,23.5,20,13.9,20.1,18.9,18.3,11.6,13.9,22,14.7,12,15.9,0,0,9.1,18.5,8.3,17,0,0,13,14,23,17.1,11,19,15,0,7,20,22,8,6,16
1977-09-01,2.3,3.9,36.3,10.2,0,16.4,16.4,17,29,17.3,18,6,6,10,2,40,3,27.7,3,27,0,16,6,0,9,37,43,7,21.6,21,32,5,21,15,0,15,11,44,46.5,0,4,0,0,0,9.4,60,0,70,10,50,15,0,29,3,21.3,34,0,0,14,42,30,0,7,93,18,4,25,40,2.2,0.7,31.3,4,14.2,13.2,26.9,23,22.9,39.9,30.4,19,80,34.9,41,33.9,43.7,26.2,30,26.9,41.5,30,29,12,41.8,11,17.6,21,8,17,19.6,5,17,37.3,37.5,8,16,13.1,14,85,35.9,35,40.3,53.4,45,41.8,35.5,31.3,68,31,47.3,40.2,33,52.2,18.5,37.6,31.4,35,17,7,15,85,28.5,12.9,7,32.6,20,18.7,28.5,17.4,21,33,39.6,12,29.8,42,21,49.2,51,84.9,61,51,28,27,16.1,19.4,31.4,27,15,12.3,3,25,29.5,42,14.2,19,10.7,11,12,13.7,6,19,38,14,31.5,23,11,7,7.5,5,11,6,7.5,26,16.8,6.2,14.7,10.9,17.4,7,7,3,11.2,33,13.9,22.1,22,16.5,38.6,24,10,13.6,14.5,18.4,0,0,15.2,3,4,0,12,0,0,27,23,27,19,0,6,0,0,23.3,0,8,14.6,0,0,1,7,26,0,22.5,33,24.4,23,20,28,21.4,25,22,29,20,0,34,15,17.5,26,42.3,20,20,11,23,20,10.7,34,120,28.4,17,30.6,28,26,29,16,15.5,22.6,28,25,6,9.9,15.2,9,12,16,7,4,23,13,9,0,0,0,0,63,30.6,9,35,16.1,23.4,16,15.1,39.5,20.7,24.1,31,26.8,23.3,15.4,26,20,16.8,7,19.9,18.7,18.5,24.2,21.6,18.4,20.3,28.5,19.9,22.4,21,19.8,19.1,26.1,32.8,18.4,20.4,17.9,17.9,17.6,20.1,22.7,14.7,20.5,18.2,21.5,21.9,16.9,15.4,25.6,25.2,34.8,32.7,19.9,30.9,24.8,23.5,21.6,28.4,31,21.4,19.1,17.1,17.5,13.1,18.2,22.4,22.7,13.8,17.6,0,15,0.4,0.8,15.7,10,3,14,21,10,13,15.5,10,9,0,0,0,3,8,0,0,1
1977-10-01,39.2,66,73.2,34.3,126,7.4,102.8,54,10,47.2,79.3,30,47,8,0,8,48,39.1,42,39,18,64,14,57,17,17,5,10,39.7,68,18,69,66,62,0,22,76,77,96,43,65,83,48,40,46.3,35,43,75,15,69,60,0,19,65,47.4,76,24,15,71,22,70,35,38,47,29.5,57,14,20,77,69.4,74.8,56.1,39.4,44.3,38.9,65,51.4,57.3,57.5,56,45,55.1,58,71.8,61.8,51.8,51.5,62.1,69.1,93,73,88,69.8,18,43.5,80,70,60,36,39,50,49.9,37.5,75,126,38.8,14,75,67.2,143,70.1,68.2,125,82.8,55.7,57.7,75,93,72.7,126,58.7,76.8,42.9,69.9,55.5,108.5,28,17,20,150,53.1,37.4,15,63.3,25,44.4,49.8,45.2,57,34,77.6,28,52.4,0,50,72.7,19,139.5,78,38,35,61,42.1,52.6,58.4,51.1,22,26.3,8,71,65,3,134,205,94.7,137,143,105.5,137,174,185,111,25.5,104.6,73,86,222.5,94,137,104,222.5,1,90.5,80.6,100.9,119.8,113.5,82,88,77,66.1,33,94.8,114.5,82,106,141.7,87,122,86.5,85,64.9,70,52,54.5,68.7,79,35,61.4,83,86,38,20,86,79,50,75,51,46,90.3,33,60,63,40,147,50,33,68,80,140.7,63,107.3,112,86,193,122.7,86,28,145,28,143,200,102,99.8,82,74.2,80,70,181,32,136,89.5,84,47,132.5,64,110.4,122,95,79,104,80.9,121,45,200,227,75.2,55,117,151,152,81,81,104.1,91,72,32,60,32,70,30,94,104,56,85.2,99.4,84.8,94.3,123.7,86.2,112.6,23,143.7,100.1,117.1,127.3,187,123,169,84.6,69.1,78.2,79.5,76.1,78.5,90.8,99.6,102.5,104.4,113.8,107.4,109.2,99.5,123.6,74.8,91.4,72,84.1,47.9,101.2,75.3,99.3,90.3,95.6,105.5,74.6,77.3,109.8,86.5,116.1,110.3,109.9,92.9,120.9,135,17.5,122.3,134,145,111.3,94.1,93.8,87.5,73.8,95.1,89.1,91.7,62,103.1,105,96,73,125.8,96.6,128,100,143,102,115,107,85.9,72,49,74,82,95,94,368,27,62,77
1977-11-01,14.6,6.5,0,15,143,18.7,44.8,60,40,25.1,72.7,13,107,10,0,47,49,30,128,26,36,81,25,120,20,61,51,35,28.9,142,31,164,38,16,0,0,167,62,69.8,18,93,15,26,35,38.1,134,28,17,38,35,38,151,10,93,40.6,66,28,14,98,26,44,31,45,157,19.9,38,0,0,27.6,43.3,44.3,19.3,7.2,16.1,46,38,26.9,39.6,36.4,25,46,30.4,20,40.3,33.6,28.3,29.8,31.8,39.3,14,14,53,35.4,39.5,16.7,15,24,14,20,18.3,16,31.1,0,18.5,12.2,9.4,8,46,36.5,58,32.1,47.8,80,47,38.6,35,31,14,43.2,73,37.5,61.9,24.6,51,38.6,18.3,2,32.4,27,25,39.7,13.5,22,31.1,5,21.8,31.8,31.8,35,8,34,14.5,36.2,15,6,15.9,21.7,8.5,64,20,82,22,10.5,28.9,15,33.5,29.6,13.5,10.2,4,13.5,2,67.7,53,46.7,89,60,46.3,79,43,23,44,21,53.4,47,26,57.4,33,89,49,57.4,160,31.4,28.5,29.2,33.7,42.8,35,26,11,27,49,46,59,87,43.9,72.5,66,36,56.2,63,27,39,34,10,30,18,13,32.5,26,6,8,12,12,5,0,24,0,3,93,14,5,24.3,12,31,132,78,16,33,61.9,22,32.4,32,9,60,37.2,20,0,48,43,13,34,29,38,33,66.9,0,8,34,45,32,34.7,49,253,78,25,61.1,30,37,82,16,23.7,61.4,36.1,69,42,32.4,43,40,68,34,35,9,56.9,50,61,81,40.3,62,36,50,60,95,41,57.7,53.2,32.3,38,75.6,48.6,53.5,134,72.7,41.7,36.9,59.5,26,37,47,42.4,37.8,38.8,37.9,34.4,41.3,37.6,42.5,44.9,44.1,63.1,55.9,43,54.7,62.4,27.6,35.6,42.5,37.9,33.9,33.8,57.7,45.4,47.8,48.4,62,43.9,55.4,57.2,40.2,49.3,60.1,61,40.8,52.9,60.1,103,41.5,58,72,48.9,33.9,32.6,31.6,29.1,34.6,40.3,30.6,21.9,54.7,27,31,20.7,20.1,49.4,21,10,51,75,33,0,45.8,52,20,63,13,41,48,96,24,72,65
1977-12-01,129.5,184.7,240.4,157.9,143,159.1,248.7,57,262,133.2,175,242,134,108,133,74,131,150,182,207,151,101,176,220,63,181,212,79,136.4,89,132,67,214,157,236,158,91,122,147.2,120,174,165,125,50,121.3,214,208,153,185,5,59,0,48,174,161.1,142,138,98,114,191,128,113,47,88,180,103,151,230,121.4,121.3,174.4,94.6,152.3,145.4,165,353,145.5,177.8,214.4,266,266,191.3,269,164.6,180.4,207.4,195.1,203.2,243.8,319,287,321.5,216.5,216,116.6,284,229,224,100.3,150,102,141.9,142,135,110.8,120,139,283,254.1,351,210,270.5,265,246.6,211,194.6,326,308,181.4,205.9,244.3,228.9,160.5,165.7,171.1,190.5,179,140,158,95,134.2,123.5,95,165.1,178,135,173.7,226,82.5,247,247.1,204,161.5,133,125,239,184,160.5,434,325,435,151.5,175.7,174.1,189.5,97,158,65.8,98,183,167.5,262,307.5,441,176.9,190,305,184.9,335,140,369,438,259,198.3,222,202,362.5,182,190,275,362.5,187,197.3,231.9,286.8,296.1,207.7,256,202,176,153.1,210,193.6,173.4,139,201.9,237.2,214,108,163.5,119,95.3,197,313,76,174,151,105,191.8,211,128,191,160,236,176,256,205,241,179,283,333,358,166.9,197,329,42,127,304,347,263.4,405,231.4,229,221,369,192.6,255,286,250,344,340,252,287,156.1,291,109.6,102,222,257,208,265,238.4,226,206,188.8,149,215.2,212,167,298,209,220.4,217,127,300,386,212.2,280,257,182,167,268,235,211,149,168,215,129,239,144,85,82.3,216,154,136.6,186.6,159.2,157.3,217.1,179.6,195.8,118,227,206.9,255.2,228,310,286.3,414,160.8,121.8,179.6,154.1,159.6,171,196.9,188.2,185.7,183.7,193.9,152.8,169.1,228.2,194,199.8,194.9,282.2,183.8,127.3,208.4,165,210.6,191.4,189.1,189,149.9,125.8,202.8,231.2,168.1,212.6,223.7,177.3,377,322.7,319,281.6,322.8,385,199.4,172.9,184.3,158,147.6,197.3,193.2,182.5,152.3,190.1,441,192,104,189.6,146.7,212,108,219,265,134,206,179.7,78,45,90,153,156,139,137,0,281,248
1978-01-01,100.3,91.8,139,118.2,173,144.6,192.2,156,136,120.7,131.9,88,147,193,80,188,146,136.6,70,220,157,135.8,150,137,110,341,182,110,140.1,100,202,56,87,133.4,78,210,88,116,97.6,100,195,110,107,146.8,114.2,240,267,117,142,120,73,149,230,195,139.1,126,139,81,123,121,221,142.6,128,120,144.5,134,100,149.6,115.4,221.9,140.9,174.5,75.5,127,185,180,121.5,177.9,195.1,91,197.9,156.6,163.5,155,152.5,172.4,178.2,163.5,214.9,192,182,191,182.7,162,107.9,94,165,134.5,92.1,53,96,109.8,141,129,87.9,84.2,58,176,219.4,148,178.2,223.4,167,241.3,203.7,176.6,245,168,178.8,211,232.2,204.9,149.2,158.9,142.6,171.6,237,150,185,57,127.7,92,89.5,150.4,171,137,140.7,131.4,127,153,174.2,260.5,148.2,136,126,173.9,205,232.4,140,211,287,195.5,202.5,148.7,206.8,93,120,49.1,43,143,108,157.2,219.8,282,140.3,217,115,109,130,277,170,140,173,170,160,148,125.7,151,217,179,125.7,239,149.5,200.4,149.1,144.9,196.3,125,146,155,136.2,221,142.2,164.4,74,160,189.8,244,206,186.6,264,80.1,174,205,56,135,137,179,158.4,206,129,149,126,145,211,145,205,147,130,175,199,207,118.2,86,283,74,137,121,327,221.7,240,198.8,152,127,331,161.6,156,114,151,159,169,167,149,134.7,260,105.4,143,139,145,177,197,180,174,102,197.7,154,197.7,285,125,166,154,167.4,165.5,147,167,108,137.2,111,186,192,169,124,94,171,183,128,166,153,180,165,328,91.2,225,301,142.7,154.7,144.7,127.3,199.9,150.4,151.4,38,212,172.2,156.8,157.7,96,158,220,148.1,106.5,141.9,132.2,127,120.7,164.6,134.8,174.7,162.7,172.6,146.8,166.6,174.7,155.9,146,193.7,212.3,136.5,109.6,192.6,121.9,173.8,166.2,184.8,154.5,128.1,134.8,152.2,197.7,142.8,187,149.4,143.2,262.6,289.6,295,241.7,278,296,193.1,174.2,181.1,168.5,142.7,180.9,176,161.8,133.8,169.2,202,223,90.6,51,131.9,187,185,227,105,198,164,120.9,108,87,135,166,134,128,82,125,48,42
1978-02-01,34.9,76.5,72.8,73.1,77,35.5,128,57,49,72.1,80.7,75,53,37,59,38,81,74.5,135,52,47,88.4,58,71,30,20,34,50,51.9,84,57,57,53,63.5,53,30,41,75,98.2,45,85,50,127,61.1,54.7,151,134,168,53,61,50,102,57,85,83.2,55,136,108,66,118,104,46.8,13,15,56.5,133,25,57.3,171.4,201.6,100.8,93.1,74.9,72.4,121,68.8,68.3,67.4,69.3,69.2,73.9,74.4,66.9,101.2,68.7,64.1,70.8,81.1,85.4,47,36,81,75.8,99,47.7,20,66,116.5,39.4,26,122,77,15,27,57.2,61.4,100,156,72.8,67,104.8,93.3,65,80.3,85.1,72.2,87,69,111,78,81.4,114.5,80.5,81.5,48.7,55,56.1,48,42,32,80.3,58,92,84.1,62.8,76.3,74.3,57.4,54.6,10,97.4,33,74.2,73,129,141.7,72,94.3,350,92.5,54,48,75,70.7,97,34,30,33.3,2,85,62,78.9,213.2,208,144,164,82,125,124,135,115,107,82,146,113,169,124.7,174,164,120,124.7,33,69.2,103.1,133,164.5,129.7,133,160,171,118.6,96,121.8,166.5,174,149.7,127,136,130,162.5,130,65.4,167,113,90,107,101,102,120.4,121,134,115,232,108,90,90,95,102,207,82,186,210,109.7,151,193,71,87,74,185,114.9,190,155.2,240,181,188,124.1,96,145,153,154,114,178,133,103.6,111,95.3,111,52,112,86,133,126.8,134,190,121.1,12,188.6,186,53,136,63,96.2,122.1,115,131,125,86.7,109,94,112,182,132,146,136.9,142,176,170,124,158,191,169,70.9,166,149,139,135.9,110.4,119.7,111.5,128.7,120.2,89,132.9,128.1,143.5,127.7,88,134.7,150,131.4,74.3,120.7,121.4,95.2,95.3,108.7,131.6,127.7,111.6,143.8,109.1,129.4,125.5,123.2,108.4,144,113.8,136.6,81.1,181.3,97.6,148.9,138.5,144.8,139.2,98.5,113.6,108,123.9,120.8,134.5,114.9,96.7,191.9,190.5,224,182,194.8,125,154.4,141.1,136.2,125.4,120.2,144.8,132.7,135.8,108,111.5,99,69,136.5,64.4,155.5,165,129,125,130,119,140,115,135,126,181,187,193,182,163,122,47,40
1978-03-01,77.8,32.5,118.6,112.8,72,61.9,184.5,106,71,126.3,185,113,68,130,96,81,118,124,188,316,171,126.1,99,95,109,77,103,117,121.3,95,343,84,255,110.7,233,420,97,54,127.6,258,102,67,39,130,103.4,125,332,437,99,50,22,71,223,102,112.3,56,402,80,62,244,26,120,50,50,141.7,147,45,148.6,99.4,129.5,138,51.6,143.5,151.1,146,195.9,103.5,172,206.7,156.1,173.6,168.2,184.6,143.6,162.6,186.8,167.4,158.6,200.1,195,348,283,169.6,175.5,100.7,86,74,124,100.7,77.9,61,103.4,99,109,91.7,97.8,176,505,213.7,237,182.7,214.4,320,227.8,192.5,180,345,326,166.5,279,201.1,197.2,136.7,152.9,137.9,238,264,174,106,107,113.5,91.5,99.5,143.5,45,124.3,119.5,129.8,178,204,221.2,264.5,148.2,220,129,182.8,155,161.8,275,362.5,341,241,229,135.7,185.3,31,420,49.2,6,238,230.1,152.2,145,272,114.5,186,124,99,105,188,174,143,243,144.1,84,98,221,83,186,81,221,166,133.5,306.1,140.6,215.6,164.9,148,96,86,110,150,112.8,126.9,121,131.7,202.3,150,140,149.4,194,78.6,233,314,76,208,201,173,187.7,244,214,174,147,219,220,235,201,129,249,106,179,190,138.9,253,222,23,201,94,229,247.4,259,167.1,97,29,233,162.4,123,158,174,153,201,140,141,138.7,145,87.2,106.8,49,141,130,140,154,161,38,203.2,41,180.1,110,98,93,110,135.8,175.1,93,99,188,122,140,82,158,166,148,121,152.9,118,76,56,90,85,98,139,148,166,129,122.2,137.8,149.1,120.7,189.7,124.6,165.2,82,217.2,147.3,189.5,152.4,143,151.3,267,143.3,108.4,138.8,133,125,130.2,172.2,158.8,161.3,156.1,148.1,147.3,157.7,175.1,170.9,160,175.5,219.4,166.9,104.7,201.9,120.3,150.6,138.7,138.7,115.7,113.8,102,142,179.3,145.4,169.2,172,135.3,211.5,226,177.9,188.2,207.5,162.5,155,146.9,134.1,136.6,129.6,150.9,136.9,142.1,122.5,178.3,245,133,162.2,81.6,134.3,174,136,128,87,154,110,129.3,80,102,97,110,60,59,113,58,65,51
1978-04-01,16.7,20,15.2,10.7,44,0.3,33.7,78,0,8.5,23.6,5,41,5,33,4,42,9.8,29,0,15,34.8,2,30,12,0,2,15,13.3,67,0,49,25,22.7,0,0,31,50,41.2,10,30,29,22,25.7,25.9,0,0,11,2,25,45,0,0,31,18,27,31,0,52,5,90,13.4,46,10,9,15,0,8.8,12.7,6.6,38.3,18.4,0,0,88,23.5,16.5,23,18.3,22,20.6,21.1,22.5,18.4,24.7,15.7,17.4,23.5,24.7,18,21.5,24,22.8,2.5,18.7,24.5,24,32,16.3,17.2,5,30.4,16.3,17.7,10.9,11.3,11.1,24.1,19.4,5,25.4,43.7,44.4,25.2,20.6,19.3,23.1,2,28.2,29.1,19.1,27.7,11.2,30.3,23.3,5.5,16.4,2,7,33.7,40.8,11.8,18,21,2,12.3,23.4,31.1,19.7,18.9,25.5,2,37,0,16.7,33,17.9,80.7,29.1,18,40,14.9,7.5,22.5,17.6,17.3,17,13.9,11.7,17.7,16,22.7,39.3,63,19.6,82,15,8,0,30,48,20,31,30.6,11,24,24.5,22,82,18,24.5,8,29.9,34,48.3,56,30.9,10,24,5,33.1,26,26.7,24.9,32,26.3,38.5,27,27,37.4,55,21.5,31,24,22.3,5,0,21,32.7,41,23,53,32,50,35,159,40,29,41,48,49,39,29.9,43,55,14,49,34,0,37.1,46,49.5,39,9,76,28.1,29,12,53,28,67,33,48,28.2,17,31.3,25.3,20,12,41,27,28.8,29,8,32,37,43.1,39,47,41,39,23.7,32,48,61,0,28.6,27,25,21,22,10,10,34.3,15,9,36,8,21,30,45,64,66,59,41.9,39.2,18.2,23.3,37.5,22.2,34.8,120,35.2,38.5,28,35.7,45,36.2,22,35.7,23.8,30.4,21.5,24,19.1,30.4,31.2,34.3,34.9,29.3,36.3,31.2,29.5,32.5,28.9,33.3,24.9,26.5,20.4,32.6,30.8,32.8,35.7,28.9,38.1,23.7,32.5,27.5,30.3,26.8,39.4,33.9,25.1,43.7,51.9,56,40.4,50.2,71,38.5,38.2,38.7,36.1,28.5,32.1,43.9,36.6,25.9,30.4,7,30,40.7,10.1,55,39,37,56,34,82,63,39.9,18,48,45,47,39,32,48,49,19,15
1978-05-01,0,0,0,1.8,26,5.7,4.8,19,0,2.9,19.8,0,30,0,15,5,2,4.2,30,2,8,17.6,3,16,16,6,5,8,8.3,15,3,22,10,13.3,0,0,18,60,26.6,0,7,19,10,16.8,3.9,7,0,10,3,10,15,0,0,0,11.5,0,0,10,37,0,7,13.5,22,30,3.5,0,0,4.4,0,4.6,22.1,0,13.4,22.8,15.2,19.3,18.3,21.1,17.4,18.5,13.3,21.7,22.3,17.6,33.1,12.5,15.2,16.9,20,13.5,16.2,17,17.4,7,7.7,20.1,7,27,13.2,13.5,15,24,17.1,13.6,7.5,10.3,25,35,18.8,22.7,16.6,28.9,28,20.2,15,15.5,48,4,23.1,5,22.1,21.5,7.3,26.8,12.8,6,10.4,13.2,11.8,20.5,15.3,6.6,13.7,14.2,11.6,11.7,22.5,12.3,13.4,14.5,12.4,2,32.4,16,10.9,6.5,21,4.1,16.2,5,33.9,19,11.5,14.6,14.2,13.9,10.6,16.5,13.9,8,6,16.4,19.5,15,3.7,0,0,0,0,0,0,0,0,8.1,0,5,0,0,0,0,0,5,7.8,0,1.8,5,17.2,3,5,2,6.2,17,8,10.1,21,2.8,12.3,9.6,0,9.2,0,9.3,0,0,8.9,0,0,0,4.8,0,0,5,0,0,0,2,0,0,0,30,0,0,5.2,3,0,32,5,0,6,4.5,17,13.2,0,0,12,6.1,8,5.6,12,15,5,0,2,5.8,23,29,0,0,10,48,7,3.8,0,15,9,14,11.4,12,13,14,13,4.2,3.7,11,15,0,4.6,7.7,0,7,8,3,0,8.8,0,3,0,0,0,0,0,0,5,33,11.6,12.3,11.7,7.7,10.9,7.8,7.8,19,10,11.8,12.6,13.8,0,4.6,0,7.9,5.6,11.1,7.7,14.2,9.9,14.3,8.7,6.4,11.3,11,11.2,11,15.1,15.5,8.2,9.3,11.6,10.3,10.6,10.1,13,9.5,7.4,13.5,10.3,9.9,6.4,8.2,12,12.2,14.4,15.9,12.9,17.9,24,26,7.9,16.8,22,6.8,12.5,12.7,8.6,8.6,11.9,14.4,8,7.8,7.8,0,4.5,3.7,2.3,12.6,10,5,9,5,13,10,11.1,19,13,5,0,0,8,18,2,6,6
1978-06-01,0,0,0.2,4.2,66,4.2,9.2,0,15,5.4,25,0,34,0,26,8,1,5.5,0,10,0,19.6,16,76,0,0,7,0,6.9,29,7,65,17,10.1,2,13,29,0,20.6,0,7,5,0,16.6,8.1,0,0,7,17,20,30,46,0,7,12,0,0,3,25,6,40,5.3,24,31,3.1,0,10,3.8,0,3.6,24.3,0,0,0,16.1,14.8,18.2,22.8,15.9,9,2,12,7,20.6,14.7,8.3,12,14.5,13.1,6,13,7,10.5,11,8.1,17.9,12.7,7.5,10.5,8.4,8,19.3,10.5,12.9,5,6.3,14.8,5,16.4,15.4,11,30.1,32.5,11.5,10.8,13.6,7,8,24.2,10,15.7,25.4,5.8,28.4,8.4,8.8,8,3,11,25,19.6,3.8,9,8.8,4,8,20.4,12.7,7,11,12,10.5,32.8,0,10.7,5.4,5.5,9.7,12.5,7,20.5,9.8,7,15.9,12.5,15.3,13,15.5,10.4,8.5,7.7,3,15.7,16,9.3,2,20,13,27,0,22,14,0,16.2,6,0,19.6,13,2,14,19.6,4,15.8,4.5,17.3,24.5,20.3,13,0,5,6,0,12.7,20.3,0,13.1,30.7,6.2,0,5.8,1.5,5.5,0,7,9.9,0,0,8,13.8,0,7,7,1,1,8,6,10,3,8,11,5,19,7.2,16,13,20,14,4,7,19.4,16,11.8,7.7,7,14,14,7,9.5,18,3,20,14,17,14.5,3,23.4,0,0,13,0,15,8,0,15,16.1,1,9.9,0,8,9,10,6.7,24.6,16,22,24,5.1,12,23,12,11,13,8,14.8,6,2,0,0,0,0,0,0,2,0,11.6,23.5,10.6,13.7,31.6,14.7,24.4,20.9,30,16.4,17.6,26.5,20,12.6,48,15.6,13.4,15.7,10.2,19.8,14,21.3,22.9,12,16.6,17.9,19.3,17.2,21.5,30.7,20.2,11.7,18,17.4,13.4,12,21.5,14.8,13.9,13.3,14.8,16.3,10.6,16.1,16.8,20.4,32.6,30,18.9,20.8,17.9,26,14.1,21.1,17,11.7,13,11.6,11.8,10.3,13.7,14.5,13.1,8.2,19.8,23,8,3.2,1,5.3,0,0,0,0,0,0,9.1,0,0,0,0,0,0,4,0,2,4
1978-07-01,0,0,0,4.3,0,0,14.4,4,0,3.8,13.1,0,0,0,4,0,0,2.4,0,0,0,4.9,0,0,0,0,0,0,4.8,0,0,0,0,3.8,0,0,0,0,15.3,0,0,0,0,3.9,5.7,0,0,7,0,0,0,0,0,0,8.1,0,0,0,0,0,0,2.2,0,0,3.6,0,0,1.8,17.2,12,27.8,2.5,0,0.7,13,14.7,15.5,22,13.1,4,3,14.4,9.1,20.7,20.2,9,12.5,22.8,15.4,4,12.6,5,7.5,5.3,8.9,14.7,17.1,1,11.8,9.4,8.1,17.5,9,11.1,4.6,7.2,9.3,13,19.4,16,11.1,24.3,20.1,14.3,11,15.3,9.2,11.6,22.8,5,19.4,18.5,5.8,21.2,11.4,7,10.4,8.9,12.3,40.1,16.3,7.6,6,10.8,10.1,12.6,21,18.7,12.7,10,9.6,6.9,32.6,0,12.4,6.1,11.4,4.3,12,17.5,31.3,9.4,0.5,20.6,7.1,10.8,9.1,18,12.1,1,8.4,16,9,28,9.3,22,0,0,0,11,0,6,0,16.3,13,7,4.8,4,22,0,4.8,5,9.6,4.1,11.6,7.2,16.1,5,2,17,8.8,0,15.1,13.8,7,10.9,21.9,18,21,21.8,29.5,3.4,0,0,4.1,7,0,0,0,0,0,3,0,7,0,8,1,0,0,11.7,10,0,0,0,0,0,0,0,8,11.9,14,8.4,0,0,7,1,0,0,2,0,0,6,6,6.3,4,20.8,0,0,6,0,7,4.7,0,0,0,0,0,27,0,6,0,0,4,1,3,11,0,3,0,7,7,5,0,14.5,3,10,9,0,6,13,14,28,17,21,25.5,22.3,12.4,19.4,46.7,18.3,20.8,13.2,23.9,13.8,16.1,27.8,0,7.8,0,13,18.8,16.4,12,17.3,13.6,15.9,12.6,11.8,16.4,15.3,18.1,16.6,17.1,22.1,16.6,10.8,19.9,18.3,11.5,9.5,18.1,14.9,10.1,16.3,13.6,15,17.9,20,16.6,23.6,22.4,29.7,19.1,18.9,19.8,13.5,15.6,18.7,12,10.8,14,12.3,10.8,8.6,9.7,18.3,9.1,7.8,15,0,0,40.6,44.5,24,25,15,22,23,18,29,27.9,28,29,40,34,30,27,65,27,50,41
1978-08-01,0,0,0,1.9,5,0,14,0,0,1.4,17.9,0,3,0,9,0,3,2.5,0,0,0,5.9,0,7,0,0,0,0,7.9,14,0,0,0,5,0,0,27,0,11.7,0,4,0,0,5,3.8,0,0,3,0,0,0,0,0,4,6.1,0,0,0,3,0,0,2.3,0,0,2.4,0,0,1.4,1.4,0.3,21.8,0.2,0,0,12.5,15.5,18.6,24,13.2,21,8,18.7,11.2,16.2,36.9,9.9,12.5,16.7,16.6,5,15,4,13.5,9.7,8,19.8,14.1,9.2,12.7,10.1,6.1,25,10.9,13.7,5.1,8.1,13.3,12,18.8,15.6,12,27.9,19.9,13.7,12.5,12.3,1,12.1,23.7,5,18.8,19.6,5.6,27.7,9.7,7.1,7.1,10.7,2,37.4,14.2,7.9,8,12.5,8.1,11.9,23.9,11.4,11.3,17.1,10.8,11.8,34,0,10.2,6,11.6,5.2,18.9,10,8,11.4,2,19.2,8,13.1,14.3,21.2,16.7,10.2,8.5,11.6,3.3,9.2,2,0,5,0,0,0,0,1,0,6.2,0,0,0,0,0,0,0,24,7,0,0.4,0.6,10.9,0,0,0,6,0,11.4,9.9,0,2.9,14.3,10.9,0,7.7,0,5.7,0,0,4.6,0,0,0,0,0,0,1,0,1,0,0,0,0,0,3.7,0,0,0,0,0,10,0,0,0,0,1,9.4,0,0,3,4.5,0,12,0,0,0,0,0,5.4,2,21,0,0,0,0,0,3,0,212,18,2,0,0,0,0,0,0,0,0,0,0,0,0,0,0,2,0,0,6.3,0,0,0,0,0,0,0,0,0,0,11.8,15.5,9.7,9.8,15.8,11.3,14.1,3.6,15.8,12.1,13.9,14.3,0,2.7,0,8.4,6.8,10.8,9.7,12.1,9,18.1,11.4,8.2,14.6,12.8,14.2,13.7,11.6,16.2,11,9.9,19.3,7.3,6.8,11.1,15.8,9.9,7.5,15.5,8.9,13.8,8.2,12.5,16.5,12.8,15.1,19.3,14.3,13.6,27,0,11,13.7,7,8.5,12.1,14.3,10.3,5.8,10.9,13.7,5.6,7.5,3.5,0,0,2.2,3.4,10.8,0,7,0,0,2,0,7.3,18,2,0,0,0,2,21,0,8,11
1978-09-01,11.5,18,9.1,28.6,82,26.7,103.7,3,26,28.8,75.5,9,69,52,133,45,51,33.7,75,28,37,49,29,77,20,0,24,19,35.9,78,35,41,96,50.6,18,20,72,87,99.9,50,70,60,90,55.1,55.7,15,51,70,20,45,48,134,3,70,41.6,80,74,23,91,7,87,34.1,65,49,24,55,23,22.2,54,70.8,71.9,27.4,11.3,35.9,27.2,49.1,34.2,44.8,45.8,38,29,30,53,58.4,41.4,40,34.7,46.9,51.5,19,45,33,58,36,29.4,8,22,14.5,19.8,16,12,9,9.5,44,18.1,21.6,31,28,48.1,47,35.3,58.1,49,48.2,50.5,43.1,52,67,54,38,42,63.2,34.8,52.6,38.2,31,33,30,14,32,48.3,28.7,20.5,47.6,19.5,35.4,30.5,31.3,29,26,45.8,39.5,38.8,53,3,2.8,9,9.2,27.7,5,22,42,12,36.1,40.5,30.9,20,36.3,8.4,20,15.1,61,127.1,171,141.5,58,213,162,167,175,120,327,82,125.8,146,138,113.2,175,58,185,113.2,34,58,87.6,161.9,138.3,124.5,127,138,145,83.6,78,127.3,164.2,140,148.8,142,135,180,140.4,139,24.9,73,41,27,97,73,50,62,90,70,88,71,38,84,72,103,66,189,97.2,97,0,65,123,104,2,125,68.1,134,95,169,118.7,77,99,161,113,90,88,197,102,114,190,142,106.6,68,64.5,49,61,131,82,153,104.9,137,72,120,76,92,188,66,124,68,50,99,60,259,202,57,370,251,137,184,126,133,146.7,131,134,112,136,133,120,40,143,128,75,119.5,148,77.6,149.2,162.2,119,122.4,130.4,113.4,112.4,112.5,155.3,95,125.4,95,83.9,66.4,105.3,77,84.5,85.7,91.6,94,111.6,119.3,141.3,113.7,103.8,98.9,132.6,90.8,81.6,86.6,89.8,66.3,109.3,93.1,134.3,109.5,131.3,117.6,73.3,98.6,127.5,94.9,119,148.1,122.4,103.2,150.8,138.8,96,118.7,147,0,121.8,102.5,87.3,102.5,87.2,111.5,108,102.7,77.1,115.8,139,58,68.1,74.4,81.6,40,23,53,65,45,74,70.7,60,86,60,54,80,83,78,41,63,58
1978-10-01,20.6,7.5,51.7,25.3,98,54.1,57,86,50,37.9,62.3,16,109,20,94,52,73,43.5,72,58,23,72,48,104,34,44,47,26,49.3,64,58,54,91,48.9,93,18,76,58,73.5,33,84,15,72,61,45.4,37,25,43,50,52,78,71,0,84,41.9,37,17,2,85,49,30,44.6,104,121,29.7,22,71,38.1,16.7,21.9,49.5,13,52.3,27.9,58,55.2,41.2,62.3,59.8,27,30.5,61,10,62.7,50,46.8,56.3,53.6,61.6,73,38,88,47.5,53.4,36.9,18,46,26,28.2,29.7,36,45,10.5,50,50.7,23.6,72,43,65.5,63,60.4,70.3,40,73.9,59.4,59.9,59,85,63.4,84,58.2,74.5,37,65.2,49.1,80,42,23,28,15,35.2,25.2,15,43.9,18,46.1,44.8,36.7,66.5,68,62.5,43,41.5,57,41,32.1,18,8.9,21,66,78,30,89.5,51.1,57.7,54.2,18,20.6,7.2,36,61,66,91.5,114,76.7,85,40,116,78,57,64,68,14,84.8,103,88,67.5,36,85,41,67.5,46,28,36.8,44.5,68.2,70.2,34,73,114,42.1,44,65.5,88.5,49,78.1,92.3,56,44,68.4,51.5,40.8,29,31,34.6,27,18,24,21,26,30,38,18,28,54,33,53,20,56,62.9,45,79,43,38,65,1,43,23,80,43,65,45.1,27,28,96,73,31,37,80,48,67,64,58,56.4,63,89.7,0,33,27,45,71,50.3,60.6,154,63,44,56,85,39,59,22,15,104,41,78,81,26,58,60,44,43,34,58,78.4,95,97,160,43,71,81,49,56,73,87,68.5,79.1,42.3,64.3,92.6,82.4,72,74.6,84,52.9,51.6,100.7,48,54,61,51.3,37.8,43.2,42.3,43.7,54.7,52.6,63.7,61.5,66.2,66,76.4,66.9,72.3,87.2,45.5,52,34.5,45.9,32,55.6,65,58.7,54.2,61,71.8,50.2,70.6,83.4,53.3,89.8,83.4,81.3,61.6,69.1,75.6,100.5,68.7,75.5,97.7,59.5,48.9,43.7,48.7,41.4,49.7,51.6,48.1,38.3,85.3,49,28,16.2,33.5,65.4,49,51,64,37,51,96,40.1,42,30,26,33,26,58,26,38,61,38
1978-11-01,1,22.5,9.8,34,128,72.6,116.3,69,50,52.1,128.1,37,116,58,191,67,67,51.2,100,68,111,112.4,40,63,119,49,61,71,66.8,176,3,140,206,87.8,10,35,105,251,80.3,130,67,100,138,109.2,77.1,69,57,89,43,240,242,234,25,67,73.5,88,62,101,95,63,41,71.8,150,192,47.5,155,15,46.8,52.4,61.7,69,30.8,4,9.2,31.6,74.3,50.1,73.3,77.9,78,49,30,84,72.5,64.6,68.8,79.3,69.5,81.9,78,36,184,59,60.5,33.4,35,21,20,33.6,20.7,22,9,21.5,28.7,5,25.6,36.8,82,107.6,90,61.6,101,155,92.5,82.8,76.6,49,63,68.6,131,95.1,65.8,82.1,77.2,63.1,47.2,31,21,16,27,58.2,36.4,33.5,58.2,15,52,47.8,49.9,4.5,52,79.4,39.5,61.6,34.5,5,47.5,13,49.8,35,49,70,11.5,51,63.9,65.2,47,35,31.6,11.7,23,20,120,116.2,61,108.9,120,94,131,123,125,91,148,36,116.5,164,130,111.1,113,120,126,111.1,133,48,135.5,134.6,159.9,107.1,91,177,82,64.1,84,99.8,138.8,86,115.4,163.9,212,163,125.5,84,63.9,191,103,45,44,74,22,103,90,58,92,78,56,131,59,125,61,96,101.1,74,107,68,95,90,54,69,34,82,140.3,73,101.2,65,84,85,103,40,57.8,90,10,117,136,127,105.2,99,81.5,11,68,140,78,205,85.2,83,234,194,73,32,128,87,77,34,30,203,43,95,132,117,71,127,130,133,90,81,121.3,160,93,84,117,67,160,75,110,152,180,117.2,107.6,92.6,96.6,135.8,103.2,116.7,120.2,151.3,101.5,132.8,148.1,117,121.1,155,101.4,72.5,87,74.5,76.7,80.4,90.6,104.2,104.8,104.8,111.5,110.2,108.6,109.4,132.6,73.8,101.3,95.1,86.9,49.9,133.3,83.3,93.8,91.3,100.5,90.5,84.5,86.4,119.2,79,124.1,113.2,126.8,91.9,120.5,113.4,94.5,116,126.7,82.3,93.3,88.3,82.3,81.3,74.8,90,94.5,88.5,57,100.9,99,89.5,128,92.9,132.4,167,144,153,135,158,213,117.3,94,120,92,127,165,121,107,94,105,104
1978-12-01,113.8,56.5,86.2,94,129,111.8,121.2,60,156,111.2,131.3,146,169,134,153,136,122,104.8,124,128,224,156.8,168,127,117,175,107,95,119.7,89,143,146,119,105.4,20,75,79,197,98.1,160,121,100,95,121.6,94,225,321,55,172,115,118,111,56,121,127.6,197,93,71,172,140,99,91.8,86,77,105.5,195,110,118.4,136,160.2,115.4,173.6,133.5,106.2,173,131.6,97.7,125.3,103.8,94,13,87,158,117.1,135.7,124.1,121.6,126.3,125.1,99,114,130,159.5,145.5,82.5,109,125,143.5,71.9,28,102.4,130,100,19,124,71.8,136,64,184.2,140,128.1,153.2,156,162.6,143.8,135.3,82,85,160.5,130,158.7,175.5,125.1,151.7,110.1,112,47,58,60,27,110.8,81.6,28.5,104.7,93,109.2,101.8,98.9,54.5,100,149,61,137.7,206,51,125,170,208.4,83,150,171,113.5,139.5,114.7,135.4,86,75,46.2,42,157,118,120,176.7,156.5,172.3,282,105,187,175,166,196,138,127.4,184,164,199,167,206,282,102,167,99,166.9,130,121.8,193.4,169.4,241,167,190,125.3,171,147.1,174.8,126,182.4,157.4,120,122,173.3,196,81.7,86,113,100,97,119,89,92,63,136,87,107,128,96,124,137,96,79,113.2,82,108,89,69,91,61,61,49,108,136.7,124,152.1,164,110,182,107,102,61,186,24,166,88,159,128.6,126,366,59,102,84,184,127,134.9,148,204,199,161,242,131,200,184,112,140,108,132,211,170,65,136,116,158,185,241,218,176.4,176,213,204,151,180,170,317,330,191,228,172,139,102.2,131.8,161.6,156,136.8,143.6,164.5,147.4,130.6,145.3,233,131.2,96,129.5,78,134.1,110,95.7,92.9,136,127.8,138.3,124.1,141.5,126.6,138.7,131.2,151,114.1,165.8,176.1,126.4,94.7,157.9,101.3,167.8,151.2,178.2,151.5,106.3,126.9,137.5,145.3,135.4,156.5,120.8,115.7,224.1,218.8,238.5,201.2,220.2,193,162.3,134.4,134.5,132.5,108.6,141.6,129.7,130.1,92.5,138.6,154,137.5,90.7,161.4,189.7,256,226,245,306,217,238,152.7,180,141,125,187,142,150,186,139,212,195
1979-01-01,134.9,128.5,113.2,119.5,47,89.8,144.1,42,85,136.3,92.3,97,132.3,27,65,24,29,149,15,268,73,164.5,197,88,160.1,43,73,126.7,139.2,25,170,54,122,165,70,328,93,101,133.9,44,75,164.5,50,167.5,108.8,95,148,50,198,139.1,21,42,336,75,136.1,137.8,62,83,163.1,258,25,147.7,160,10,143.2,37,62,159,218.1,210,143.6,139.6,129.8,144.6,210,250.5,135.2,219.3,222.5,215,192,205,93,178.1,204,205.7,201.6,202.7,279.1,239,201,271,279.5,185.1,98,163,213,173,83.6,85,212,125,170.5,103,122.1,129,98,289,209.6,177,232.5,319.5,241,326.4,226.8,202.2,234,193,178,192,267.2,226.8,167.8,164.9,173.5,167.5,222,179,191,240,147,110.7,173,166.2,213.5,120.7,141.4,147.8,156,285,231.1,163,157.6,257,149,178.1,384,243.6,185,334.5,262,243,277.5,178.9,210.9,146,328,61.8,142,110.4,124,167,416.6,187,99,231,83,140,145,231,138,172,118.8,162.7,184,121,93.5,141,231,239,93.5,89,111.5,138.6,311.5,226.8,182.4,201,165,144,140.9,171,161.8,160.2,92,142.7,113.1,183,149,189.2,256,80.7,71,81,190,125,131,117,106,120,113,118,81,123,110,150,133,144,142,145.4,226,75,104,168,236,69,112,82,169,124.6,125,191.3,136,126,222,88,78,130,204,62,273,316,225,132.3,148,206,64,88,298,124,242,163,295,243,95,121,299,263,217,330,106,66,55,191,314,79,214,298,143,183,251,201,179,158.1,88,107,138,135,178,207,206,263,210,166,141.2,155,109.4,131,131.4,155.5,136.7,135.2,126.4,172.4,147.3,146.6,174,145,92,130.2,86.7,137.2,106.2,96.2,98.9,142.4,114.3,145.5,139.1,176.5,124.2,138,120.8,116.4,136.3,160.2,200.8,124.6,105.3,165.2,103,198.8,188.1,169.2,166.9,126.5,126.7,137.7,181.5,121.4,149.7,139.5,113.5,306.7,255.2,559.5,249.5,267.5,401.5,182.7,157.8,180.9,155.9,133.1,170.2,172,168.4,114.8,125.8,141,111,86.2,59.7,144.5,98,209,188,152,112,157,145,115,127,140,121,141,164,167,112,60,65
1979-02-01,119.1,254.2,230.3,285,150,158.9,158.7,299,262,139.6,137.1,279,215.5,349,267,207,383,146.6,120,248,231,184,187,145,191.4,72,159,161.7,141.2,192,250,226,136,186.4,187,234,221,375,130.4,145,200,188.8,215,194.9,133.2,222,183,170,189,186.7,157,268,160,200,184.5,179.7,86,132,235.4,222,149,184.1,197.5,215,151.5,203,155,173,277.9,258.9,153.4,203.4,101.3,149.6,109,246.2,142.8,190,218.1,221,208,196,185,169.4,175.4,187.8,200.8,196.7,256.1,155,157,255,141,168.2,112.4,140,183,140,87,73,114,131,177,107,104.3,112.2,60,190,241.6,230,90,274.6,185,291.4,239.4,208.8,213,195,185.8,208,251.8,196.6,171.7,179.8,167.7,110.5,371,290,255,215,141.5,117.2,187.5,172,305,126,142.1,143.8,158.5,244,211.8,386.5,156.7,91,158,110.9,116,167.4,131,222,184,102,150.5,161.1,217.3,120,191,47,88,170,148,132,259.2,169,190.5,76,166,199,174,61,84,252,93,159.1,213,178,206.4,257,76,196,206.4,134,154.9,174.3,168.7,123.6,198.3,268,195,235,150.4,225,159,156.8,60,174.3,126.3,84,59,103.9,88,73.3,182,132,150,194,177,100,120,147,128,99,96,141,92,116,118,103,118,141.2,232,108,194,155,184,69,115,136,220,151.9,84,163.1,239,204,180,27,130,33,238,111,156,175,166,137.4,155,122,131.4,130,192,205,218,177.4,218,8,82,145,231.1,372,211,310,142,112,136,125,261,97,94,310,210,188,189,268,246,161.5,223,248,236,120,147,123,87,88,59,90,79,152.1,122,126.6,154.6,156.1,140.9,127.5,153.8,160,152.7,147.4,91,95,59,144.6,81.9,142.1,111.8,102.8,105.5,163.4,135,155.5,151.8,173,129.2,141.2,138.8,126.6,150.2,160.7,225.2,132.5,104.2,190.3,106.2,177.9,184.1,165.7,155.3,115,123.5,146.5,186.9,136.9,162.4,136.2,127.3,278.6,277.7,265,260.3,268.5,348,179.6,176.1,175.8,171.2,140.2,177.4,166.5,170.6,125.4,140.8,163,155,55.8,16.3,61.2,27,46,74,40,69,88,75.7,46,78,73,48,86,33,87,47,67,50
1979-03-01,29.3,43.6,13.7,12,21,29.9,55.9,300,75,87.3,58,15,77,56,44,56,0,104.7,20,19,7,89,138,24,117.7,5,47,97.2,82.8,37,30,10,186,90,27,77,39,89,91,10,24,125.2,74,83.1,51.7,131,10,20,138,99.8,48,31,87,24,78.2,77.5,0,30,78.9,178,25,110.4,112.8,8,80,6,10,102,31.5,37.6,68.8,73.1,41.5,99.4,25,98.7,83.5,125.2,95.3,95,74,70,103,103.7,111,103.2,93.6,105.3,92.8,160,31,218,91,126.7,64.6,121,17,74.5,56.5,13,84,89,11,40,46.5,61.6,58.5,131,132,254,25.5,142.2,337,149.8,127,124.4,90,124,117.7,173,142,152.7,93.9,106.1,78.2,100.9,45,26,32,130,63.6,54.6,48.1,87.8,66.6,78.7,80.6,80.1,40,97.5,89.1,84.5,98.8,82,44,247.4,187,284.5,241,193,346,34,135.5,110.8,129.5,50,77,34.9,28,68.5,89,83,55.1,45,43,105,45,35,45,103,17,31,27,85.9,69,31,21.5,56,105,23,21.5,85,34.8,36.8,5.9,30.6,69,91,53,64,47.5,50,63.8,77.6,162,67.3,90.7,141,88,112.3,98,62.6,9,6,0,6,14,18,8,46,0,24,31,17,42,30,93,71,36,53.6,113,82,37,20,80,64,44,9,60,67.8,100,45.6,21,44.5,44,49,0,236,21,34,8,3,18,46.3,25,96.1,33.2,110,0,58,9,46.5,20,76,43,32,100.7,238,20,67,17,42,53,58,22,60,33,54.1,24,31,84,85.7,94,83.1,60,63,64,41,53,120,124,121,138,120,117.3,74.4,36.5,54.4,86.6,82.4,64.1,50.9,81.2,52.8,63.8,80.8,19,15,90,60.7,52.2,55.1,52.5,37.8,59.7,61.5,57.9,58.2,55.7,73.5,80.1,60.6,77.4,75.4,59,59.2,80.7,60.8,47.7,70.3,60.7,63.9,65.3,74.4,67.5,69.4,76.8,74.7,73.2,78.1,70.1,70.7,61.3,83.9,87.6,64,65.7,82.9,30,70,58.7,55,51,40.7,49.4,55.6,52.5,36.8,72.4,17,35,79.1,155.4,134.1,134,117,144,232,115,159,114.8,98,240,165,91,163,123,147,98,136,160
1979-04-01,70.3,42.4,35.6,26.5,61,58.3,51.2,10,22,65.8,57.4,13,76,49,52,24,45,68.4,108,64,34,78.5,46,85,64.4,22,38,61.8,54.2,43,29,52,78,75.4,41,48,80,80,81.2,80,85,77.2,24,69.1,48,66,26,74,51,76,27,0,40,85,51.1,65.5,45,23,67.4,78,70,64.8,70.9,92,47.8,49,19,62.2,117.2,88.8,63.1,148.2,34.1,41,85,77,61,89.3,69.9,64,70,55,72,70.9,78.2,77.4,71.1,64.6,78.9,82.5,64.4,97,103,92,44.3,57.9,47,28.5,39.4,35,25,17,83,20,38.8,34.6,30,130,93,112,74.2,84,79,104.2,82.2,73.8,90,92,84.5,88,88.4,101,58,89.6,54.5,57.4,84,62,65,175,55,38,71,67.7,25,47,48,49.1,68.5,74,81.4,23,58.5,55,47,113.7,102,104.5,139,198,93,63,94.5,62.8,99.3,109,48,21.7,11.4,70,70,35,173.2,95,95,18,56,44,65,60,71,80,20.5,88.4,79,138,93.3,130,18,86,93.3,42,92.6,40.3,51.8,50.8,77.9,100,65,119,45,40,69.2,85.7,17,77.8,91.4,46,85,63.5,89,52.3,35,41,20,18,11,8,19,39,30,54,21,40,35,45,30,18,40,67.5,102,82,39.7,43,136,0,35,54.4,67,50.5,49,61.7,31,4,83,55,18,44,76,20,44,51,50,49,127,83,38,30,76,45,84,58.7,88,0,68,59,94.6,102,79,51,55,54,120,22,117,110,64,53.4,77,79,87,100,81,92.1,51,96,81,95,100,53,69,75,47,13,46.1,69.8,42.4,58.1,82.3,78.3,65.3,71.8,79.9,61.8,48,87.4,46,82,60,53.2,43.2,41.1,45,39,52.3,60.6,69.3,63.5,63.4,70.9,77.5,67.4,78.3,86.3,44.8,47.8,50.7,43.5,34.4,50.1,60.6,60.9,59.9,71.6,75.4,53.1,62.4,68.4,58,91.4,79,61.4,60.9,90.5,96.8,163,102.8,111.8,242,81.9,60.5,53.8,58.5,48.1,54.5,55.8,55.3,40.3,72.7,62,93,1.8,4.8,26.4,17,42,11,5,11,17,26.5,15,3,3,0,0,15,29,7,5,12
1979-05-01,0,3,0,0,13,0,9.7,6,0,2.4,12.6,0,10.8,0,13,0,0,4,10,0,0,9.5,1,0,4,0,0,2.5,5.9,20,0,6,5,11.3,0,0,10,0,18.3,0,0,6.3,0,11,4.4,0,0,5,0,16.2,7,0,0,0,9.2,9.1,4,0,7.6,0,8,2.7,15.6,19,2.2,0,0,2.4,17.6,13.1,27.3,1.7,3,1.9,10.6,14.9,17.4,22.1,12.9,16.6,7,17,6,17.5,21.8,8.1,15.2,16.2,14.6,3,15.2,11,2,8,7.7,19.1,5,5,14,10.2,4,16.8,10.7,11.4,3,7.4,11.2,7,20.6,4.5,8,28,9,16.9,12.1,13.8,11.3,2,25,27,21.7,21.9,6.6,23.9,12.4,8,10.5,8.2,10,80,19.1,9.7,8.6,12.7,10.8,14.4,18.1,16,13.5,9.4,15,6.6,34.6,8,3,2,5,9.3,13.9,16.8,29.9,7,0.2,19.9,8.2,8.1,11.9,16.9,13.5,6,14.1,17.5,29.2,11.2,5,17,0,0,0,52,2,6,0,15.3,13,11,8,15,17,0,8,51,11.7,0.5,0.6,3.9,18.1,15,0,11,6.4,0,15.3,16.3,33,11.9,12.3,32,35,26.2,38,4.7,0,0,0,0,0,0,0,0,0,0,0,0,2,0,0,0,0,8.1,0,0,2.4,0,0,27,0,0,0,5.6,0,10.6,5,0,0,0,0,15,10,0,0,0,4.9,5.1,4,0,5.6,0,0,0,4,4.8,0,22,4,3,5.1,0,4,12,9,5,6,30,22,2,6,8.4,10.8,6,13,15,12,19.2,11,12,0,15,9,15,42,29,24,22,28.4,17.8,10.9,16.5,21.4,18.2,19.1,13,13.9,13.1,13.5,19.1,0,0,0,11.1,14.1,16.1,11.6,15.2,13.3,14,11.4,8.7,14.6,14.8,12.8,12.6,15,14.4,17.1,9.3,17,9.7,12.1,9.2,20.9,13.8,10.1,18.5,12.9,14.8,18.7,11.9,14.1,12.4,21.9,21.7,15.9,16.9,20.6,21,9.2,16.9,11.5,12.6,15.1,13.5,10.5,9.1,11.1,14.1,8.8,8.9,9.8,0,12,5.8,37.7,28.3,21,0,45,20,9,40,28.1,20,7,23,24,23,33,55,25,30,32
1979-06-01,0,25.5,0.8,5,0,1,29.3,3,0,6.1,25.6,0,19.3,0,25,0,0,6,0,0,0,19.3,0,30,6.1,0,0,7.5,6.2,46,0,21,58,10.6,0,0,0,40,35.4,0,36,11.2,0,17.8,25.4,0,0,0,0,18.1,0,45,0,36,8.2,19.4,0,0,24.9,0,0,7,16.1,0,3.9,0,0,4.2,74.1,81.4,47.8,75.4,0,0,15.6,16.8,14.2,23.7,13.5,22,15.9,17.6,16.6,15,24.3,10.8,15.2,17.8,19.4,14.6,18.7,15.9,16.8,12,12,23.1,12.5,4,13.7,13.8,6,19.6,10.5,14.3,5.7,7.6,10.4,15.7,20.3,18.9,12.5,34.4,32.7,13.6,14.6,11.5,10.8,14.4,22.6,13.8,16.1,31.2,12.2,29.1,23,16.4,9.7,12,5,28.2,30.8,10.4,13.9,16.6,13.8,10,26.9,30.2,18.2,14.5,14.1,12,27.2,0,9.9,12.1,3,11.8,12.6,19.8,25.7,11.1,2.8,19.2,12.6,15.2,18.6,15.9,7.7,11.1,9.4,22.7,37.5,39.3,50,60,59,89,43,61,3,24,15,72.8,75,95,69.5,58,60,59,69.5,29,55,38.9,48.1,31.5,49.6,35,70,50,25.1,60,51.2,62.8,100,47.8,62.7,58,88,54.8,76,11.7,95,25,0,40,22,0,20,28,24,8,20,0,47,24,3,10,16,40,17,3,20,19,0,0,17,14,0,41,26,32.4,59,49,0,0,4,11,10,60,42,38,35.7,36.3,35,22,29,45,44,5,52,33.5,31,28,66,49,44,50,40,0,37,0,84,40,58,64,65,34.9,43.5,49,37,35,25,56.3,85,5,25,40,25,25,93,52,46,40,55.9,53.5,24.7,44.5,71.3,60.4,42.2,54.5,53.5,46.9,29.7,56.7,45,60,48,46.3,26.4,38.6,18.9,30.1,33,36.9,38.6,42.5,45.9,53.1,49.5,44.1,43.7,46.8,34.3,28.1,25.2,24.5,34.4,33.7,47.3,44.9,46,45.4,57.8,42.5,64.4,53,30.2,44.8,60.5,52.4,44.9,40.5,56.4,50.5,39.2,45.3,82.4,37,30.6,28.1,29.3,25.1,29.5,29.7,28.4,21.1,59.8,27,70,67.2,52.7,65.3,105,0,41,60,42,105,64,47,65,60,64,83,42,42,43,12,43
1979-07-01,0,20,1.3,4.5,24,1.3,22,6,0,2.9,17,0,11.5,0,0,0,0,5.9,35,4,0,12,2,0,4.6,0,3,4.8,6.7,0,3,0,3,9.5,0,0,16,0,27.7,20,0,5.8,0,10.3,13.5,0,28,25,2,12.6,14,0,0,0,10.1,10,13,0,14.7,1,25,5.6,9.1,8,4.5,5,4,5.2,21.9,33.2,37.4,12.8,0.5,3,16.3,15.7,16.6,24,10.5,18.4,4,14.9,17.8,18.5,20.8,9.3,12.3,22.1,15.6,9,8,14,13.5,2,13.2,20.6,8,8.3,11.2,7.6,10.3,21.6,8.8,12.7,6.7,8.1,8,23,20.4,5.5,12.8,31.5,6,14.9,12.5,14.2,7,8,26.1,7,17.9,22.6,8.7,22.4,18.1,4.5,6,5,8,30.9,33.5,9.3,7,11.8,12,12.7,24,26.1,6,12.5,4,9,31.1,0,3,3.5,6,12.1,13.1,25.3,46,14.3,11.2,22.4,9.2,13.3,14.2,15.1,10.4,10.6,8.3,11.2,43.7,52,70,21,0,48,86,32,70,51,5,58.7,60,26,7.4,60,21,25,7.4,20,9.1,1.9,3.4,11.1,49.5,57,65,61,17.9,11,54.7,69.6,24,56.9,41.3,61,25,51.7,47,0,0,2,0,0,0,0,0,0,0,8,2,28,0,2,32,0,0,25.1,0,10,1,3,20,0,4,23,70,2,3,32.3,5,3,46,57,67,27,49,12,23,26,27.8,23.4,46,2,18.5,10,8,15,10,20.2,37,14,0,0,33,6,20,22,40,9,0,50,27,0,18,26.3,0,30,48,57,81,62.4,55,128,90,31,100,81,77,65,67,49,50,45.3,11.3,45,52.9,49.7,42.5,42.2,31.1,39,25.1,54,18,0,24,26.7,24.8,31.6,16.4,23.5,27.8,26.3,28.2,33.7,33.6,40.6,30.5,31.5,36.8,39.2,24.5,19.3,22.4,18.1,23,22.2,43.8,39.9,31.4,47,46.6,36,66.3,39.7,24.6,34.7,52,39.8,28.7,39.7,47.9,32,31,39.2,28,34.3,27.4,25.2,23,16.6,25.9,27.8,22,22.1,42.5,78,9,1.3,2.2,54.2,60,95.5,43,81,65,9,60,38,70,76,0,64,60,62,51,28,2
1979-08-01,0,2,0,0,16,2,8.3,2,0,4.5,17.6,0,14.3,0,43,0,9,6.3,0,12,7,11.6,4,0,4.9,0,3,3.7,4.9,32,5,16,0,11.5,0,0,22,52,16.3,2,16,9,0,15.3,5.2,8,0,42,5,13.4,0,11,0,16,10.7,12.8,5,5,12.8,4,0,6.6,8,0,1.7,9,4,4,17.5,20.6,27,0.3,0,1.1,13.7,15.8,16.2,21.2,12.9,13.5,9.9,15.2,14,20.9,16.2,12.3,14.8,14.7,15.4,8,14.6,13,12.9,2.4,8.5,14.5,5,1.5,10.7,7.6,1,16.4,11.3,8.6,0.7,8.7,2.5,26,21.1,9.5,11.5,24.5,5,14.1,11.3,13.6,11,5,23.1,5,18.1,17.8,8,24.5,11.1,1.9,8.1,8.9,6,18.5,17.8,6.1,7.7,9.3,12.7,8.7,20.8,13.7,14.5,7,12.3,7.6,33.4,0,8,6.3,6.6,9.2,10.1,15,26.4,10.1,6.4,11,6.6,9.3,9.6,18,12.9,8.6,7.5,15,4.8,14.3,15,8,8,0,3,13,11,1,10.3,12.4,14,13,9.2,0,8,0,9.2,61,3.4,0.8,28.4,24.8,13.6,1,15,6,7.2,10,7.8,19.3,33,4.8,14,4,10,9.2,5,0,4,6,0,2,0,0,0,0,0,13,2.8,4,0,0,0,13,12,10.9,12,13,7,0,11,0,14,0,16,12,18,13.8,0,15,16,10,5,4,15,0,9,0,7.2,9,5,0,4.3,0,18,10,18,8.5,5,27,19,12,20,10,0,34,3,0,15,2,0,0,0,6.1,0,0,8,1,11,11.5,8,15,5,0,0,5,5,9,9,18,16.6,18.4,10.4,9.2,18.4,10.4,13.3,7.9,11.1,11.7,14.5,14.5,13,15,0,9.7,10,10.5,8.5,14,13.3,13.3,12.3,7.1,14.7,13.5,11.7,12.6,15.4,20.5,11.5,7.3,14.2,12.1,9.1,9.6,16.3,9.2,8.4,16.4,8.9,9.9,10.3,12.3,13.2,13.5,16.4,18.7,13.8,17.5,14.3,0,10.5,16,12,9.9,14.2,11.8,10.4,7.8,11,15.9,9.4,10,11.9,15,3,10,6.6,12.7,15,5.5,27,27,31,23.8,11.9,15,17,31,8,10,9,53,12,8,10
1979-09-01,5.3,21,45.8,52.5,52,25.8,35.2,6,18,14,45.9,30,51.8,33,77,6,46,16.1,63,11,38,53.1,10,98,19,5,22,15.4,20.2,76,10,58,77,28.6,8,0,71,52,38.3,67,48,26.7,0,37,25.1,6,31,61,11,39.4,61,69,0,48,21.9,42.6,53,16,43.5,2,35,20.5,39.1,59,9.5,43,0,11,13.5,12,38.5,12.1,12.2,16.3,20.2,25.2,17.3,26.9,20.1,11,16,15,11,21.9,22.4,18.4,25,25.4,31.5,21,39,30,15,25,12.9,8,9,15,14.5,16,17,22.1,11,12.2,8.5,9.4,13,27.1,23.6,34,35,45.8,24,27.7,22.6,28.5,28,25,29.9,27,21.6,42.5,15.5,28.9,30.7,22,22,7,16,33.7,33,12.4,22.5,19.2,15,14.1,26.2,23.9,18.9,12,11,19.4,33.9,10,20,9.5,10,23.9,20,5,37.6,13.2,6.2,18.3,19.9,21.3,15.6,10.8,7.9,15,13.2,6,40.7,48,21.5,28,40,25,24,22,33,28,32.5,35,27,19,22.1,10,28,15,22.1,1,34,26.6,20.4,20.5,29.6,40,25,25,21.2,35,31.3,35,67,27.8,60.6,25,22,27.4,13,30,19,37,15,10,12,27,19,20,22,40,34,30,28,27,20,37,16,43.2,28,31,16,17,0,2,17,39,33,51,44,39.1,40,29,16,37,23,0,28,38,19,34,18,30.9,63,80,30,21,36,7,34,22.6,25,33,32,20,36.1,80,28,37,25,20,37,31,30,31,29,24,21,27,35,30,28,35.7,16,16,12,0,18,34,18,25,26,22,30.1,35.5,23.6,23.3,58.9,29.2,43.3,37.7,55.5,30.9,25.3,46.9,22,30,30,31.4,26.7,31.3,24.9,25.9,21.7,31.1,36.9,30.2,33.3,32.2,32.9,28.6,37.7,39,26.9,29.2,24.1,26.5,24.3,27.1,35.1,25.1,28.1,24.2,36.4,25.2,29.2,28.3,28.8,34,45.4,37.6,26.9,44.3,51.4,74.5,29.8,42.2,57,39.9,29.9,24.4,28,21.9,29.5,35.1,27.4,19.7,33.1,28,34,39.6,43.5,36.1,14,14,24,40,19,25.7,34.4,59,52,48,30,77,72,62,44,45,22
1979-10-01,8.2,55.3,33.4,12.5,106,13.4,38.5,42,42,22.1,34.4,15,42.7,25,63,22,14,27.6,42,22,47,60.5,20,53,27,53,24,25,21.6,52,5,30,15,38.8,14,0,47,68,40.5,105,49,37.5,10,37.4,33.6,10,27,42,23,45.4,60,77,0,49,27.3,45.3,47,5,44.9,5,22,30.9,43.3,64,12.1,52,8,19.1,21.9,32.2,42.9,25,12.4,14.3,17.4,37.2,20.5,32.1,29.4,35,29.4,10,22.7,25.1,38,25.3,31.7,29.3,37.9,29.6,21,43,61,20,17.3,20.1,9,26.2,16.9,17.6,17,24.8,19.4,14.2,7,10.2,11.5,50,26.6,39.5,33,55.5,35,44.8,34.3,32.4,29,36,32.8,40,29.3,52.4,22.5,38.9,37.2,20.1,31,23,45,105,41.3,16.1,35,32.1,39,18.3,24.8,26.9,20,17,17,22.2,39.2,18,10,17,31,30.4,25.3,55.5,72.2,16.5,28,18.7,26,24,23.8,9,5.8,18,15.5,12,62.7,90,48,20,20,46,25,10,52,80,12.5,37.7,26,21,41.8,31,20,23,41.8,20,27.2,31.4,45,59.5,38.2,30,34,28,30.3,50,39.6,42,31,34.3,60.6,28,31,35,8.5,12,17,21,15,25,75,25,17,18,45,25,13,22,54,42,11,91,7,42.9,35,29,32.1,0,36,29,15,8,49,69,65,43.4,22,17,81,46,27,16,68,43,53,48,45,40.7,65,123,36,33,53,33,51,42.8,83,76,76,25,54.4,131,56,67,59,20,41,46,87,38,28,80,61,63,41,30,62,46.5,50,40,17,10,9,25,21,22,32,39,34,48.4,26.2,31.6,58.4,35.7,47.4,51.2,59.8,43.6,39.3,48.9,26,30,56,37.3,33.5,34.3,29.5,25.1,26.3,38.8,52.3,43.9,38.9,53.1,51.1,45.4,53.1,43.1,32.5,28.9,25.4,26.8,22.6,34,36.6,43,47.7,39.9,51.5,30.2,33.4,42.4,33.4,39.6,57.6,43.7,31.6,64.4,72.5,69.5,55.8,70.7,59,50.5,41.9,37.3,37.3,34.4,48.9,48.2,53.7,31.8,52.4,62,25,107.5,124.7,43.5,53,74.5,46,65,45,29.5,55.1,68,70,179,145,113,74,89,139,104,106
1979-11-01,32.4,49,23.4,24,14,73,121.2,26,107,76.3,85.6,14,64.8,36,63,63,16,69.2,75,50,88,91.9,114,12,70.4,86,63,61.6,66.6,52,54,20,172,86.1,47,81,65,40,103.2,47,10,90,192,81,62.3,180,29,50,116,80.2,86,72,75,11,71.7,58,22,78,65.9,76,107,78.2,83.1,98,63.2,16,20,64,64.7,44.7,80.4,97.2,48.4,64.1,51.6,77.9,70.1,98.9,78.6,79,83.6,82,71.8,95.1,77.1,70.5,79.1,84.9,88,95,64,120,83.8,91,45.1,35,119,106,37.4,38,40,59,35.5,60,50,52.7,70,80,102.2,115,84.5,91.4,87,92.8,96.8,92.2,116,99,91.8,105,95.7,90.1,83.3,74.8,60.8,81.7,55,30,25,28,67.6,48.2,17,79,50.5,65.5,64.6,68.1,49,45,56,66.7,75.4,44,56,130,59,97.3,86.8,147,107.9,58,89.5,78.9,105.5,91.8,81,33.5,17.3,67,85,62,137.6,120,102,128,76,135,134,104,135,111,10,132.1,88,20,166.9,92,128,65,166.9,131,124.7,90.2,77.2,105.2,124.1,180,37,148,78.3,40,98.4,127.4,75,121.8,169,121,122,124.6,158,40,28,67,75,115,29,46,46,31,114,108,51,138,94,124,173,10,105,120.5,99,98,16,28,185,67,34,24,118,213,165,111.5,46,102.3,126,108,113,39,134,102,104,97,105.1,100.2,50,108,81,33,88,71,106,81.3,127,142,115,52,114.3,89,170,90,106,80,132,95,159,76,37,96,73,115,197,180,122,143.5,134,72,112,53,0,202,108,160,122,112,112.4,120,91.7,111.3,156.2,111.2,122.9,138.3,160.2,99.1,122.4,144.2,105,140,201,103.2,68,90.8,92.2,86.3,98.9,96.2,108.7,109.4,108.4,113.5,115,113.4,113.3,139,82.3,107.3,134.7,117.7,71.1,143.2,90.9,104.5,95.9,108.3,98.5,80.4,87.4,129.4,100.8,138.1,132.2,124.3,104.8,121,136.5,185.5,114.9,141.1,188.5,111.6,96.4,94.1,86.4,76.8,81.1,90.1,84.9,66.5,124.6,206,91,65.7,80.2,90.3,68,94,103,84,73,98.8,61.2,73,59,75,42,37,49,122,67,56,78
1979-12-01,146.5,87.5,155.8,125,144,204.4,120.3,32,204,123.3,145.8,74,202.7,142,201,177,144,174.8,163,178,131,171.4,221,31,189.8,179,273,155.1,143.1,208,247,221,75,179.3,22,236,202,244,103.9,213,74,180.3,211,202.6,124.7,290,206,184,218,150.6,13,216,163,92,169.1,189,97,106,200,190,254,162.9,168.5,134,143,142,177,194.9,117.4,91.9,128.9,140.5,126.1,140.4,140,137,132.3,210.6,218.4,196,196.5,284,187,170.7,171.3,168.5,213.7,216.8,258,292.5,138,339,200.1,237.5,108.6,120.5,242,186,96.9,115,93,244,173.2,149,123.2,128.8,137,230,222.8,357,264,320.5,331,287.8,258.9,229.3,222,259,167.8,184,233.9,221.5,175.6,171.8,160,206.7,172,117,138,108,137.3,103.9,91.5,172,173.5,119,137.8,143.6,161.5,146,152,174.9,153.8,144,174,151.4,182,145.3,186.4,146,208.7,196.4,257,167.2,194.2,98,238,50.3,31,165.5,128,183,271.5,210,140,120,95,93,75,92,171,149,101,133.1,149,136,143,175,120,93,143,123,82.3,142.1,116.4,115.5,150.4,211,110,166,94.3,103,106.4,126.4,143,124.3,103.2,87,112,97.8,74,100,117,70,115,122,94,143,95,124,81,136,155,82,90,142,72,72,57,114.8,108,84,48,62,133,188,123,53,149,100,160,138.1,105.9,25,185,152,62,114,174,78,65,107,125.8,112.6,206,124,91.5,61,86,92,117,103.7,151,23,58,103,166.2,131,88,135,107,90,80,147,203,124,47,196,70,152,231,211,212,125.8,196,126,70,94,69,73,84,111,73,127,113.2,118.2,94.5,104.5,104.6,100.9,109,109.9,128.4,108,120.3,114.6,160,145,105,115,77.2,95.4,91.5,78.7,95,115.8,122.5,120,121.1,134.7,105.1,121.5,112.5,108.6,95.3,131.8,157.3,96.7,75.4,144.7,81.4,147.4,145.8,149.8,127,102.8,97.2,115.2,137,121.7,123.3,111.6,82,247.2,200.5,273.5,193.7,215.1,289,128.5,115.9,124,115.4,103.3,124.4,97.9,109.1,86.7,117.4,150,88,151.6,135,124,156,101.5,157,208,134,129.8,141.8,135,160,146,177,230,113,119,102,150,146
1980-01-01,31,97.9,119.1,52.5,58,43.5,61.9,211,30,82.1,68.8,153,86.4,113,134,26,154,90.4,33,100,84,150.4,78,29,107.8,26,44,88.8,96.6,145,185,65,54,99.3,136,101,72,293,107.1,72,61,110.5,59,89.9,53.6,120,84,68,222,109,185,171,114,61,66.7,95.7,66,60,85.1,78,20,111,116.6,105,72.8,144,60,92.9,73.9,85.1,90.8,134.7,39.1,61.9,58.4,122,89.2,107.6,101.3,78,95,59,53,100.4,110.7,93,107.6,83.4,94.1,81.7,67,94.5,116,88,66.5,66.8,70,107,55.4,51,83,84,65,36,56.5,50.6,44,164,127.2,40.5,90,135.2,130,121.9,109,117.7,112,98,120.7,100,133.9,115,83.8,97.3,98.6,93,86,56,113,58,63.2,57.1,32.5,92.2,61,69.2,70.3,33,58.5,105,88,90.9,88.1,71,40,86.8,48,28.2,98.9,29,120.7,29,31,84.8,101,90,101,23.7,27,45,26,20,81.1,78,55,18,35,32,30,0,35,61,104,44.3,22,38,16.8,77,18,51,16.8,87,56.5,102.8,24.2,45,42.1,123,27,74,73.6,93,44.8,41.1,11,34.1,48,0,6,31.6,0.5,130,48,48,155,110,133,161,56,134,77,158,144,94,50,110,88,107,82,64.6,68,48,34,56,83,131,91,60,5,65,98,59,49,39,45,63,45,21,55,52,22,64,18,39.6,45,71,57,70,11,47,46,47.1,23,94,0,55,133.2,15,57,22,54,50,40,61,48,15,37,48,68,35,48,122,106,47.9,23,17,12,26,29,22,15,5,15,59,25.4,41.5,71.4,31.4,50.1,43.3,48.8,56.6,46.1,58.5,60.1,41,40,40,62,77.8,34.4,39.2,64.6,30.6,50.7,61.9,72.5,53.8,45,62,57,56.8,74.1,54.4,62.2,67.8,81.8,64.5,39.5,82.9,37.2,50.7,52.7,49.1,58.5,53.7,40,42.2,63.7,32.5,68.1,36.2,35.2,77.1,90,123,97.2,103.1,43,83.9,76.4,71.7,85.8,70.4,70,76.9,78.7,54.9,43.1,25,19,16.5,26.7,18,21,28,46,30,32,2,0,0,41,24,23,38,22,8,0,5,6
1980-02-01,55.7,242.5,93.6,85.5,62,116.6,127.2,67,50,97.7,86.1,173,73.8,297,37,82,33,101.6,50,102,220,125.5,34,48,103.6,38,119,113.5,116.4,66,240,30,72,96,187,46,33,39,98.3,98,47,112.3,129,101.3,70,80,149,111,204,109.4,104,112,32,48,105.6,76.2,64,178,86.3,70,51,102.5,98.7,39,96.5,119,190,112.1,152,161.3,113.8,86.7,59.8,117.5,112.7,115,91.7,104.8,111.6,90,91,30,80,131.9,126.3,90.5,112.8,94.1,94.4,82.5,68,118,60,93,64.1,101.3,141,206.5,55,14.5,149,90,64.5,29,69.7,71.5,97,142,126.7,81,98.5,137.2,55,140.5,117.4,115.7,147,126,135.3,105,139,154.7,116.3,111.8,91.9,106.5,94,54,36,60,92,73.8,96,110.9,55.5,104.8,97.7,80,86,15,126,97.2,119.2,95,40,183.3,114,167.8,130.2,121.5,141.7,71.5,64,95.1,111.2,60,46,36.3,49,64,77,131,246.7,217,111,137,84,77,81,156,126,84,141,131.8,118,130,101,200,137,92,101,41,180.2,181.1,156.2,209.7,142.5,203,160,125,140.6,91,122.5,143.3,179,138.9,108.7,195,148,145.3,204,65,93,46,110,97,130.1,140,81,143,52,147,139,96,149,106,122,136,205,135.8,202,131,89,179,250,26,209,90,176,101,199,187.4,172,152,176,144,124,138,257,139,166,169,186,110.8,190,129,128,137,104,55,117,140.6,136,82,25,125,196.1,208,185,52,110,94,126,138,261,116,51,122,105,115,146,203,127,135.2,123,133,109,202,117,151,167,152,145,148,121.7,133.9,110.2,118.4,112.1,124.8,133,111.8,119.7,141.2,130.3,124.4,167,155,142,126.5,79.1,118.8,109.2,92.9,97.2,138.3,126.9,132.1,116.8,143.3,105.2,129.6,122.8,111.5,115.6,144.2,164.6,125.7,96.8,161.8,88.7,154.7,149.6,134.6,147.2,97.4,115.3,117.8,136.1,119.3,135.3,97.2,95.3,171,212.9,297.5,190.8,225.7,281,195.3,155.1,156.7,136.8,131.9,160.1,159,158.6,125.7,125.9,139,165,70.4,68.3,143,72,117.9,119,74,82,175.4,85,0,91,101,140,102,55,139,86,76,74
1980-03-01,99.1,33,82.4,182.5,140,182.3,134.2,187,106,117.6,128.8,165,156.2,166,212,164,233,123,212,139,148,172.6,103,107,170.7,129,143,149.7,144.9,171,238,221,16,151.2,68,229,163,278,91.9,189,108,163.5,66,175.6,123.1,231,228,140,197,155.7,258,220,69,108,168.5,145,169,265,156.1,146,137,185,153.9,234,120.5,191,98,131.4,41,74,146.3,26.7,63.5,63.7,121.5,278,112.2,195.4,212.9,156,131,50,117,157,174.5,203,184.7,153.4,221.4,170.5,252,208,220.5,118,103.7,102.4,80,127.5,81.3,42,112,33,66.5,15,36.7,91.3,77,224,232.1,152,144.5,211.4,186,265.1,207.6,182.9,192,199,178.3,203,231.6,173.1,142.5,171,142.2,100.5,180.5,198,145,120,120,78,133,165.7,195.5,120.4,114.9,115,236,259,157,168.1,141.8,153,57,199.4,160,189.1,178.6,317.5,217.3,117,226.5,131.2,173.5,120,229,40.5,57,134,106,113,177.9,236,75,62,102,137,96,119,29,62,235,120.7,72,102,111.2,84,62,101,111.2,100,116.2,182.5,117,201,131.3,125,110,108,131.7,143,95.4,104.5,64,105.5,118.3,139,134,108.7,101.5,0,236,232,185,175,123,98,128,197,75,193,79,95,161,206,115,219,161,138.4,220,140,194,263,150,40,229,153,96,160,251,175.5,154,237,205,122,174,130,171,146,144,176,83,112,200,7,95,179,175,144,180,136.2,151,101,72,111,189.6,169,164,198,99,114,54,101,119,39,90,72,60,133,102,125,148,112.4,77,103,77,96.5,120,94,47,121,176,35,89.5,118.6,133.7,95.3,131,95.4,122.6,110.2,136,127.5,156.9,119.2,100,100,164,121.2,83,120.8,100.9,94.8,98.3,146.6,132,135.5,123.7,137.7,123.3,127.3,132.3,109,125.9,148.9,176.8,110.2,91,175.7,80.6,122.9,147.8,118.7,130.9,107.2,88.6,106.1,167.5,115.7,116.7,117,96.2,211.5,232,242.5,189.2,238.2,204,169.6,166.1,158.6,167.9,136.5,160.5,172,162.4,127.3,128.2,81,84,19.2,17.5,47,41,70.6,56,90,61,43.9,11,0,69,55,72,60,21,55,12,24,6
1980-04-01,30.1,10,22.5,19,190,19.5,105,86,38,65.1,123.3,56,106.3,39,209,86,92,58.7,195,77,115,130.4,46,113,64,22,42,63.6,67.5,219,50,160,149,88.8,7,36,227,188,87.2,31,101,87.4,54,95.4,71.3,46,49,68,0,119.9,160,221,22,101,77.9,89,44,85,103.5,36,104,75.8,101.5,236,53,27,8,56.1,154.7,98.4,95,52.9,47.6,54.1,51.8,80,67.5,82.7,75.2,25,183.5,60.7,26.2,90.1,71.6,29,77.2,80.5,77.5,73.7,96,94,64,46,42.8,57.1,113,65.7,33.4,12,28,61,35,26,24,40.1,30,85,103.7,71,101.5,101.6,60,104.5,85.8,76.3,43,85,87.3,71,88.9,86.8,80,80.1,69.4,51,28.5,21,49.7,58,64.5,49.3,58,74.5,47.5,58.3,58.5,79,113,39,56,46.5,69,140,90,117.5,116,86.1,72.7,60,88.3,147,44.5,64.6,83,39,36,26.7,7,104,77,86,130.2,75,83,128,147,125,107,156,92,154,98,109.1,133,76,162.3,75,128,65,162.3,24,107.3,60.5,164.8,150.5,116,103,83,77,82.6,52,87.4,140.6,196,109.4,141.6,96,79,118.6,121,30,12,40,50,46,79.5,154,61,74,65,104,104,174,48,97,12,71,72,87.8,92,37,60,52,72,65,54,55,184,77,43,107.9,88,46,50,92,108,11,92,67,109,141,78,102.5,190,45,79,138,113,168,122,29,158,22,80,116,115,97,126,152,145,80,203,138,114,120,86,129,109,107,116,103,45.8,111.3,55,83,80,100,114,143,103,155,83,101,114.5,98.7,82.4,90,126.7,95.6,100,99.3,124.8,98.3,108.5,120.7,57,105,64,88.5,68.8,88.3,70.2,80.2,73.4,87.4,85.4,97,96.3,108.9,102.8,91.2,108.7,114.7,77.4,84.1,92.9,86.6,56,108.8,78.4,107.5,90.2,97.5,93.5,81.5,88.8,121.2,85,108.9,113.7,116.4,90,124.4,142.3,0,134.1,131.1,64,108.8,103.8,98.2,101.4,79.7,96.6,99.3,106.1,63.6,106.4,107,115,44.6,52.6,132,50,91.2,57,97,64,98.5,104,0,58,95,79,86,106,183,66,0,96
1980-05-01,0,8.3,8.5,8.5,119,13.7,30.4,113,13,11.9,50.2,36,42.4,19,50,9,74,16,170,11,28,49.7,21,0,14.5,33,17,14.3,17.1,56,16,5,50,28.4,0,14,15,72,40.7,11,32,22.5,27,33.5,22.3,15,48,32,8,35,27,38,0,32,19.3,40.8,57,110,47.3,6,82,16.6,31.8,0,7.5,62,24,15.2,1.3,5,33.9,0.8,6.5,7.5,15.1,5,16.4,25.7,20.8,18,18,23.4,17.9,18.9,20.9,5,19.5,23.5,28.6,11.5,16,22,27,11,14.3,18.3,17,8,14.6,13,5,18.6,13,10,23,11,23,25,21,20,11,41.9,20,20.4,21.1,24,17,11,34,12,20.2,34.4,14.6,27.9,21.5,10,13.5,21.2,27,45,29.4,12.6,14,17.7,18,11.6,26.5,9.5,17,21,13,13.8,36.1,12,5,12.8,10,21.9,12.4,12,43.7,10,19.4,17.5,15.8,22,14,9.1,7.7,6,10.7,10,23.9,28,17,5,11,43,17,11,46,8,14,26,26,5,24.5,10,5,23,24.5,4,6.6,29.1,22,33.3,23.6,17,12,19,20.8,0,17.3,23,57,20.4,37.4,10,6,23.2,5,0,12,61,20,56,11,25,18,5,37,34,8,28,25,37,27,10,13,41.6,56,37,8,26,63,4,36,0,27,28,75,30,35,18.8,32,13,0,12,20.6,27,39,23,55,23.6,20,0,12.4,0,46,0,26,14,8,2,35,9,25.4,27,18,29,0,0,38,0,18,26.7,2,5,12,18,22,17,14,23.1,28,31,0,15.3,27,52,5,22.2,20,5,30.2,24.1,22.8,21.1,39.1,16.7,26,32.5,50,20.6,26.7,32.1,94,65,52,33.2,21.6,27.6,21.3,24.6,18.2,29.6,26.8,22.4,23.9,25.6,25.9,26.3,35.7,31.5,28.3,25.4,27.6,26.5,21.9,23.8,29.4,19.7,20.6,19.3,23,19.2,21.7,21.9,24,28.3,35.5,32.2,18.5,32.3,25.3,27.5,19.8,34.3,22,21.9,27.5,23.8,28,19.7,21.6,31.7,24.6,19.7,26.9,16,8,35.9,107.3,21,0,29.6,24,57,6,25.5,16,0,43,37,105,71.5,75,162,66,69,73
1980-06-01,3.2,9,8.6,0,4,5.5,11.6,4,0,3.7,10.5,1,7.4,0,16,0,0,4.8,5,9,4,9.8,2,0,3.8,0,5,3.9,9.1,0,16,0,10,6.7,11,5,3,0,19.4,3,0,7.3,0,6.9,6.2,0,5,10,0,8.2,0,13,0,0,5.8,7.5,5,0,7.8,0,0,3,4.7,0,2.1,2,16,5.2,16,33.9,19.9,2.2,12.9,20.4,14.3,23,17.3,17.7,17.7,16,16,22.3,19.6,19.4,22.8,9,17.7,20.4,17.2,13,14,19,9.5,10,10.6,24.6,27,57,14.1,12,15,30.2,18.6,15.3,11,15,11.6,29,22.9,19.2,16,25.5,10,22.7,13.6,16.9,13,16,20.5,17,18.5,22.8,7.6,26.6,9.6,8.5,10,10.3,3,17,18.6,5.4,10.5,12.2,7,14.1,23.2,11,11.7,14.7,14,6.3,30.3,10,15,15.7,5,31.3,16.7,14.5,33.5,10,14.5,13.3,9.6,8,5,14.9,11.5,29.5,30,33,9.6,16,16,20,5,0,10,20,11,7,0,13.5,18,26,11.5,31,20,0,11.1,16,10.4,18.8,12.4,26.6,17,25,18,25,6.2,0,8.9,16.4,17,7.9,21.4,13,17,11.8,14.5,0,4,10,9.2,3,4.9,0,27,22,0,27,0,0,8,9,24,0,0,16.5,0,0,0,0,0,0,6.7,14,0,15,17,12.3,0,11.9,22,14.7,9,0,11.4,7,8.7,11,12,8,15,59,0,0,8,0,15,11,0,0,13,5,16.9,12,8,14,5,0,18,10,19,0,13,5,12,10,16,25,0,16.9,5,20,7,14.5,28,19,13,14,16,14,15.6,19.2,10.3,16.9,24.4,12.4,18.9,9.8,17.6,13.2,13.4,22.8,11,20,15,12.1,10.6,15.1,14.8,16.5,13.1,16.3,16.9,10.5,13.2,14.2,13.5,12.3,20.2,24.4,14.7,10.9,16.6,13.8,10.1,9.9,15.7,10.9,9.4,14.3,12.3,15.4,12,13.8,16.1,15.7,19.8,25.2,19.4,17,16.8,0,11.8,17.5,24,12.2,15.2,12.1,14.3,9.1,16.4,17.7,9.3,7.6,9.6,14,10,5.8,6.1,16,5,12.4,12,10,8,10,5,0,15,12,11,22,12,13,0,15,6
1980-07-01,0,0,0,0,12,0,7.3,9,0,1.7,12.2,0,9.5,0,24,0,12,2.9,0,0,0,8.2,0,4,3.1,0,0,0.9,8.8,7,0,8,10,10.2,0,0,0,0,12.2,0,10,6.6,0,8.5,6.1,0,0,0,0,7.7,0,0,0,10,9.1,12.6,0,0,10.6,0,0,6.1,9.7,0,4.9,0,0,2.1,0,0.7,25.2,0,0,0,10.5,13.8,16.7,20.2,15,23,9.9,15.9,9.5,19,22,11.3,19,15.4,18.3,6,12.8,14.9,12.5,10.7,6.5,17.4,13,6.9,12.5,11.5,2,22.1,11,12.2,4.3,7.3,11.9,39,20.4,17.1,10.1,27.9,15.7,18.9,14.2,15,13.4,12.2,26.4,8.9,23.5,18.9,6.2,28.9,7.5,8.8,6.7,13.3,3,28,11.3,6,6.3,12.4,7.2,12.2,22.4,13.3,13.4,12.2,10.7,5.8,34.1,0,10.5,3,9.9,11.2,12.7,17.7,35.5,6,13,16.9,8.7,12.1,9.5,21,15,10.9,9.2,9,0,8.1,0,3,0,0,0,0,0,0,0,6.1,0,0,0,0,3,0,0,26,6.3,4.2,0,0,11.9,0,0,0,8.1,0,13.6,11.1,10,2.4,13.5,0,4,5.2,1.5,0,0,8,0,0,0,0,0,0,0,0,0,0,4,0,0,0,0,5.2,0,0,0,0,3.7,11,0,0,0,6,0,6,0,0,0,0,0,0,4.9,0,0,0,0,3.8,0,64,0,0,0,0,0,0,0,0,0,0,0,0,0,0,0,0,0,0,0,0,0,0,0,0,0,0,0,8.5,0,0,0,3.8,0,0,3,4.8,6,0,12.2,14.9,11.2,9.9,21.7,12.8,12.9,0,18.2,13.3,10.4,14.9,0,0,2,9.4,7.8,12.2,8.4,12.4,10.3,13.5,12.1,8.7,11.6,10.7,12.2,10.8,14.8,17.2,10.3,11.5,15,9.4,10.3,10.5,18.3,8.4,8,14.2,9.6,12.6,7.5,11.2,11.8,14.7,19.6,18.7,15.4,15.3,20.5,0,6.3,11.9,0,8.7,13.9,14.3,8,5.4,8.4,14.6,6.2,8.6,6.5,0,0,11,24.3,0,11,5.7,4,0,0,3.5,8,0,0,0,0,4,0,32,0,19,21
1980-08-01,0,0,0,0,18,2.2,8.6,9,0,3,20.3,4,21.2,0,24,0,14,4.2,25,0,0,15.3,0,16,5.7,0,3,5,5.5,22,0,16,13,13.3,0,0,57,20,14.3,2,6,11.5,27,15.5,5.6,0,3,0,0,13.9,10,8,0,6,10.2,21.3,1,0,16.4,0,3,11,17.8,35,3.8,0,0,4.7,0,0,21.4,4.4,0,0.4,11.6,14.9,19.1,20.9,16.6,24.6,1.5,16,17.4,16.3,36.3,8.6,16.7,17.6,18.1,3.5,13.8,5,2.5,4,7.9,20.9,12,5,12.9,13.1,10,24.1,14.1,14.1,4.8,7.7,13.7,39,19,7,9,28.2,5,16,12.5,12.9,11.3,14.9,26.4,5,21,19.6,6.3,30.7,7.6,7.9,1,9.8,15,28.7,16.6,1.5,2,11.4,1,9.6,18.8,3,11.4,14.3,13.7,10.2,32.8,0,9.5,8.2,11.2,14.2,14.1,16.2,32.8,11.7,12.4,18.2,11.2,16.1,11.5,18.6,14.3,9,10.1,4,0,10.1,0,0,0,0,0,0,0,0,4,5,0,0,0,0,0,0,0,0,6.2,2.9,0,0,10,0,0,0,7.3,0,8.8,10.9,0,1.5,12.7,0,0,6.4,0,0,0,0,0,0,6,0,0,2,0,5,4,0,0,2,0,8,0,13.5,0,0,4,0,3.8,0,0,0,0,3,0,6.5,0,0,0,0,0,0,1.6,0,0,0,0,4.2,0,15,0,0,0,0,0,0,0,25,2,0,0,0,0,0,0,0,0,0,0,0,0,0,0,0,0,0,0,4.4,0,0,0,5.1,0,0,0,5.3,0,0,11.1,14.4,8.3,6.8,13,12.3,11.8,0,12.6,12.7,10.1,12.8,0,0,0,8.8,4.9,11,8,11.4,9.4,15.2,9.9,8.9,10.8,10.5,11.2,11.4,14,16.9,15,6.6,14.5,8.6,8.2,8.3,13.6,8.1,7.5,14.7,9.2,13,6.7,8.6,11.7,14.9,19.2,15.2,13.6,14.4,19.6,0,8.3,12,0,5.8,10.6,14.7,7.6,4.6,10.2,13.4,7.3,5.3,4.5,0,0,0,0,0,0,5.8,0,0,0,0,0,0,0,0,0,0,0,0,0,0,0
1980-09-01,0,0,0,0,10,21.8,11.4,20,24,6.6,18.7,0,25.5,21,56,0,17,10,25,7,12,24.9,8,8,9.6,28,32,8.4,12.4,18,0,14,32,17.7,7,0,20,21,38.1,30,7,11.5,10,17.8,7,80,40,13,0,20.7,30,28,0,7,14.9,21.2,10,6,26.5,2,0,10,17.2,56,3.8,20,0,10.6,0,0,25.1,0,12,15.4,16.8,8,17.8,22.3,19.8,17.4,10,27,15,21.4,24.7,4.5,19.2,18.7,18.5,15,5,17,8,12,8.9,19.8,26,20,13.7,14,23,14,23,12.3,11.5,15,12.7,83,17.9,19,21,36.7,18.5,19,15.7,16.2,6,7,27.7,18,20.8,26.4,10,35,13.2,21,2,12.2,10,27,23.8,1.5,2,15.2,4.5,10.7,25.7,4,13,11.9,5,11.5,32.1,21,10,9,35,8.6,20.6,25.8,38.6,13,13.9,5,18,21.3,12.4,14.2,9.4,16.5,12.5,15,8.5,8,0,0,28,7,8,5,11,20,4,10.1,3,0,13.7,5,0,11,13.7,32,8.3,21,12.1,3,11.9,7,0,2,7.3,13,8.6,8,7,3.4,20.4,0,1,6.6,0,10,10,11,0,13,10,12,16,16,16,19,7,20,18,20,21,2,2,25,3,2,5,6,12.4,0,6,0,0,11,8,11.7,18,11,9,43,0,2,10.5,3,7,10,7,8.2,10,35,8.6,4,12,22,21,16,17,48,21,18,17.6,24,0,4,4,0,8,0,22,14,2,24,14,15,13,7,10,10,0,0,0,6.5,0,0,0,5.6,6,0,10,14.8,9.3,11.7,23.1,8.3,17.1,12.6,23.3,10.2,12.9,14.5,0,5,15,11.8,9.6,10.1,12.5,15.3,13.5,13.1,17.4,7.7,11.4,12.3,18.5,14.3,17.9,26.6,13.8,8.6,13.5,12.9,10.1,11.5,16.9,8.6,12,13.6,10.3,14.2,7.2,12.7,14.4,14.8,24,21.2,15.7,18.4,18.2,16,14.4,22.9,12,10.5,14.2,14.1,13.8,8.9,13.4,15.4,11.9,7.3,12.8,20,4,0,6.2,0,0,8.2,0,0,0,0,0,6,0,0,0,18,8,15,0,9,14
1980-10-01,22,84,41.9,21,28,111.4,49.7,22,35,44.7,49.2,43,45.4,25,212,37,15,45.1,54,65,48,56.9,50,43,44.3,24,66,50.3,45.5,22,50,56,30,49.8,91,30,34,19,85.1,13,53,56.2,71,48.9,42.8,155,46,50,12,40.8,20,127,40,53,43.8,42.4,36,40,46.2,46,25,44.6,47.1,18,26.6,52,24,47.4,82.7,56.5,55.9,60.1,42.1,59.1,26.8,50,38.8,62.5,58.7,58.9,68,49.6,54,61.5,68,53,58.9,49.7,68,65.5,47,93.5,56.5,78,37.8,37,90,34.5,28.4,51,33,40,54,13,22,20,23.6,42,59.8,128.5,74,74.8,85,72.9,56.8,61.7,46,63.8,66.8,112,53.1,75.8,37.5,66.1,46.3,88,47,37,53,50,42,41.5,80,59.1,52.5,39.8,41.5,24,36,58.9,52,40.9,37.8,41.4,45,15,5,37.1,37.7,42.5,75.1,32.3,34.5,55,56.2,39,30,21,8.1,83.5,40,39,77.2,68,135,57,67,126,116,23,72,59,41,88.8,126,115,59,131,57,100,59,86,62.7,62,29.8,38.4,97.1,119,117,181,46.2,65,84,118.4,77,104.7,84,40,44,81.3,35.5,15,58,22,41,46,80,51,49,43,38,45,26,78,77,56,64,32,46,64.5,37,49,23,41,78.6,38,22,41.5,72,12,72,55.6,87,28,70,46,85,76,55.4,55,50,19,52,59.1,57,30,39.4,44,42,20,49,68,46,77,84,63,47,42,41,37,49,60,32,65,68,74,48,42,91,98,114,119,146,102.5,137,88,74.9,81.8,113,82,9,67.6,74,16,77.7,79.3,45.1,86.9,92.9,90.5,68.6,68.5,71.6,58.2,50.1,98.7,56,105,11,48,41.7,51.7,50.3,59.1,58.4,58.8,64.5,63.6,67.8,95.6,78.6,60.5,69.2,71.5,54.6,52.8,54.6,56.1,34.9,53.9,70.7,76.8,70.3,79,80.9,52,84.2,86.5,54.2,87.6,80.6,78.9,72.8,80.7,87.7,82.5,67.2,79.8,130,68.6,56.9,44.7,53.8,46.9,53.9,60.8,57.1,42,88.4,59,64,32.2,72.6,23,26,41.9,20,57,22.5,26.5,31,34,40,43,58,37.5,79,150,170,62,64
1980-11-01,20.3,27.5,79.2,99,136,256.3,137.3,176,102,86.6,138.3,151,135.6,59,96,115,150,87.5,160,70,227,160.6,131,162,126.1,169,187,109.5,106.2,213,99,171,103,111,77,107,129,213,98.8,132,147,113.3,136,138.5,76.7,79,95,139,52,134.9,341,261,88,148,93.6,121.2,112,115,125.2,118,209,126.1,124.2,201,82.7,154,67,96.4,28.6,37.1,83,73.1,45.7,22,16,75,84.5,125.6,113.9,43,43,57,49.5,97.8,90.4,105.2,109.4,96.5,109.5,123,58,118.5,61,137,47.2,54,50,25,40.2,10,25,50.2,31.5,9,30,30,49.7,189,141.5,73,100.5,134.5,97,122.9,111.8,116,78,78,89.6,78,143.6,96.6,104,107.7,76.1,75,81.5,39,52,33,145,49,26,84.4,42,79.4,43,74,115,60,61,75.5,84.7,66,55,46,35,59.1,76.1,69,117,64.5,52.5,124,94.1,116,106,23.1,15.9,93.5,50,28,135.1,228,55,75,113,98,130,47,170,93,144,91.9,95,96,112.5,58,75,137,112.5,165,64.5,159.5,73.7,110.9,95.7,91,83,56,90.8,69,78.5,103.6,104,92.9,137.3,64,67,93.8,59.5,70,127,100,200,102,173,35,102,155,150,90,225,181,157,229,234,196,216,134,249,244,10,177,159.7,109,121,196,202,257,195,150.8,117,68,140,216,46,93,113.8,88,115.1,63,90,100.8,52,180,84,57,54,62,60,77,63,129,172,61,118,60,90,34,69,70,146,61,100,126,66,95,86,110,72,91,64,86,100,45,73.4,67.9,54,69,74,76.1,70,76,108.8,101.9,120.4,82.2,100.8,87.4,137.5,118.6,147.8,96.8,159,115.8,152,185,206,122.4,91.9,113.8,114.1,81.1,92.3,133.5,130.1,111.2,113.1,110.2,100.3,117.5,125.9,120.1,120.6,139.3,141.1,130.9,86.4,178.9,81.9,95.3,87.5,90,87.1,96.9,63.8,96.7,97.2,113.6,101.5,124.8,83.1,130,128.7,142,127.4,153.4,136.5,126.1,123.6,114.3,120.1,106.2,112.8,119,99.8,103.9,89.9,111,68,130.2,104.4,65,69,77.7,79,256,56,0,114,191,127,151,129,219.5,101,237,120,120,118
1980-12-01,64.6,31,123,103.5,185,50.2,130.8,44,127,101.5,106.5,18,138.6,29,56,20,47,95.9,47,66,18,138.4,141,224,125.2,24,37,90.8,91.9,70,22,227,126,111.1,20,109,73,85,102.4,30,167,123.8,243,109.6,83,298,83,154,74,132.4,195,80,80,167,97,110.5,55,10,118.8,86,35,114.1,115.9,107,76.7,26,20,93.6,103,111.8,108.5,138.9,107.5,110.4,45,114,91.6,114.6,122.6,136,110.5,172,172,144.3,125.2,176,129.8,110,129.7,194.5,169,143,57.5,71,82.7,84.6,97,71.5,59.7,166,75,65,104,88,103.8,126,70.8,143.6,166,144,86,134.7,103,146.7,125.8,132.5,203,131,119.1,143,160.1,138.4,113.7,116.2,88.3,92,158,107,194,54,19,23.5,19,111.3,93.5,91,154,110,119,118,115.5,111.7,117.1,60,42,109,185,70.2,115.1,125,161.7,33,63,96,117.2,124,114,36.6,18.5,46,37,181,175.8,126,97,122,121,101,151,77,235,216,74,136.9,161,81,187,117,122,180,187,94,132.9,117.3,166.9,222.4,142.2,146,103,141,132.6,103,111.5,141.7,195,127.2,140.9,124,68,114.3,133.5,110,37,79,103,97,51,25,50,69,59,120,107,81,84,97,86,64,103,118.5,153,195,89,175,165.9,41,70,247,74,247,167,145,107,121,165,264,244,111,144.4,187,124.5,89,80,106.9,78,153,93,88,167,92,231,99,119,334,99,139,195.7,164,85,174,0,120,177,104,218,145,114,142.3,86,246,208,146,75,135,207,137,122.7,107.6,113,94,73,101.4,164,102,120.4,130.7,92.2,111.1,128.8,139.7,154,137.6,148.2,139.7,131.5,156.5,219,220,196,106.7,88.4,121.5,98.5,102.5,101.9,113.7,134.2,131.9,129.1,141.2,125.3,137.4,126.7,134,99.8,132.8,139.1,134.4,83.6,157.8,91.6,142.6,129.8,134.6,134.1,80.4,105.8,141.8,130.8,139.2,146.3,123.2,101,186.1,197.1,244,168,218.1,185,167.1,147.2,146.1,129.9,116.9,128.3,134.2,131.3,97.2,125.3,161,132,88.3,126.5,151,75,88.9,98,93,103,0,77,133,118,0,0,126.5,143,59,103,122,140
1981-01-01,167.7,155,78.6,121,351,210.9,250,164,362,137.4,215.3,227,244.9,204,146,282,196,153.9,190,193,213,186.5,215,119,173.2,259,223,182.7,186,140,178,116,183,179.5,202,170,180,193,148.6,147,241,187.2,177,201,150,163,210,372,200,210.5,114,228,66,241,186.1,207.5,221,250,233.2,209,235,201.3,221.4,144,198,159,127,171.2,153.4,193.4,155.7,167,50.7,83.4,115,293,137.7,199.6,222.5,198,339,134,120,146.8,182.8,202,204.6,194,255.7,193,198,167.5,315,174.5,123.3,127,156,198.5,98.5,86,131,127,107.5,132,40,89.5,98.1,176,276.1,143.5,215,282.7,215,263.2,239,234,281,312,224.2,175,265.4,208.1,182,162.6,153.3,122,301,245,267,144.7,247,213,250,166.6,389.5,143.6,301,114,152,113,248.7,185.5,161,103,102,231.1,127,305.1,226.6,444.5,313.7,121,302.5,100,268.5,143.1,170,54.2,19,150,103,143,368.3,262,198,149,169,163,180,214,162,236,208,205.7,236,217,312.3,110,149,152,312.3,195,330.7,211.6,256.3,302.4,210,260,206,141,155.2,197,191.3,181.4,198,205.8,242.1,176,192,207.3,218,140,143,187,202,180,155,145,176,330,184,120,122,117,201,100,106,186,137,194.8,343,217,86,205,279.5,51,166,125,270,190,249.2,228.7,215.6,232,290,197.5,170,371,228.5,252,203.1,272,356,155,245,6,170.8,260,276,208,269,347,201.7,64,179,270,203.4,356,425,235,280,250,246,410,332,284,329,204.1,179,213,200.4,260,114.8,235.3,266,197,158.8,163.3,338,196,109,212.9,167,153,155.2,183.2,156.9,155.2,242.9,177.2,188.1,173.2,237.1,197.1,247.3,230.2,228,265,251,160.9,122.6,174,150.7,164.5,173.6,189.4,174,185.2,186.7,178.4,166.7,170.7,225.7,201.4,199.7,207.3,271.5,175.1,126.4,204,162.8,203,190.3,195.4,166.9,146.1,129.2,203.9,225.4,178.9,211.8,201.5,178,361,326.9,319.5,288.8,312.5,389.3,188.9,173.5,185.7,154.4,148.6,200.2,204.3,181.5,143.5,214,189,227,167.4,43.1,103,150,141.9,136,108,140,0,37,91,145,113,112,180,153,107,68,32,42
1981-02-01,59.3,34,26.1,22.5,230,148.3,159.6,215,74,117.4,202.7,119,185.7,177,271,170,206,133,242,86,135,167.8,186,154,186.6,79,84,190.9,134,318,47,394,197,159.4,105,106,257,248,114.3,100,186,169.6,207,191.7,113,357,371,128,102,175.4,165,204,75,186,152.5,200,252,113,195.1,181,124,168.1,188.4,187,125,197,98,146.8,21.4,14,147.6,29.2,52.4,108.6,316,153,115.6,203,220.3,125,97,191,65,177.7,160.8,132.5,194.9,155.2,203.2,195,173,218.8,96.5,143,117.8,117.5,85,113,86.2,117,118,102,169.5,85,66,51,79.5,265,223.3,263,296.5,241.2,145,252.4,224.3,219.3,264,322,166.6,301,228.6,201.3,137.6,176.2,146.9,145.5,103,82,64,129.7,145.5,27,31,133.6,148.6,120.3,28,45,152.5,135,158.2,64,136.7,145,89,196.8,100,380.9,186.6,211.5,211.8,136.8,215.5,176,233,121.2,133,53.9,36,109.5,81,89,69,284,33,74,23,85,48,35,173,169,142,86.2,28,82,120,33,74,34,120,115,157,173.8,75.5,142.4,108.7,95,76,51,111.4,54,54,75.8,50,65.7,121.7,68,47,62.6,35.5,100,240,237,70,158,286,62,211,144,129,164,84,223,189,184,246,104,93,143.2,91,239,74,135,182.1,109,95,77,220,201,175.8,163.7,210,129.1,180,132.3,73,94,132.9,76,125.6,130,158,94.9,127,150,108.1,71,110,134,136,64,123,79,260,300,151.4,107,100,114,100,100,97,130,106,73,74,97.1,66,30,45,95,104,80.7,54,45,47.2,60.4,81,35,52.3,58.4,33,100,61.6,92.2,140.2,56.8,98.2,69.6,140.1,108.8,185.7,101.9,162.1,85.6,90,112,168,144.2,95.7,125.4,113.3,78.7,85.2,131.6,131.4,116.4,128.6,110.6,104.2,122.5,144.2,118.1,120.8,139.3,223.6,107,88.6,183.7,72.8,105,112.6,98,87.4,94.2,61.5,74.4,130.5,104.7,97.3,111.7,65.1,186.2,177.4,77,140.4,171.4,80,144.4,133.1,133.6,136.6,118.8,134.4,137.3,136.1,106.4,82.7,170,154,29.1,6.5,65,38,65.1,52,28,48,40,55,85,36,84,39,70,38,81,75,23,23
1981-03-01,83.8,109.3,35.4,84,40,67.4,77.8,130,12,91.8,74.7,18,89,62,153,86,104,89.5,100,82,171,134.6,43,98,94,56,137,91,132,119,11,237,51,95.8,65,83,159,302,104,13,98,119,93,94.2,30,143,71,33,22,106.4,129,105,50,108,88.3,86.5,98,54,99.4,70,63,101.4,111.5,94,66.4,33,30,103.1,78,107.9,90.2,106.6,51.8,77.6,205,85,76.6,100.6,85.6,69,85,112,83,100.8,94.8,119,94.9,87.4,91.6,152,33,122,169.5,118,58.6,72,5,134.5,49.3,46,73,144,13.5,20,61,78,48.8,151,121.2,125.7,89,108.9,88,110.6,121.9,107.5,99,68,119.5,110,127.2,117.1,89.5,99.2,74.5,107.8,56.5,43,75,104,16,69,51,84.5,70.5,74.5,117.5,33,56.5,75,92.3,81.1,92.2,47,18,101.2,52,70,85.5,197,119.2,10,98,77,137,84.3,83,30.1,75,38,33,55,162,92,75,31,118,62,57,25,76,141,44,96.7,136,89,96.2,119,31,83,96.2,105,93.3,45.4,70.8,90.4,125.9,134,94,86,87.6,99,99.8,109.9,77,108.5,90.8,33,24,66.3,29,180,26,56,65,90,89,53,61,68,47,95,65,59,107,65,91,44,70,74.3,64,8,42,52,112.1,39,76,79,114,55,68,97,82.1,89,89,86,73,17,103.2,48,102,93,75,81.8,143,82,145,123,93,84,108,101,175,142,38,125,128,184,145,133,100,80,78,131,138,115,91,93.5,184,197,178,134,80,109,77,90,64.5,80.5,30,90,40,64.1,50,79,72.6,116.7,68.8,90.1,94.7,91.6,89.1,85.2,74.8,95.8,92.1,119,57,57,95,68.8,57.4,65.7,67.1,70.8,66.5,75.4,83.3,92.1,94.3,117.1,89.3,95.6,81.4,96.7,60.9,84,80.7,64.9,43,90.2,63.2,107,98.4,111,114.2,70.3,81.8,93.8,90.2,97.9,111.8,98.9,77.2,170.8,179.4,89.6,147.2,166.2,211,123.1,101.6,111,102.8,83.6,96.6,101,106.4,69.6,88.7,209,93,164.6,53.4,95,0,65.6,97,40,50,75,0,45,73,73,67,64,109,75,140,43,36
1981-04-01,33.9,50.8,76.3,51.5,35,50.4,131.5,59,34,92.9,95.2,55,82.1,39,64,46,54,91.3,47,98,60,107.1,108,65,102.2,83,62,91.1,62,87,53,58,74,86.7,53,127,44,70,113.6,111,28,114.3,88,86.5,81,126,70,168,49,104.9,95,87,88,28,83.8,80.5,76,73,94.5,118,29,101.8,90.4,87,95.4,43,0,89.2,74.8,75.1,104.7,48.3,32.7,41.3,265,146,82.4,125.2,121.8,138,138.5,191,194,127.4,133.6,213,111.2,93.8,115.1,134,93,168,149.5,119,49,65.1,62.7,42.5,42,63,45,66,48.2,55.9,49,82,65.1,274,143.5,136,178.5,132,94,141.3,129.5,127.1,175,152,103,130,138.2,143.9,118.6,102.4,87.1,76.1,143.5,86,43,88.7,113,49,41,104.4,92.4,84.1,77.5,58,60,213,128,102.9,107.5,72,43,129.9,120,135.4,129.2,236,167.6,25,155.5,88,159,111,127,40.1,16.6,51,42,46,140.6,258,114,150,126,199,112,206,227,83,148,144.9,235,160,149.6,123,150,78,149.6,35,69.6,91.7,263.5,199.8,142.6,90,226,109,99.2,76,119.6,165.9,120,145.8,166.8,162,153,139.3,183,50,26,58,72,100,57,37,39,130,0,125,41,115,43,60,57,186,53,125.4,186,131,120,160,171.2,98,142,178,141,107,255,147.4,304,257,230,102,205,147,175.9,255,39,236,236,117,147,110,53,47,154,86,153,197,136,56,178,57,149.1,109,103,107,106,40,119,106,59,142,38,149.4,160,70,150.7,89,92,151.7,144,182,152.9,139.1,173,134,126.9,118.3,141,190,138,139.8,88.3,117.7,177.2,143.1,131.4,147.5,174.8,119.6,142.5,158.1,240,265,104,112.3,80,110.5,106.4,110.9,103.7,149.7,126.7,128.3,122.9,137,135.8,140.9,145.7,162.8,115.9,147.5,151.2,134.7,79.8,157.1,106.1,135.6,120.1,135.6,129.2,82.6,109.5,143.5,131.1,140.4,155.2,138.9,119.4,173.6,181.6,75,143.3,167.3,117,144.4,135.9,133,125.9,115.1,131.1,133.8,128.6,97.6,142.2,198,70,62.4,93.7,161,100,120.7,117,81,91,129,99,48,80,125,88,111,60,77,85,83,86
1981-05-01,8.5,2,4.2,0,52,11.4,43.8,78,0,14.2,58.9,19,62.7,38,124,13,60,21.7,73,20,50,59.9,4,44,25.4,8,22,17.8,10,105,19,70,66,47.1,10,29,66,62,54.3,20,40,37.2,88,64.2,42,18,40,71,5,52.8,80,66,22,40,27.8,57,74,76,54.1,1,93,29.1,45.1,86,19.6,22,19,12.3,6.7,10.6,32.4,0.2,0,0.5,13,15,19.2,34.3,25.8,7,18.9,12,25,31.4,24.5,23,24.9,21.4,35,6,6,5,12.5,5,13.9,28.2,14.8,1,18.1,15.2,3,5,15.5,14,9.8,10,14.5,34.3,29.5,6,16,53.9,11,27.6,34.6,26.8,23,19,37.1,8,35.3,42.5,18.8,41.2,28.2,2,9,23.7,18,30.6,11.5,14.2,20.4,21.5,5,13.1,25.3,16,21.1,22.5,27.8,19.1,32.4,15.2,15.3,6.4,11,15.7,20.9,25.5,45.3,14.5,37.5,22,27.5,29.5,29,10.8,10.3,13.7,11.9,18,0,39,0,2,0,7,3,0,45,2,4,18.2,0,0,30.2,14,2,0,30.2,65,11.7,58.3,73,38.4,21.1,0,0,0,14.1,0,18.1,20.1,10,17.9,56.4,0,0,13.8,0,20,25,42,22.3,19,11,22,17,48,130,10,0,30,24,23,61,0,14,37.6,15,0,3,0,38.9,4,5,6,27,70,30,26.1,32,16.6,40,54,0,10,25.1,16,23,28,50,23.5,6,10,10.8,8,30,9,16,53,18,10,42,0,23.8,0,5,20,0,0,107,0,2,30,0,16.9,15.2,0,21,0,4,24,0,0,10.8,11.6,0,6,25,14.8,3,18,23.3,24.8,31.8,17.3,49.6,19.6,25.6,34.2,58,25.1,33.4,27.5,24,30,26,33,23.7,22.6,28.1,24.4,22.8,37,34.6,24.9,23.6,22.6,29.3,24.3,37,39.1,25.8,26.4,22.6,31.2,25.8,30.1,25.8,16.5,22.9,18.3,22.5,18,12.6,19.6,27.8,35,40,32.9,18.5,31.1,26.8,14,21.8,32.3,12,19.5,23.8,19.1,20.7,14.9,23.5,27.7,22.1,18.2,23.2,35,0,55.3,67.1,9,14,17,40,17,31,2,0,28,49,58,65,36,40,49,63,65,71
1981-06-01,0,0,0,0,0,1.7,6.9,1,0,2.5,14.1,0,9.7,0,15,0,0,3,0,0,0,8.5,1,0,5.7,0,1,1.9,0,35,0,0,0,5.6,0,0,0,0,13,0,0,6.4,0,11.4,0,0,0,0,0,6.1,7,0,0,0,4.1,8.5,0,0,7.5,0,0,7,9.7,0,2.3,0,0,1.5,1,0,22.2,0,0,0,9,8,16.1,21.9,12.7,12.5,8.8,13.8,2,20,25.6,8.2,17.6,18.3,15.9,2,13,4,13.3,6.6,6.3,18.1,12.6,8.6,12.7,11,2,28,10.1,11.2,4.4,7.4,13.5,18.7,18.8,16.4,7.5,22,19.3,12.5,13.2,11.5,11.4,10.4,23.6,12,18.9,21.5,7.6,26.7,8.6,5.4,7,9.7,13,22.7,10.1,5.9,7.7,10.8,14.4,12.7,20.9,14,11.3,14.2,13.5,6.6,34,7,12.3,11.7,8.2,5.7,12,8.5,29.3,9.6,4.5,15.7,1,11,10,20,14.1,10,8.6,6,0,9.2,0,0,0,0,0,0,0,0,0,6.5,0,0,0,0,0,0,0,0,6.7,0,1.8,0.8,13.2,0,0,0,6.4,0,5.7,11.8,15,4.3,12,0,0,5.8,0,0,10,9.3,4.2,0,3.1,2.5,0,0,0,9,1.1,2,15,15,13,0,0,7.8,0,0,0,0,3,4,3.2,0,0,0,0,9.2,0.6,5.8,0,6.9,0,4.6,5.6,0,7.5,0,1.1,6.6,2,15.6,1.5,0,0,0,0,0,1.3,0,6,0,3.1,0,7,10,0,0,10,0,9.1,0,0,5.4,5.1,5,5.7,0,0,8.8,5.4,2,3.2,6.4,20,20,18,8.2,0,0,12.7,12.7,9.6,8.5,15.7,9.6,16.9,5.6,15.7,11.5,10.2,15.4,4,0,0,11.3,8.1,12,7.7,12.2,9.4,11.4,8,7.7,9,11.8,12.5,12.2,12.2,14.2,11.4,7.9,14,8.9,10.5,7.8,16.8,9.3,9.5,15.1,7.7,13.1,7.7,10.5,9.6,13.2,15.5,16.3,13,19.8,23.2,7.5,7.7,11.6,0,7.7,10.2,12.6,10.1,7.2,10.8,13.3,6.8,8.2,4.6,17,0,25.6,15.3,0,0,8.8,0,15,0,0,15,17,8,10,13,0,23,25,25,24,18
1981-07-01,5,0,0.9,8.5,13,1.5,7.2,12,0,3.4,16.5,0,8.3,0,13,0,0,2.6,12,1,0,8.6,10,12,2.5,0,1,2,1,11,0,8,10,7.1,0,0,8,21,15.1,0,0,9.7,0,9.4,2,0,0,9,0,11.3,0,2,0,0,7.4,9.2,5,0,12,7,0,7.9,8.8,13,2.8,0,0,1.9,3.7,1.5,23.5,3.4,6.7,16.4,12.8,16.4,17.7,21.9,16.9,13,11,16.1,10,17.6,15.4,7,12,17.6,14.3,5,10.8,10,14,8.6,9,21.6,15,2.5,11.8,20,4,21,25,18,6,5,15.2,20.7,22.7,8,4.5,26,12,15.6,11.5,13.3,7,5,25.4,7,17.9,23,5.5,29.6,8,6,9.4,9.5,10.8,23.9,13.2,6.9,8.6,12.4,8,11,22,12.6,11.9,13,13.9,11.3,30.7,10,15,10,10,3.1,13.2,3.5,26.5,12,0.6,13.8,6.5,12.8,10.8,19.2,12.4,18,25,21,12,12.3,0,3,5,0,0,0,7,1,0,7.3,0,0,0,0,3,0,0,0,6.6,1.9,1.7,1.4,12.1,4,1,0,6.6,0,7.5,11.1,12,2.4,18.4,0,0,7.5,0.5,0,0,0,0,0,0,0,0,0,0,2,0,0,2,0,1,2,0,10.5,0,0,0,0,7.2,4,0,0,0,3,6,6.8,0,8,3,11,0,9,3.1,0,0,2,0,5.1,27,0,0,0,0,0,3,0,0,0,11,0,9.4,0,5,5,10,0,22,9,7,8.8,7,5.3,0,6,15,4,0,18,5,3,2.2,7.5,0,0,0,5.1,1,4,12.5,16.1,11.3,11.5,24.9,10.6,16,8.4,16.2,13.3,12.1,16,0,5,0,9.5,9.2,13.6,8.1,15.4,10.1,12,11.4,6.8,13.2,10.3,13.5,10,17.1,18.9,15.8,7.6,16,9.9,9.7,8.7,16.9,8.9,8.6,13.6,9.3,14,9.1,11,12.9,14.4,16.4,24,15.9,16.2,20.1,10,6.8,13.8,16,10.5,14.3,12.8,10.3,6.2,11.1,13.8,6.4,6.2,5.6,0,7,2,5.1,0,0,7.1,0,0,5,2,3,6,6,14,5,14,7,7,7,0,3
1981-08-01,23.6,6.8,8.4,0,2,2,5.3,16,0,4.4,19.9,3,23.5,5,0,0,121,5.9,0,5,0,20.6,7,15,8.5,0,1,8.4,0,12,7,33,0,21.6,3,5,24,22,21.3,10,20,11.8,7,18,7,2,2,12,1,20.1,17,9,10,20,9.3,22,0,0,18.7,4,5,8.9,18.1,13,2.8,2,0,3.6,7.3,8.7,19.6,2.4,7.7,10.2,16,33,22.2,25.1,15.8,20,23,24,16,17.7,51.4,17,16.8,18,22.4,27,24,27,29,20.4,8.3,25.3,19,8,15.2,17,8,26,13.7,16.8,7,12,16.6,24,20.3,25,31.5,26.6,24,25.8,17.1,21.5,26,25,34.9,24,20.6,26.6,8,35.9,14.2,11,12,10,14.5,23,13.1,8.5,11.9,14.8,15,11.4,20,14,15,22,14,9.5,32,14,5,15,7,15.9,22,23.5,29.3,2.5,20,10,16.5,21.6,5,16.4,14.4,6,6,5,0,7,0,0,0,0,0,0,0,0,0,4.4,0,1,0,0,0,0,0,0,7.8,7.4,0.6,1.6,10.3,0,0,0,6.6,0,9.4,8.2,0,2.1,12.8,0,0,4.5,0,0,6,9,0,0,0,0,0,2,0,6,3,5,2,3,2,0,0,6.2,0,0,0,0,7.1,2,0,0,0,0,0,7,0,10.3,10,0,0,0,5.4,0,0,0,0,6,2,0,0,0,0,0,3,0,0,0,0,0,10.7,0,0,0,0,0,0,0,0,0,0,5.8,0,0,0,0,0,15.4,0,0,3.3,3.5,0,0,0,4.1,0,0,10.6,12.9,7.8,6.9,15.6,10.8,13,6.6,10.8,10.5,9.4,13.3,0,0,0,9.7,6,7.6,11,12.7,8.4,13.3,13.1,7.9,9.4,12.5,13.3,9,18.4,16.2,14.2,8.7,10.1,8.1,8.1,7.8,13.3,10.2,7.4,16.8,8.9,14.5,6.9,9.4,12.5,13.9,17.5,16.1,13.7,13,18.8,12,6.4,11.4,4,5.4,9.7,17.4,6.6,5.3,8.2,12.8,5.4,5.2,4.6,0,0,4,0.4,0,0,8,0,0,1,0,0,0,0,0,0,0,0,5,0,0,1
1981-09-01,11,3.8,9.9,0,11,0.7,8.3,11,0,3.3,9.9,0,11,0,17,0,5,4.9,0,0,0,9.6,4,0,5.3,0,2,2,0,18,1,0,0,11.7,0,0,21,0,10.5,0,0,7.4,0,9,1,0,0,7,4,9.9,7,0,0,0,6.8,9.1,0,0,8.2,2,0,5,15.5,10,3.3,6,0,3.7,11.4,15.5,25.7,2.5,3.5,6.4,10,5,17.1,21.8,14,19.9,2.5,4,17.7,15.8,15.9,12.5,13.1,22.3,13.8,5,16.5,10,24,23,7.3,19.3,10.5,7.5,13.7,7,10,7,11.5,13.3,4.5,5,12,14.4,20.8,11,12.1,26.1,5,14.6,11.5,14.8,6,6,21.7,8,21.8,18.2,5.5,27.4,9.4,2.5,8.2,13.2,10,12.6,1,5.8,8.6,9.8,12.7,11.2,20.6,14.9,12.4,12.8,14.2,8.4,33.8,8,11,4,3,6.5,6,15.4,24.8,10,2,15.3,5,10.5,10.3,17.8,13.8,17,15,50,7.5,19,5,4,5,7,5,7,0,6,0,9,4,5,5.7,8,4,8,5.7,0,9.4,0,3.3,5.1,12.6,15,2,9,6.5,0,9.3,17.4,17,4,11.6,9,8,9.7,10.5,5,0,0,0,0,0,0,0,0,0,0,0,0,4,0,0,0,0,6.2,0,0,0,0,7.4,43,0,0,4,0,20,8.1,0,30,8,0,0,0,4.4,0,0,3,3,6.8,0,12,3,0,0,0,6,0,0,67,3,0,16,0,0,0,4,4,0,6,10,0,5,5.2,8,9,22,15,5,28,4,4,5.3,7.7,12,8,10,10.4,24,0,14.5,15.5,10.5,11.4,20.7,10.8,14.4,6.5,10.2,10.9,9.9,14.1,0,0,0,9.1,7.2,10.3,7.7,11.2,10.3,14.5,11.1,6.6,8.9,11.9,11.2,9.2,11.4,14.7,10.7,8.8,13.8,7.7,9.1,7.3,15.6,10.9,8,15.1,8.8,14,8.2,11.2,16.4,10.4,15.7,19.3,15.7,17.3,22.5,12,9.1,14.7,10,9.5,12.8,14.1,8.6,7.1,7.7,15.9,7.8,5.3,6.1,0,5,2.5,14.4,4,5,9,4,10,7,5,0,0,3,20,16,0,6,35,16,25,27
1981-10-01,18.6,14,25.5,142.5,16,5.8,40.5,12,0,36.2,33.8,15,32,3,11,15,11,48,4,73,0,45.5,29,23,43.6,9,7,36.8,7,9,100,14,42,39.2,65,63,10,0,79.3,95,26,47.1,19,45.4,46,7,56,5,12,34.2,27,21,48,25,34.3,36.3,85,2,39.3,26,5,45.6,43.3,0,27.7,15,80,32.2,28,26.2,57.4,48.6,25,54.7,30,49,42.8,52.2,65.7,39,44,78,62,56.5,55.9,17.5,56.9,50.6,25,46.5,105,46,20,54,32.9,37.1,26.5,36,26.2,56,43,36,7,17,2.5,39,23.4,89,63,25,86,76.8,48,71,61.1,56.3,124,101,64.3,62,56.1,66.5,19,61.7,119,39,17,41.1,30,43.5,40.9,5,8,48.4,11,37.5,28,18,73,23,102,39.5,46.2,32.1,38,33.5,35,38,14,25,72.9,38,41,48,54,55.9,63,13.6,6.8,18,51,55,65.3,65,42,56,106,64,120,43,52,75,26,62.9,29,34,85.5,43,56,73,85.5,70,38.2,82.6,63.3,67.5,64.2,77,62,70,49.4,73,52.3,52.6,87,46,69.3,63,19,49.7,35.5,33,67,83,8,31,33,38,72,24,0,19,14,30,42,28,20,35,25,45.2,15,21,42,58,64.1,22,60,90,39,40,47,53.1,95,43.9,63,16,54,42,64.4,55,64,47,69,49.3,72,62,62,82,48,48,64,45,49,68,82,63,104.5,81,66,45,62,19,87,80,89,85,33,48.6,75,64,104,76,108,80,44,35,39,45,9,23,57,47.1,42,46,50.2,65,34.6,51.3,67,54.2,59.6,69.2,54.8,64.8,45.3,68.5,41,43,50,41.7,34.4,39.9,38.9,30.9,41.6,57.3,65.1,59.3,64.4,71.5,70.8,62.6,64.2,67.4,37.2,40.4,28.7,39.1,31.8,55.7,55.3,55.1,54.8,56.7,64,54,59.4,66.6,45.6,71.3,72.7,58.2,51.1,77.4,86.1,95.5,83.8,94.3,102.5,74.9,62.4,57.5,64.2,51.1,59.5,68,67.6,41.7,73.8,70,38,40.5,29.2,77,82,60.8,111,76,122.5,91,0,72,68,96,25,81,63,106,36.5,36.5,43
1981-11-01,15.5,74.8,24,24,96,125.6,125.3,132,51,64.6,93.3,75,93.5,65,75,74,56,81.4,233,83,88,121.3,91,56,79.6,79,145,86,92,68,155,96,63,85.7,62,59,82,77,92.3,75,98,108.8,121,88.9,76,71,172,107,56,118,106,193,39,93,87.5,97.6,122,73,93.2,92,148,96.8,84.8,95,62,85,56,86.9,122.8,188.5,83.8,147.5,41.3,78.7,6,134,69.8,87.5,96.4,73.9,94,63.5,20,95.2,90.9,87,94,81.3,85.1,123,83,157.5,91.5,118,35.1,17,20,38.5,8,15,39,45,62.5,30,59,58,48.7,92,121.5,111.5,73,121,116,104.4,103.1,101.8,129,110,95.7,145,109.8,84.2,144,83,94,47.5,69,71,25,58.5,91.5,45.5,54,90.5,105.5,74.5,50.5,32,64,70,90,72.8,76.8,26,45,47.9,26,92.3,75,81,107.9,44.6,37,46,32.5,88.5,59,25.2,9.4,40,46,99,140,155,157,142,143,182,144,154,149,172,94,158.1,145,180,146.1,155,142,133,146.1,163,112.2,103.1,119.5,153.3,128.6,167,179,204,77.6,142,119.1,165.8,182,136.4,155.4,153,151,149.5,129,190,45,117,84,79,83,114,64,104,42,141,86,115,100,90,112,66,89,116.3,104,91,69,114,133.2,108,80,50,176,114,44,122.6,73,105,213,165,51,56,134.7,96,135,131,155,103.4,128,165,48,80,118,113,124,90,104,94,138,32,151.1,140,120,121,110,112,84,92,196,144,49,147.6,68,129,138,166,164,111.3,226,122,142.4,133.4,107,92,74,128.8,144,116,157.7,131.7,82.6,128.3,165.4,126.2,138.6,127.4,128.8,97.9,135.9,138.1,112,90,106,100.2,82.9,108.6,108.2,93.7,103.4,114.8,115.4,121.9,120.1,131.7,111.7,119.2,111.1,127,84.9,124.1,94.8,117.8,72.7,152.6,102.2,139,103.8,137.5,112,89.5,122.7,135.8,100.5,118.1,137.7,125.6,109.4,146.2,152.1,170,152.3,154.6,136,117,104.6,107,94.4,85.6,112.7,113,97,70.8,131.4,163,111,192.3,129.5,108,172,154.1,146,254,170,116,0,237,246,236,213,277,133,226,189.5,136,87
1981-12-01,72.9,66.5,39.4,28.5,86,50.1,116.3,30,41,48,102,30,95.8,0,159,25,72,46.2,120,105,33,86.6,65,41,34.4,57,38,41.6,66,181,97,95,271,55.2,52,13,155,106,103,31,108,45.6,0,60.4,81,32,23,107,106,85.1,115,94,10,118,67.9,71.6,28,31,99.2,48,106,38,57.8,71,37.7,2,60,47.6,57.4,69.6,81,62.3,63.8,50.9,30,25,50.4,59.3,56.9,16,23,52,50,85.3,63.2,43,53.9,67.7,45.1,39,84,64,26,28,42,29,50,34.5,21,44,41,93,34,38.7,41,33,33,68.5,71.2,57,42.5,76.8,39,62.4,71.1,52.7,56,48,76.9,61,63.3,77.3,9,74.7,63,32,40,55,41.9,50.9,28,46.5,22,70,65,40,69.5,14,50.4,50,86,53.2,61.4,41,20,33.2,14,65.7,69,55,79.5,41.9,58.5,5,49,60.1,13,29,13.1,34,47,28,184.8,99,44,135,161,100,144,117,133,124,59,126.4,95,101,132,24,135,201,132,106,66,52.8,112.4,74.1,121.8,298,107,94,67.7,30,110.8,135.4,86,130.6,156.7,111,115,109.1,100.5,100,112,87,43,64,24,92,34,37,63,94,62,73,86,89,88,30,76,92.5,188,120,65,35,113.8,100,44,44,99,157,107,113,67.4,93.2,138,177,27,89,107.5,86,77,102,82,101.8,112,200,86,81,71,45,55,69,119,72,149,29,138.4,150,60,219,50,71,166,112,109,132,81,122.5,245,206,228,298,188,130.4,87,81,100.8,101.9,102,150,76,98.9,137,31,113,115.4,82.2,112.2,132.1,102.6,124.7,125.4,139.5,109.3,121.8,136.5,99,105,146,102.8,67.7,76.9,70,81.8,78.5,99.3,104.9,109.2,107,122.7,110.6,102.4,103.9,139.1,87.1,94.8,97,101.6,49.4,121.5,81.7,112,105.7,102.7,109.1,74.9,90.8,109.8,92.5,120.9,121.8,122.5,107,142.9,145.7,279,137.7,159.9,177,110.6,89.6,90.5,92.3,74.3,82,91.5,93.4,67.1,100.4,106,78,77.6,44.6,92,0,86.3,99,134,92,103,0,68,132,174,118,157,86,173,0,77,66
1982-01-01,81.9,36.9,128.3,75.5,104,68.2,54,168,94,76.4,99.3,44,93.5,50,105,97,98,71.9,55,115,106,127.6,119,98,61.6,21,105,88.2,64,27,66,125,66,91,80,37,100,127,92.8,73,135,84.7,110.1,99.9,87,159,83,56,156,82.4,81,215,63,135,73,89.7,75,74,105.1,98,131,78.9,104.5,154,61.8,97,68,72.6,69.7,55.9,123.7,101.4,53.5,46.2,132,45,71,85.8,79.1,56,57.5,84.5,78,104.1,56,81,69.4,91.5,40,58,15,104,44,134,64.4,70,74.5,133.5,43.5,27,121,78,101,41,57,31,62.4,95,114.8,120,100.5,109.9,114,100.5,94.9,79.8,44,21,109.6,14,114.7,134.9,64.6,97.7,48,116,21,10,80.9,79.2,49.5,57,73,86.1,32,86.2,70.2,32,49,92.8,104.1,26.5,94.4,102,72,153.2,94,152.3,52,109.5,116.5,50.7,79,45,67.8,69.3,47,29.6,8,59,52,71,62.9,111,69,176,76,114,67,158,55,90,97,92.1,86,60,50.5,61,176,31,50.5,84,63.7,157.4,82.9,99.3,112.5,57,85,62,101.3,102,69.2,123.2,98,102.8,97.3,180,114,142.7,153.5,200,138,83,98,187,145,111,87,154,135,203,117,172,92,128,126,162,185,105.8,128,98,292,235,142.5,18,170,146,186,91,165,130.2,150,139,156,112,147,45,107.6,93,95.2,100,60,89.8,122,190,106,82,86,36,95,70,65,66,78,66,119.2,22,109,117,60,53,81,71,78,63,70,92.2,70,75,121.2,220,86,106.4,75,117,92,97.7,160,141,183,117,123.2,123,133.7,100.8,113.1,78.3,94.7,93.6,102.4,84,115,96.6,136.2,101.8,49,55,66,119,68.7,95.7,109.2,73.7,88.2,102.8,117.5,97.3,94.1,100.8,94.6,108.8,112.5,105.3,89.7,123.6,90.8,115.5,79.6,163.3,63.7,99.6,95.8,101.3,93.4,93.5,81.5,93.4,99.1,102.7,103.1,93.1,74,125.9,139.5,122,118,145.2,35,132.8,134.5,131.6,142.7,123.1,120.1,135.1,123.8,98.8,92.4,84,67,68.1,85.4,117,93,102.9,105,142,85,85.5,70,122,144,112,71,173,99,112,76,65,73
1982-02-01,84.5,62,99.5,67,113,62.3,52,194,35,90.4,94.7,92,109.5,82,116,81,79,83.6,109,73,102,141.6,73,151,102.5,112,91,85.5,82,70,143,110,133,99.1,107,92,214,122,76.6,33,134,122.4,120.8,103.4,92,63,150,143,50,117.6,138,115,83,134,92,105.5,122,142,111.6,45,83,107.6,107.7,110,71.5,93,8,86.9,73.3,49.3,88.5,122.4,13.5,26,41,83,72.7,95.6,102.8,76,69,126,98,103.1,76,64.5,104.7,85.2,94.9,166.5,63,207.5,94,92,52.5,49,54,49,33.6,48.2,39,61,36,25,11.5,26.5,49.8,138,134.8,204,115,116.3,136,108.9,116.1,112.6,163,137,112.7,125.5,145.1,100,113.7,92.9,52,100,56,69,59,36.5,94,75,108,90.5,109,78.8,38,82,56,28,59,75,90,39,47,58.4,43,114.3,32,116.1,136,41.5,18.8,49,57.2,83.3,92,34,6.5,29,21,140,109.6,121,83,112,74,120,92,85,70,72,55,129.9,115,80,62.1,175,112,48,62.1,88,105.6,123.7,77,83.5,130.5,194,141,86,86.9,166,92.2,140.7,145,124.6,116.3,99,94,117.1,111.5,70,132,119,75,90,98,121,58,105,109,81,66,99,86,99,82,56,59,95.2,101,82,22,108,115.2,186,64,66,114,101,146,98.7,130,118,107,75,58,77,103.5,63,80,96,88,90.3,112,260,149,80,84,103,150,66,80,103,53,121,128.6,115,100,120,82,88,85,109,127,99,83,102.8,89,86,144.6,94,125,84,120,163,97.8,92.9,60,84,90,85.8,130,72,113.4,121.1,86.5,107.9,133.9,105.6,90.6,96.4,112.5,95,107.7,122,76,65,76,102,59.7,80,80.1,81.9,81.5,87.4,96.9,108.7,93,104.5,102.4,99.8,100.7,89.5,77.2,104,100.6,89.2,67.4,121.9,80.7,120.1,105.1,117.1,103.2,74.8,96.6,119.8,85.3,118.3,117.2,103.2,84.2,138.4,144.8,167,140.3,148.5,191,118.1,113.5,111.2,104.2,85.4,98.7,112.3,107.5,66.3,106.6,88,66,35.5,63,80,87,75.7,97,67,67,67,132,54,83,23,70,101,93,144,67,41,46
1982-03-01,31.3,168.9,83.6,64,51,194.3,99,76,359,133.1,74.2,54,80.9,149,48,218,33,148.4,50,111,70,137.8,195,35,178.6,218,221,163.5,176,45,213,34,45,126.4,151,141,37,20,102.2,47,35,141.4,136.5,126.3,18,339,20,21,313,104.9,62,65,210,35,81,100.4,6,169,126.2,200,68,149.4,129.8,45,148.7,39,135,162.1,86.2,97.1,145.3,101.5,91,63.1,122,186,116.9,207.3,194.4,155,194.5,115,258,170.6,141,144,184.8,163.2,173.6,181.5,202,190,194,200,139,93,33,124,77.8,57,116,94,132,159,87.8,75,84.3,113,200.1,187,206,230.1,187,267.8,212.9,183.9,264,233,154.7,188.7,238.5,190.3,111.6,166,169,158,144.5,141,191,168,110,125,93,149.4,175,107,150,57,147.8,85,121,195.5,146.6,165,110,229.8,129,205.8,193,245,211.1,120.8,195,215.5,195,104.6,151,41,18,114,150,368,142,183,46,62,116,70,85,62,87,152,107,97.5,71,104,104.1,53,62,112,104.1,53,118.5,113.6,137.6,159.2,140.8,87,82,49,133.8,215,94,95.9,149,108.9,92.8,46,42,71.4,58,60,70,59,21,18,23,72,40,93,96,120,101,81,116,78,93,129,121,93,172,105,199,174,173.4,189,127,131,91,78,67,168.6,142.1,126.8,157,141,160.5,108,141.5,210,100,123,221,103.2,242,60,109,155,95,174,91,103,256,65,132,99,180.7,215,175,235,176,124,78,161,142,100,116,116.8,129,134,137.4,87,116.8,68,62,88,66.5,78.5,61,50,75,75.8,74.1,101,76.6,113.3,99.3,80,89.9,91.7,104.8,87.4,107.2,112.9,114.5,108.3,106,103,89,104.5,71.4,94.2,82.4,79.3,90.8,104.9,109.7,118.6,105.7,134.8,101.2,101,109.5,96,100,126.6,155.5,98.1,70.1,143.4,65.5,123.5,170.7,120.4,134.5,86.4,81.8,104.7,136,94.8,113.3,86.9,77.1,215.1,228.8,160.5,154,214.6,176,157.6,156.9,171,151.3,125.7,154.5,163.9,163,110.1,94.1,53,116,88,97.5,49,0,85.4,68,92,65,43,136,130,132,62,121,114,97,152,119,108,110
1982-04-01,20.9,37.5,51.5,48.5,56,86.3,81,84,82,61.1,78.5,54,76,89,83,99,106,69.2,96,46,123,109.8,27,86,67.4,83,85,63,81,72,107,61,97,72.9,77,171,130,76,85.3,48,80,80.1,81.8,81.2,33,78,34,91,111,95.8,154,132,73,81,48,70.9,52,103,78.4,31,155,74.6,84.3,53,72.8,52,75,60.4,80.3,53.2,71.3,72.1,27.7,31.3,35,60,60.6,83.5,76.4,48,51.5,40,15,63.1,52,35.5,67.9,76,60,66,61,76,86.5,64,29,26.5,62,41,28.4,29,33,48,5,19.5,32.5,38,39.4,72,101.1,80,117,95.1,78,96.5,86.1,74,60,47,95,16,98,88.9,70,73.6,41,47.5,38,117,85,73.5,67,44.5,19,65.7,100,50,22,37,35,45,87.3,58.2,78.5,19,24,116.3,87,100.8,49,161.5,101.2,30,117.9,81,134,75,171,25.9,8.8,35,39,58,87.5,82,99,73,42,60,62,152,35,67,91,102.6,89,64,54.4,92,73,29,54.4,75,53.4,72.8,57.2,96.6,92.7,187,78,78,77.2,126,73.8,111.7,124,82.7,118.2,57,50,96,63.5,70,5,51,30,65,73,106,44,103,157,100,50,55,95,136,119,54,157,88.8,115,81,130,161,116.6,52,164,211,155,171,116,101.8,81.3,46,140,91,92,7,91.9,87.7,67,130,88,88,74,150,93,78,46,111,57,65,24,0,150,75,98.8,110,65,71,65,73,100,63,55,97,57,83.7,63,48,114.5,186,130,98,45,59,71.2,77.4,54,54,80.6,81.3,59,119,107.6,103.4,83.6,79.7,108.6,81.1,104.5,92.1,146.7,78,109.5,114.1,14,33,155,96.7,67.2,76.6,86.6,69,80,82.1,107.2,91.2,85.4,95.2,99.2,94.1,116.1,107.5,80.5,97.7,76,86.8,56.5,119,71.5,87.6,77.7,83.8,76.8,80.6,70,91.8,76,107.2,101,102.2,74.7,110.8,120.4,75,105.8,119.5,70,106.8,103.5,111.7,109.2,85.2,101.7,103.4,101.7,74.5,78.3,75,61,123.6,143.9,206,0,116.3,174,207,77,201,183,125,167,136,102,133,125,224,108,120,132
1982-05-01,0,0,0,0,16,0,4,8,0,3,15.2,0,13.6,3,9,0,5,3.5,0,2,0,10.5,2,0,4,0,0,3.2,0,0,0,18,40,10.5,0,0,5,15,18.7,0,28,5.5,7,12.2,2,0,3,8,0,10.7,4,0,0,28,0,12,8,0,13.2,4,0,3.6,9.2,5,0.5,0,0,4.1,9.3,3.8,25.5,3,0,0,2,14.3,14.7,21.4,13.5,13.3,11.5,14.1,11.9,21.3,14.1,8.6,12.9,21.3,14.9,8.2,12.3,10.5,13.1,6.8,7,18.4,11.8,7.7,10.8,8.7,8,21.1,9.9,9.4,4.6,6.3,9.9,12.2,18,15,5.5,22.8,25.5,11.4,10.5,13.3,13.1,15,25.6,9.2,17.2,18.2,2,25.5,11.1,8.6,9.4,9.6,3,18.8,24.4,7.2,6.7,8.7,8.7,12.5,18.4,17.6,12.1,8.3,8.4,7.7,31.8,5,7.5,11.1,4.8,6.7,9,8,26.8,9.6,1.1,12.8,3.7,8.8,8.9,17.1,11.1,11.1,7.1,14.1,20.8,37,6,2,5,0,3,8,5,18,0,14.7,13,4,17.8,6,2,5,17.8,7,10.1,4.2,13,10.5,13.9,0,13,10,10.5,0,12.8,10.6,25,6,20.1,7,0,11.3,5.5,0,0,10.8,0,0,11,0,20,2,17,6,0,4,2,3,12,0,0,14.9,18,29,0,0,14.2,10,0,0,0,3,18.7,21,6.3,10.1,84,19,14.3,15,16.9,37,4,48,19,8.5,15,50,0,0,23,5,65,0,22,0,10,0,6.4,13,0,37,4,3,21,5,17,9.2,19,12.4,12,18,14.2,0,22.8,14,11,0,8.7,8.9,6,6,25,14.9,24,9,23.4,19.5,9.2,13.2,22.9,11.8,19.8,16.5,19.9,15.2,17.7,19.2,0,0,0,18.3,13.1,13.9,9.6,15.4,11.8,15.9,17.8,13,20.5,16.1,18.5,17.7,24.3,22.7,17.7,11.9,15.1,14,12.6,12.8,21.8,16.6,12.6,14.8,16.8,12.7,10.6,15.5,14.3,17.2,23.8,24.3,17.4,24,17.3,12,16.6,27.7,31,17.1,13.2,17.9,16.6,16.2,16,20.9,18.8,12.1,16.9,7,1,6.4,62.9,16,0,16.4,5,0,3,0,7,25,3,24,11,10,42,16,11,30,59
1982-06-01,3.3,9,0,0,13,17.1,0,8,29,9.1,16.4,9,11.3,5,15,22,0,10.7,3,8,0,24.4,14,10,7,15,24,7.5,20,0,25,0,0,12.4,9,28,5,0,21.2,5,8,9.3,12.6,12.6,2,11,5,0,26,24.1,11,8,0,8,20,11.7,5,7,13.9,1,45,6.6,18.8,9,3,0,12,5.5,25.8,31.9,24.5,16.7,5.3,7.2,14.2,15,13.7,22.6,13.6,18.3,9,22,30,20.3,3,4.5,13.3,25.7,13.9,7.5,16.6,17.5,10.5,5.5,13.5,19,4,4,14.4,11,2,35,16,10,5.7,7.3,9.9,2,19.9,13,7.5,27.3,27,16.5,20.1,15.4,14,16,24.8,12,20.2,31.4,9,18.9,13,3,4,9,11.5,6,20,6.5,4,9,9,9,20.9,22,13.9,6,17.4,5.6,34.1,18,12,11.4,11.7,19.7,15.2,20,30.1,2.5,7,9,6.5,10.9,5,14.2,9.3,14,17,30,21.4,13,11,56,13,11,17,60,0,7,0,25.4,23,22,3.5,7,56,6,3.5,8,8.2,8.7,3.9,2.7,20.8,20,39,18,5,0,18.1,19.3,22,15.7,19.7,99,84,34.6,53.5,0,10,9.5,5,5,6.3,0,8,0,0,7,3.8,4,5,2,0,0,0,11.5,0,1,2,0,10.1,32,0,0,0,0,21,15.6,8.9,7.6,26,5,8.5,26,6.3,0,0,0,0,6.5,10,0,0,0,4,0,6,0,0,0,0,0,10.6,2,0,12,4,6,7,8,11,13.2,5,10.5,14,12,23.9,20,0,38,10,15,27.6,23.9,42,42,18,42.7,42.8,30,42,22.7,8.5,19.7,30.4,23.9,22.5,11.9,22.9,13.7,14.8,27.1,0,0,7,13.6,20.6,25.6,14.8,15,14.7,17.2,12.3,12.5,17.9,18.1,14.9,14.2,16.1,15.6,21.6,12.1,17.1,15.6,18.1,10.2,28.2,15.7,12.6,21.6,14.7,22.3,32.9,22.3,17.5,20.3,20.6,29.3,20.8,19.1,17.1,26,11,18.3,25,12.7,13.2,12.2,10.9,8.2,10.3,14.7,11.2,5.8,15.3,8,8,29.7,21.3,32,0,30.4,48,24,35,44,15,22,43,38,45,50,16,27,40,12,18
1982-07-01,0.1,3,2.7,5.5,4,1.1,0,4,0,2.8,9.4,13,6.3,0,9,0,0,2.9,4,5,0,8.1,5,0,4.2,5,5,3.1,0,9,0,2,0,7.9,0,0,12,0,13.3,3,0,5.5,6.1,5.7,4,0,0,5,2,9.4,0,0,0,0,5,9.1,8,0,5.7,2,0,4.3,10.4,0,3.1,2,0,2.7,19.3,12.8,25.2,14.2,1.5,2.7,12.9,15.3,16.8,20.8,13.1,23.9,3,11,7,20.1,18,1,12.7,27.8,14.9,4,13.6,7,5.5,2,6.8,4,20,6.9,10.8,5,4,19.3,5,11.1,0.8,3.5,11.1,2.5,19.7,9,12,23.4,7,24,9.7,12,3,8.9,20,16,15.2,14.6,7,19.7,4,7.5,10.8,7.7,4,1,2,5.3,7.6,2.8,8.7,10.9,21.3,18.3,10.6,12.1,12.8,7.1,35.3,0,8,4,5.6,9.1,12,5,32.7,7.5,6,12.1,6,11,10.1,18.1,12.3,11,8.3,11,12.7,14.5,3,38,0,0,5,23,4,6,0,13.5,16,7,2.2,28,38,6,2.2,65,9.2,7.9,4.6,7,16.7,26,21,11,6,0,13.1,19.3,13,8.9,12.8,27,14,22.2,32,0,12,0,4.8,4,0,4.1,0,0,0,11,0,9,9,4,3,0,0,8.4,0,0,0,0,12,6,1,4.2,1,5,0,11.3,5.3,8,2,5,7.8,0,5.7,7,0,3,5,5.1,3,3,0,0,2,3.6,5,0,0,0,5,0,10.6,7,0,7,4,2,3,6,26,3.5,5,12,7,11,15.6,26,36,84,4,8,12.3,15.2,17.1,18,46,24.6,32,29,23.2,20.6,11.7,15.5,23.6,14.4,20,7.6,15.7,11.3,15.3,22.2,0,0,4,9.2,10.6,13.6,10.1,15.5,14.5,14.9,11.3,9.3,18.1,15.2,11.4,14.8,15,15.4,15.3,9.6,16.5,9.8,9.9,10.3,15.9,12.5,10.4,18.5,12.3,16.1,15.4,16.2,16.8,12.3,19.5,21.2,15.8,15.7,21.4,10,11.1,17.2,12.5,13.2,13,11.8,10.2,6.3,11.8,17,9.7,8.4,8.3,4,9,17.6,11.5,24,22,26.9,33,41,10,35,37,8,30,20,28,32,10,16,7,8,8
1982-08-01,0,0,0,0,4,0,0,1,0,3.2,20.5,0,18.5,0,11,0,0,8.1,179,2,0,16.3,2,6,9.6,0,0,7.1,0,7,0,8,10,13.4,0,0,0,0,13.9,0,0,12.8,9.5,13.6,7,0,0,4,1,13.9,0,16,0,0,0,21.5,0,0,12.3,0,0,12.3,14.9,0,2.3,0,0,6.9,0.9,0,18.1,0,0,0,18.6,19.4,24.3,22.3,17.4,21.2,10.2,21.4,16.1,13.5,147.5,10.9,16,13.8,17.1,3.5,15.4,15.1,2,2.5,7,25.7,15.4,11.5,13,14.5,1,30.2,12.3,16.9,6.6,3.5,14.9,1,20.9,24,5,27.7,4,13.3,16.7,14,14.7,14.6,26.8,13.9,19.9,27,3,30.6,11.7,13.5,10.7,14.7,14.1,20.4,2,7.5,8.9,15.1,12.8,9.7,23.4,11.2,13.2,17.7,19,8.3,33.8,0,12.2,12.5,11,2.7,20.6,21.9,33.3,12.9,16.7,18.3,14.1,18.4,14.1,19,13.5,10.1,11.6,1,2.8,16,0,0,10,0,0,0,4,6,3.5,4.9,0,0,0,0,0,5,0,0,6.6,2.6,3.7,5.5,10,2,0,0,6,0,12,12.4,0,1.9,14.1,0,0,3.8,0,0,4,12,7.6,0,0,5.4,47,5,0,7,4.5,0,1,8,1,4,6.8,8.3,0,0,6,9,4.8,0,4,0,5,3,9.2,7.6,3,10.6,9,0,6.9,0,5.2,3.2,5,0,7,3.9,6,0,0,0,5,5.6,4,0,0,82,0,0,12.8,12,0,8,2,1,2,0,7,0,0,8.6,13,3,7.1,2,0,0,0,0,1.7,8.2,4.9,0,0,6.2,0,0,9.3,12.6,6.7,6.7,13.6,11.5,11.8,5.6,13.2,12.8,10.5,12.4,0,0,0,11.8,4.5,11.3,9,12.6,8.5,13.6,13.3,7,11.9,10.8,14.7,12.1,11.6,14.4,13.9,10.1,10,7.4,8.9,10,13.2,11,7.7,16,9.3,13.1,6.1,8.3,11.2,13.4,12,15.3,14.6,14.6,15.8,0,9.7,13.1,2.5,7.6,12.8,19.6,8.1,10.4,13.3,11,8.7,6,4.4,0,0,0,0,0,0,8.6,0,0,0,0,0,0,0,4,6,0,0,0,0,0,0
1982-09-01,17,9.8,22.4,21.5,102,71.6,84,144,16,81,108.9,109,113.5,48,109,22,110,89.4,179,67,286,114.9,26,108,102.4,33,110,84.8,79,97,7,106,151,102.5,83,65,122,94,75,120,111,119.9,111.6,109.5,93,52,137,128,42,109.1,34,59,44,110,6,101.4,110,110,119.6,34,31,111.2,118.5,16,67.3,91,125,83.7,50,54.8,60.2,56.7,50.6,49.1,32,123,66.6,106.6,90.5,91,115,93.5,87,101.8,88.5,105.5,98,83.6,111.8,128,100,124.5,135,85.5,54.5,29.5,37,40,13,39,45,41,37,42,29,32,40.5,116,122,133,137.5,130.7,105,113.5,124.5,104.7,122,113,101.3,85.5,125,99.5,70,97.7,89,78.5,75,79,98,100,57.5,48,62,109,83.5,55.4,75,96,79.5,108,71,80,65.1,51,39,96.5,41,132.9,61,69,116.7,40,88,51,78.7,88.7,65,20.7,9.3,49,53,82,78.9,81,90,44,50,53,44,51,56,64,43,87.6,116,81,79.6,91,44,44,79.6,5,15.9,117,51,59.4,71.5,95,86,98,53.5,29,67.7,80.9,28,71.2,81.1,51,57,75.4,56.5,0,137,126,51,75,76,60,19,86,73,63,80,70,69,64,72,36,3,84.2,73,48,32,41,77.5,0,42,48,52,98,89,48.9,60.8,30,102,60,42.3,9,55.9,58,57.7,81,58,51.2,68,0,14,27,77,46.1,81,60,83,60,82,32,106.2,120,11,84,16,19,78,26,51,56,35,55.3,37,130,78.6,95,72,72,54,126,63.5,66.3,84.8,142,53,68.4,54,35,63.3,78.7,68.4,59.3,91.9,68.5,71.2,79.5,99.9,54.1,81.2,84.9,59,50,82,64.1,53.5,55.2,51.2,37.4,61.6,64.3,74.5,64.9,63.8,74.1,72.5,72.5,86.6,81.4,55.1,68.7,53.1,62.3,43,85.9,62,59,61.7,72,67.9,57.8,56,79.7,66.8,84.2,73.7,73.9,63.9,87,86.7,102,80.1,101.4,82,76.5,59.6,53.9,62.6,53.8,61.9,63.8,60,46.5,75.8,81,159,98.6,81.7,34,42,49.5,44,60,31,45,42,63,91,63,72,90,79,56,60,53,75
1982-10-01,1.7,0,0,6.5,20,9.8,0,2,10,10.8,15.1,0,15.4,8,23,9,0,17.4,7,16,0,20.9,8,0,8.9,33,14,9.4,6,32,10,0,0,16.7,10,0,20,0,31.9,15,5,13.3,20.1,17.4,2,25,10,0,11,18.8,39,18,0,0,9,16.8,25,0,16.3,1,40,9.6,20.1,0,8.9,0,10,12.2,24.2,28,40.8,27.1,10,0,17.1,20.3,14.6,24.5,15.3,2,16.3,7,0,16.1,83,20,16.9,20.3,30.3,19.4,25,5,34,5.5,5,23.2,18.4,9.6,30,11.7,8.6,20.3,12.2,13.6,6.5,7.3,12.4,3.5,22.4,8,3,32.3,14,5,21.9,16.9,14,10,24.7,4,20.6,38,24,25.6,23,14.1,15,8,4.5,4,25,12,17,3,6,15.4,27.4,32,21.4,20,21,8.7,31.8,0,10.6,11.3,5,10.4,6,20.4,31.8,10.7,8.5,18.3,3.5,17.3,14.8,14.2,10.8,11.8,9.9,18.6,3.7,34,18,87,39,13,23,29,39,25,0,45,25,12,90,23,87,9,90,65,22.3,21.4,45.9,28.8,39.9,11,4,10,21.4,0,38.2,41.1,77,33.4,54.7,37,45,46.3,29,5,18,9,45,25,11,10,49,27,10,10,31,20,11,1,26,0,37,40.4,10,12,21,6,29.7,12,10,15,20,55,23,33.5,23.6,23.2,33,47,21.9,16.5,32.4,40,35,54,37,33.5,25,30,0,0,68,16.3,94,65,23,161,35,3,29.6,18,0,40,0,0,26,4,10,32.5,5,55,0,10,37.8,10,5,5,86,26,32.6,29.9,38.5,10,59,50.9,65,59,50.3,49.5,13.3,34.6,64.9,49,41.2,42.4,43.7,37.8,31,52.3,20,25,40,26.2,25.5,33.2,20.6,27.6,25.6,32.1,37.9,31.4,44.5,49.2,38.8,39.5,37.6,43.6,30.3,29.9,27.6,23.2,23.7,25.2,42.9,34.1,40.7,34.4,50.5,27.9,47.9,40.3,31.1,39.8,49.8,50.5,31,46.8,50.5,64,37.2,44.9,6,31.8,31.9,25.9,25.5,23.1,25.6,26.3,23.2,18.7,46.1,77,0,14.3,31.3,70,42,41.2,52,44,30,64,50,100,100,47,38,83,79,170,79,67,52
1982-11-01,47.4,44.4,69.4,50.4,192,96.6,76,121,78,76.2,116.2,45,125.4,36,265,34,82,79.7,113,83,69,130.2,122,181,113.2,34,96,75.4,55,269,90,137,152,103.5,28,170,187,190,79.3,97,168,130.7,123.5,122.6,83,24,54,242,110,123.7,76,89,113,201,3,118.2,53,41,123.9,128,20,114.4,114.7,84,95.5,67,71,82.9,49,88.9,74,53.7,36.5,59,45,51,83.9,114.2,118.8,52,83,72,142,89.9,85,66,123.8,86.5,47.8,70.5,126,185,79.5,100,21.5,21,39,41,40,38,60,69,6,15,22.5,10,51.9,190.5,155.4,147,90,136.5,160,137.5,129.8,131.5,184.5,122,109.7,115,142.9,111.8,87,104.6,126,68,55,44,32,34,13,16,36,37,36.5,68.5,60,92,137.5,64,89.7,97.5,93.1,71,47,90.7,52,154.4,33,169,124.8,56,173,165,181.5,98.1,170,26.6,2,66,94,80,110.3,90,164,63,50,139,78,73,96,112,43,118.9,91,26,84.4,173,63,96,84.4,60,55.3,63.9,79.8,135.2,109.2,180,96,236,53,52,98.4,126.3,91,124.9,119.7,67,57,87.1,79,74,33,60,32,50,59,90,72,82,50,84,36,82,69,76,60,62,158,76.7,106,96,60,57,95.9,2,35,73,40,140,102,73.6,69.4,79.9,91,103,64.3,59.2,81.8,138,50,77,91,101,93,122,11,40,75,64.5,84,68,61,35,98,47,116.8,125,32,145,40,55,116,50,101,93.5,76,99,110,119,152.6,180,209,240,118,72,93.9,86,89.6,112,93,81.5,79,75,96.2,107.1,67.3,96.7,132.5,97.1,98.6,96.1,114.7,81.9,106.1,127.2,83,62,115,77.3,52,64.4,61.3,65.6,77.1,72.5,90,88.1,91.7,101.5,94.7,87.7,95.9,116.9,63.9,89,73.7,74.6,46.1,97.8,84.4,93.7,85.6,100.6,95.6,58.3,96.6,106.4,77.6,121.8,114.4,116.1,83.1,118.2,114,109,105.8,118.1,97,90.9,83.6,72.5,76.2,68.2,75.3,78.3,75.5,55.2,102,76,55,59,73.9,45,46,72.4,71,83,24,51,103,72,104,120,59,105,56,135,0,69,67
1982-12-01,110.2,29.5,42.3,22.5,234,182.5,82,168,200,131.1,173.5,166,229.3,121,218,125,385,162.8,77,204,190,178,196,290,183.9,215,213,140.7,122,264,171,127,357,157.9,207,143,105,153,104.7,191,223,183.8,183,167,198,150,248,254,138,153.7,76,139,127,248,186,199.6,242,153,227,192,166,193.2,171,139,136.3,316,266,181,98.2,71,112.1,60.8,65.9,126.3,85,209,124.2,225.9,238.7,213,205,172,112,145.9,225,230.5,211.4,184.9,244.1,192.5,199,344,284,161,199,114,33,147,88,72,121,221,85,35,51.5,71.5,80,191,221.7,265,194,282.6,144,206.5,235.3,227.1,217.5,213,162.6,193.5,257,181.3,195,176.1,212,237.5,117,152,118,149.5,153,81,47,147.8,181,111.5,118,239,236,125,168.7,169.6,136.1,138,103,120.5,72,214.7,32,147,230.8,152,192,133,158,112.5,143,30.7,58,146.5,103,192,58.8,143,99,65,49,33,72,28,61,22,41,76.9,75,61,14.4,130,65,47,14.4,150,62.5,197.6,81.8,107.4,110.8,69,83,86,92.9,68,67.3,81.9,128,76,70.4,38,126,79,51.5,47,117,170,72,232,21,136,183,117,138,129,107,147,141,163,130,75,136,102.7,55,78,88,86,138.1,79,115.9,104,153,58,153,111.5,105.5,105.7,213,42,108.4,107,109.7,81,29,108,107,60.3,59,105,54,80,56,105.5,102,36,110,222,196,163,133.7,165,135,124,223,30,8,96,49,19,40,50,22,77,96.5,71,84,80,88,80,64.6,82.5,94.5,121,39,99.6,42,82,76.5,76.3,108.9,57.9,73.5,74.1,72.8,67.9,114.7,77.6,109.2,71.4,34,12,64,122.9,68.5,93,94.6,56.4,75.7,96.7,105.4,81,84.6,80.5,83.2,89.2,96.8,78.9,91.9,119.4,141.6,91.7,71.1,151.6,57,95.5,102,97.5,81.9,96.2,66.5,79.8,114,79.8,80.6,80.5,66.7,188.1,195.4,155.5,125.1,158.2,154,132,117.5,141.3,124.1,102.2,122.7,132.8,109.8,79,59.3,12,60,49.8,75.8,74,93,83.3,89,95,45,73,185,62,107,100,80,153,20,96,51,52,51
1983-01-01,58.6,214.4,141.9,170.5,177,206.3,117,190,361,130,156.1,226,216.3,132,123,76,101,182,113,234,172,214.3,243,132,186.4,174,152,157.9,140,122,168,219,151,176.1,252,297,143,208,136.3,32,173,187.7,168,223.5,92,211,195,57,139,194.4,127,205,291,158,99,195.7,95,186,195.9,315,123,175.7,214.1,214,206.7,106,198,175,261.2,221.4,177.5,212.6,234.3,191.3,162,244,155.7,207.7,234.7,208.7,261,197.1,159,180.5,42,208,231.8,228.2,276.2,231.5,177,165,252,209,147.6,111.5,158,176,75,95,116,199,177.7,122,187.3,194.5,116,284.5,263.4,270,290.5,311.8,256,231,240.6,215.9,315,279,202.4,206.5,271.3,216.7,218,172.4,217,251.5,165,156,168,182.5,166.5,106,54,191,174,144,126.5,197,166,155,233.9,212.9,161.9,231,192,237.5,224,225,140,245.5,318.5,217,392,292,296.5,125.5,297,59,61,196,231,161,214.2,337,185,275,158,153,225,204,195,277,227,204.2,178,202,195,239,275,191,195,199,245.3,195.1,40.5,166.6,220.6,325,216,238,160,344,192.5,192.3,173,201.1,181.6,167,172,210.4,172,90,168,129,184,206,170,61,183,159,288,278,280,214,180,215,281,274,213,195.5,281,199,227,260,264.1,94,169.2,314,149,210,213,213.4,197.9,244,390,174,201.2,198.2,236.2,334,133,294,167,155.3,244,100,280,305,232,178.2,240,222,207,149,121,147,200.2,30,202,260,254,201,214,204,298,227.5,152,265,90,224,203.6,325,140,166,148,142,168.7,174.9,191,235,218,240.6,249,122,185.4,183.9,160.8,157.2,216.2,195.9,180.5,156.2,207.9,199.7,249.2,220.4,302,318,151,166.2,117.4,178.2,148.7,154.1,140.1,189.1,176.4,184,187.7,189.1,145.3,164.6,216.2,172.3,194.6,204,266.2,164.7,125.6,201.3,150.3,209.2,206.1,211.2,175.2,165.7,135.2,206.5,238.6,158.1,210.1,188.2,174.2,355.3,305.3,310,282.8,305.1,509.5,184.7,183.4,184,165.7,150.3,199.2,194.9,184,144.1,188.5,330,251,174.9,119,85,118,150.9,144,118,128,123,139,147,239,191,162,335,244,137,152,128,139
1983-02-01,53.8,19.5,59.7,34,86,70.4,140,86,33,107.8,110.7,63,97.7,72,95,26,31,114.1,133,148,103,132.1,140,88,119.8,53,122,117.6,137,81,77,75,69,120.8,113,103,21,45,105.5,73,111,136.8,77,112.8,75,70,75,110,96,102.2,92,91,117,74,64,98.7,104,152,110.2,131,208,130.3,114.2,57,89.3,103,154,118.8,43.2,35.6,122,42.9,80.7,78.7,90,138,98.9,160.9,149.7,193,182.5,118,158,152.3,119,113,161.1,112.6,134.5,199,165,222,172,180,130.6,79.5,112,100,32,66,83,84,80,80,59,88.5,69.1,165,185.3,258,161,165.6,164,190,161.9,157.7,125,118,156,160.5,188.2,165.8,111,157.7,146,142,80,104,110,113,66,35,84,103,105,101.3,137.5,105,137.5,65,134.2,123.8,136.3,81.5,105,164.5,94.8,228.9,135.9,157,177.7,93.5,134,125,113.5,109.3,103,33.9,12,115,79,143,215,189.5,13,57,128,96,90,31,149,151,130,78.6,55,39,128.5,70,57,75,128.5,29,117.6,174.8,127.6,158.6,113.6,78,37,70,104.5,96,60.7,90.1,77,67.7,140.3,8,8,48.3,8,77,116,86,57,140,85,68,117,114,145,171,110,166,105,132,90,70,103,128.6,173,119,96,204,185.4,104,129.1,152,159,125,133,166.3,152,150,179,122,131.4,103.3,137.4,221,145,138,135,101.5,192,68,24,71,138,121.6,149,108,152,46,150,100,151.8,150,166,182,124,124,112,119,116,157,69,82,71,76,104.5,78,50,49,15,30,43.7,52.8,57.2,41,7,49.4,64,16,45.7,99.1,123.2,64.9,96.5,76.8,121.7,106.5,179.4,116.8,143.1,100.7,133,150,152,127.7,86.1,113.1,108.9,76.1,89.1,125.9,131,124.1,112.9,118.2,113,123.3,135.9,140.8,114.6,147.4,132.6,139.7,81.9,187.3,70.4,113.7,114.1,92.3,101.8,89.4,58.6,93,133.7,111.2,112.4,106.5,81.2,180.2,200,259,149.1,196.2,228,150.7,144.3,146.6,142.9,138.9,150.7,141.4,139.9,106.1,100.2,202,118,93.2,46,44,20,50.6,41,37,34,30,27,50,89,94,81,78,39,82,141,27,55
1983-03-01,9.3,0,13.7,12.5,114,61.2,71,114,63,48.6,83.6,64,78,37,51,55,79,54.4,29,58,9,71.6,36,43,63.8,47,49,61.6,38,18,99,109,119,66.7,110,69,10,82,99.5,57,89,78.7,71,74.6,73,76,58,47,92,68.5,15,35,70,26,22,78.9,101,25,85.8,44,45,64.1,66.4,17,42.5,59,93,42.5,19.9,19.6,64.2,13.5,9.1,6.6,21.2,65,49.9,74.2,69.7,14,37,39,54,58.3,8,53.5,65.9,52.3,57.3,46,50,129,75,32,27,34.1,21,18,73,26.9,30,18,35,21.8,8.5,13,26.8,98,86.8,152,66.5,77.6,63,122,64.3,72.5,86,67,71.9,120.5,77.3,75.4,61,70.5,24,19.5,13,44.9,16,27.5,13,2,3,36,15,46.5,53,31,23.5,30,68.7,45.1,46.8,26,12,56.9,47,78.6,54.7,86,82,10,90.5,79,84,64.3,69,13.9,10.3,11,6,18,35.9,71,36,55,36,29,58,70,30,7,8,60.6,77,61,46.2,28,55,80,46.2,96,24.2,119.9,57.7,44.9,48.4,58,88,29,51.8,45,50.7,58.9,122,41.8,79.3,55,45,65.4,45,233,63,143,13,104,89,20,82,129,95,82,33,92,92,92,104,27,102,72,95,73,32,76,81,217,48.8,29,62,89,58,48.6,48.3,95,47,30,40,34.4,49.1,12,29,34,35,47.6,38,187,0,0,25,39.8,36,17,48,75,60,30,81.2,24,60,40,4,10,68,25,21,34,19,1,54,38,55.5,58,90,93,32,54,60.2,48.3,62,66,73,66.2,71,70,70.4,64.7,71,48.5,71.6,55.1,65.5,60.2,85.5,46,74.7,60.6,7,30,97,73.5,49.7,59.2,53.4,34.3,48,60.5,62.4,48.9,54.3,68.3,60.4,51.8,75.7,70.5,50.9,72.2,48.1,63.8,47.8,86.5,60.6,50,49.7,51.7,60.2,54.6,61.4,65,47.6,55.6,75.8,58.9,46.7,61,68.6,70,59.9,77.6,58.5,72.5,61.9,56.1,60.5,52,53.4,60,53.7,43.8,56.6,76,22,71.3,117.1,80,46,62,63,80,34,80,49,63,82,111,100,86,64,157,90.5,115,116
1983-04-01,21.9,3.5,20.7,17.5,64,14.4,63,54,21,58.8,59.6,12,91,22,89,15,28,62.5,138,48,12,100.8,42,89,58.8,26,30,55.7,23,94,81,99,188,70.1,49,53,135,117,80.5,51,88,79.2,48,80.5,54,41,113,65,20,91.5,110,69,114,81,39,70.2,55,18,85,48,124,72.4,84.3,164,39.1,50,46,47.2,35.4,14.6,49.1,28,14.1,44.7,24.1,102,51.1,93.6,68.8,80,99,56,86,63.8,58.5,73.5,68,55,75.4,132,64,114,90.5,60,29.5,73.5,20,29,37.1,44,18,41,32,30.5,21.3,36,29,168.5,102.9,107,82,91.7,109,91,77.3,66.4,79,92,71.6,75,82,79.2,43,74.7,62,45,44,58.4,22,44.5,18,8,15.5,41,99.5,39.7,48.5,28,50.5,81,81.8,49.5,49.5,36,28,71.1,72,77.6,74,86.9,109.7,28,124,58,121.5,74.4,53,14.9,7.4,28,26,40,16.9,88,30,82,30,42,56,50,52,20,16.5,53.5,80,87,59.1,67,82,7,59.1,18,28,52.7,52,42.2,42.1,66,75,50,40.2,26,44.5,52.7,74,46.6,62,48,47,52.6,46.5,14,37,31,5,51,46,23,46,43,0,20,18,18,50,30,28,27,28.4,50.1,41,33,30,24,58.1,52,37.2,4,50,43,134,45.4,50.6,46,73,91,38.6,26.5,47.1,96,94,45,44,40.3,60,119,20.5,44,65,43.1,81,104,80,0,30,17,78.2,48,55,48,22,15,53,20,22,42,11,13,14,11,51.8,65,40,44,28,84,45.2,31,56.6,82,31,52,51,86,59,54.4,49.6,38.9,62.5,48.9,47.3,49.8,66.5,40.8,52.5,50.1,48,52,22,49.6,35.1,37.1,45.5,29.3,36,46.2,53.8,44.4,45.1,57.2,51,46.5,67.7,57,41,53.2,27.6,37.5,30.7,55.8,53.1,46.9,48.7,47.1,59,46.8,51.6,50.9,49,42.6,56.6,38.1,42.2,61,68.5,0,77.5,74.9,32,58.6,55.9,43,43.4,44.7,45,56.7,49.7,30.4,44.9,48,38,40.9,75.4,16,31,42.8,35,57,45,0,23,47,59,53,47,54,60,107,68,91,98
1983-05-01,2.6,0,9.1,11.5,42,33.7,9,28,14,20.8,25.9,0,37.7,5,38,15,16,28.3,70,29,10,41,17,44,25.3,0,30,21.3,9,19,18,32,22,28,26,21,29,0,47.5,6,15,29.2,17,29.9,13,10,9,9,16,35.8,39,19,35,14,1,30.5,7,16,32.6,13,16,24.2,30.1,30,11.3,21,19,19.9,41.2,47.6,44,50.4,5.4,7.3,9.7,41,16.1,30.3,27.3,23,22.5,6.5,25.7,25.9,13,40,26.6,27.1,54.8,38,25,40,46,19,19,2.5,17.8,2.5,12.7,4,7,10,13.3,11.7,5,2,12.6,59,26.6,28,36,49.4,49,38.5,30.3,26.8,43,35,33.1,50.5,27.3,44.3,24,33.7,18,12,22,20,20,26.5,14.5,9,8.5,33,29.5,13.2,30,29.5,26,10,23,14.3,28.8,18,9,22.9,10,41,29,68,58.3,7.5,67,18,57.5,33.6,21,11.7,8,7,3,32.3,28.6,33.5,23,43,26,54,69,29,21,32,7,58.5,77,43,34.5,19,43,32,34.5,9,9.2,33.2,18.6,20.4,38.9,28,64,20,13.1,16,38.8,55,136,43.1,56.5,39,65,45.8,64.5,0,13,0,10,10,10,0,0,19,5,25,3,14,12,14,32,0,13,23.5,15,15.3,2,3,22.6,9,15,5,0,31,0,18.4,25.4,13.2,41,0,12.3,15.3,18.4,20,10,9,22,26,57,4,11.7,16,5,14,8,0,7,0,18,0,30.3,8,6,12,7,1,52,11,16,36,7,38,38,45,46.5,42,50,54,89,53,47.5,28,52,39,57,45.6,42,31,46.9,41.4,12.5,33.7,64.8,46.6,41.4,30.9,47.5,29.3,21.4,56.4,11,10,24,24.2,35.4,34.8,19,28.1,29.2,26.6,29.8,30.5,38.7,40.9,32.8,27.4,34.7,33.1,28.6,17.9,24.3,28,29.5,23.3,45.1,31.2,35.8,37.2,44.6,35.8,49.8,42.9,29.9,43,40.3,46.3,38.7,27.2,36.1,58,23.5,31.5,15,28.2,19.8,18.8,16.5,14.3,19.6,21.7,15.7,10,44,14,92,33.9,33.4,21,17,36.5,23,23,12,37,54,39,65,48,35,56,58,117,46,42,46
1983-06-01,6,2,0,2.6,3,7,0,5,0,2.8,16.9,0,10.5,0,6,0,0,4.8,0,8,0,10.8,3,0,2.8,0,4,4.4,0,4,0,0,5,9.7,0,14,5,0,15.6,0,2,5.8,0,6.6,0,0,0,0,0,8.9,0,0,0,0,0,11.8,0,0,7.5,2,0,6,11.1,0,1.5,0,0,2.4,6.3,7.3,24.2,19.7,0.3,6,14.1,23.3,17.6,21.9,14.4,6,11,11,13.7,20.4,22.1,5.5,14.6,15.6,16.1,12.8,15.1,8,5,3.5,6.5,24.9,13.2,11,13,2,7,25.1,2,13.9,5.2,4,16,6.5,20.1,9,39,29.2,22,12.5,11.8,12.5,13,9,24.8,6.5,19.1,18.1,7.5,27.5,6,17,7.2,11.7,8,6.5,3,0.5,6.6,7.5,5,11.1,20.8,13.7,11.1,20,7,6.6,33.9,0,9,17.1,5,31.9,14,14.2,27.9,6.5,6.5,6,5.5,13.6,24,20.4,16.6,4,9.3,25,18.6,6,6,4,4,6,6,0,0,4,0,5.8,0,0,0,0,4,0,0,20,3.7,3.9,1.2,3.3,11.7,0,0,0,6.7,0,6.3,12.2,4,5.4,12.7,0,2,5.2,2,5,0,0,4.2,0,0,0,0,0,10,2,1.3,0,6,1,13,0,0,4.4,1,0,0,0,6.4,26,3.8,0,0,0,0,8,2.9,7.8,19,0,6.3,4.2,4.7,0,0,0,0,4.9,0,0,2.6,0,4,6.1,4,0,0,0,0,0,7.8,0,0,0,4,2,3,6,0,2.8,4,0,0,4,13.3,28,0,0,0,0,2,0,3,0,0,6.2,0,4,11.4,12.6,6.9,10.2,17,11.2,12.4,4.5,10.5,9.9,9.9,15.5,0,0,0,8.6,8.5,7.4,11.4,13.1,11.8,10.5,12.8,6.9,9.9,10.5,10.5,10.1,14.2,14.6,12.6,6.9,18.1,8.8,8.2,9.3,14.7,9.5,8,17.3,9.1,13.2,7.7,12,16,13.2,13.9,19.1,14,15.3,24.3,10,5.2,14.5,20,9,12.8,15.6,11.3,9.8,7.2,13.9,7.4,8,3.9,2,4,9.8,4.5,0,0,8.7,0,6,0,0,0,0,13,12,5,10,0,0,7,1,13
1983-07-01,2.1,5,4.4,4,43,11.7,7,26,19,7.5,25.1,0,32,11,29,9,24,10.2,15,13,12,29.3,21,45,11.9,0,16,7.4,7,28,9,32,50,19.1,13,11,13,25,20.6,22,45,12.1,11,22,3,9,9,51,15,21.9,31,24,19,0,7,22.6,25,16,32.9,14,12,8.9,17.8,4,3.4,23,4,5.7,14.1,11.3,28.1,8.4,4.2,12.4,4.1,20.3,18.9,22.4,19.1,15.9,7,6,10,18.2,16,8.5,13.6,14.3,14.8,9.5,13,7,9,10.5,12.5,22.2,15.9,11,11.7,1.5,17,19,10.5,11.9,6,24.5,14.8,18,18.2,13,22,29.8,32,16,14.7,17.2,12,10,27.1,8.2,15.3,25.7,8,22.8,7,5,14.1,13,8,7,9,7.5,10,9,5.5,8,20,25,8,17.6,11,10.1,32.2,11,6,13.2,7,31.7,7,17.4,44.1,12.3,12.2,14.4,13.8,15.2,11,16.4,9.5,9,9,22.2,15.7,17,11,14,0,0,5,0,3,10,5,14.1,17,22,5.5,18,14,8,5.5,10,10.1,37.8,9.2,9.1,15.2,25,23,16,8.1,0,15.1,17,5,11.4,17.2,33,18,13.4,18,2.5,34,24,15.7,10,30,17,34,38,0,24,0,12,12,11,29,6,0,13,9,0,6,3,11.1,26,8.8,19,0,16,0,17.1,0,11.2,21,23,23,7.6,23,25,0,18,0,4,25,5,9.1,17,13,13,14,0,12,10,0,20,17.7,0,0,10,4,9,0,11,10,7,6,7,12,6,19.5,25,37,37,6,19,22,13,19,15,18,16,12,13,17.9,16.9,14.1,17.8,22.3,16.8,14.3,11.8,23.3,14.2,16.1,21.5,0,0,8,14.7,11,16.3,10.8,18.1,14,14.2,13.5,12.5,15.1,18.2,13,15.5,18.1,22.5,16,15.6,18.5,16.3,12.5,15.1,18.6,19.4,11.6,14.7,12.2,14.9,13.4,17.6,15.5,15.5,24.8,23.5,14.7,21.6,19.4,15,9,19.5,17,14.8,17.3,14.9,15.2,12.2,16.6,14.1,14.4,8.5,13.1,6,15,1,0,13,20,12.8,16,19,20,20,13,17,20,13,6,12,0,5,0,0,0
1983-08-01,0,15.5,4,6.5,6,3.2,26,8,5,5.6,16.6,0,13.1,0,3,4,0,5.4,25,4,0,15,7,17,4,2,5,5.1,0,2,2,12,14,8.4,7,4,9,0,24,0,18,7.7,0,14.3,10,2,4,7,0,10.3,0,1,0,0,0,15.5,0,0,16.5,2,0,6.1,11.8,10,4.6,0,0,3.5,65.2,73.3,41.7,55.4,3.4,3.8,6,14,13.6,22.4,10.4,11,12,16.8,8,18.8,23,10,11.4,23.2,7.3,5.5,3,8,14,6,10.2,18.4,15.5,2.5,11.3,1.5,7,19,3,12.8,5.8,6,9.2,15.5,17.6,6,14.5,25.8,16,2.5,13.9,12.4,6,4,27.8,3.5,14.3,21.4,4,20.1,19.1,5.5,9.3,9.8,5,6.5,32.8,2.5,9.7,10,4,13,27.5,25.6,16.4,1,12.8,7.2,31,6.8,5,7.5,2,11.8,13.6,5,26.8,10.4,12.5,5,14,16.5,4,15.5,8.8,3,6,17,30.5,31,16,47,42,33,28,26,19,34,4.5,35.7,37,39,35.1,27,47,28,35.1,0,24.3,28.3,21.9,26.8,35.9,30,39,22,19.2,33,34.5,33.6,34,31,48,40,40,40.4,40,2.4,32,25,0,32,20,17,38,19,14,20,14,28,24,17,22,14,13.7,9,27,32,20,24,26.3,0,21.8,38,36,17,54,36.1,0,18.6,44,18,57,14.4,30,25.1,25,14,28,31,27,0,17.1,15,22,21.3,8,10,25,12,25,10,31.2,31,22,35,23,18,48,23,30,45.5,18,36,29,22,32.9,30,40,41,35,25,36,28,35,40,44,43.4,30,56,43.9,37,12.9,28,56.1,33.3,36.5,25,35,28.8,24.7,47.6,39,40,33,29.9,25.7,34,17,22.3,16.4,30.9,24.9,24.6,31.3,33.7,27.1,25.1,33.6,33.9,26.1,20.8,24.3,21.8,21.6,22.9,36.2,24.9,26.4,33.6,31.6,28.2,37.6,35.2,24.9,30,43.8,42.2,26.9,35.5,39.6,35,26.4,39.1,26,33.5,27.2,24.1,27.7,20.4,25.5,27.4,22.6,20.6,36.5,33,24,40.2,85.1,54,72,53.6,55,85,55,50,95,70,92,106,95,90,75,102,88.5,90,89
1983-09-01,7,29,13.7,4.5,22,2,0,42,0,5.2,20.5,0,24.9,9,26,4,4,4.5,25,3,18,19.5,2,24,6.3,0,3,4.5,2,24,0,32,36,12.1,3,0,52,25,25.7,36,16,11.9,0,12.4,46,1,8,26,2,14,7,2,0,30,8,19.3,15,0,21.9,0,0,8.4,13.8,10,1.7,8,5,3.7,16.5,20,33.3,25.1,8.6,10.9,4.5,9,20.6,18.7,15.4,11,12.5,9,8,15.7,5,12,13.6,18.1,7.1,9,20.1,11,10,12,8.5,17,5,9,11.9,16,13,8,13.9,13,5.5,3,11.9,2,17.6,10,29,25.5,18,10.5,12.9,16,10,4,25.7,8.5,16.6,21.7,7.2,26.6,7,9,6,7.3,5,11,17.5,4.5,9,8,1.5,8.5,17,6,11.1,5,12.7,9.1,30.7,1,6,13.4,9.1,11.1,18,4,4,4.5,11.9,14.4,10.2,14,11.2,15.6,9.7,12,11,17,53.1,12,36,12,16,40,34,3,12,22,5,29.4,30,23,16.5,42,12,27,16.5,44,37.9,21.3,11.4,8.2,28.3,45,30,40,14.5,0,20.8,25.3,0,31.1,30.1,0,6,18.1,6,7,15,3,0,11,10,0,7,16,0,8,8,0,25,12,7,5,23,9,24,10,16,16,31,9,15.9,0,16,20,10,25.1,0,13.4,26,22,12,16.3,6,15.1,10,10,7,17,22,70,16.8,0,16,18.7,27,12,12,38,12,15,28.8,41,33,30,32,35,16,45,50,24,58,22,23,43,45.1,44,70,68,45,22,23,15,22,13,20,14.1,2,18,20.6,34.6,10.5,20.9,39.7,21.9,30.4,17,34.3,24,23.4,36.2,12,10,19,21.8,15.7,24,12.6,20.7,16.8,20.8,20.7,24.4,28.3,25.2,24.4,26.5,27.3,30,22.4,19.2,22.7,19.7,15.8,16.4,28,21,24.3,26.1,26.5,24.2,18,24.3,18.4,27,35.2,33.2,21.1,37.7,35,69.5,20.7,35.1,89,30.4,16.9,22.3,19.1,14.6,23.1,25.5,20.9,12.6,30.6,25,28,5.6,8.2,2,0,10,5,0,3,0,40,7,0,0,5,0,0,4,0,2,5
1983-10-01,12,38.5,31.1,41,75,88,67,46,46,48.1,81.7,18,73.8,46,119,64,71,54.5,102,66,19,89.7,21,79,60.4,69,37,49.9,49,98,60,124,75,58.3,51,65,58,82,84.6,0,52,61.9,21,64.8,18,26,7,30,17,65.2,74,72,93,74,74,67,37,26,80.4,28,49,55,72.9,150,39.9,48,113,43.7,15.1,35.7,72.5,20.8,27.1,72.5,30,64,48.9,63.3,61.9,66,75.5,121,88,69.4,65.8,40,58.8,62.3,65.6,63,58,14,68,67,51,48,12,34,37.2,64,31,14,80,53,18.5,18,37.7,109,86.1,86,85,75.8,61,55.5,81.4,68.7,82,72,71.6,81.2,71.3,78.6,60.5,82.9,74,14,39,48,78,91,41,44,41,94,65,49.5,43,30,67,97,72,47.1,57.5,46.5,46,77,61,36,100,55,58,39,52,48,60.5,67.8,65,24.4,2,69,60,110,34.5,155,115,88,74,84,167,87,102,146,80.5,98.8,147,76,95.8,106,88,114,95.8,34,50.4,56.4,104.2,144.7,94.2,117,69,99,73.6,106,82.3,112.5,137,96.4,117,123,145,98.1,144.5,11,37,27,18,34,48,37,28,37,30,62,50,102,34,72,35,42,60,80,92,88,63.6,85,104.3,64,77.2,56,96,88,158,99.6,104,79,176,48,100,46.8,138,80,183,145,114,93,91,37,88,89,99,97.3,108,40,115,96,78,59,103.8,73,21,116,60,57,89,59,90,154,53,104,99,158,115.4,117,90,89,162,73,49,81,37,85,77,91.3,58,112,97.1,90.1,61.2,87.6,113.8,90.5,88.6,66,100.3,84.5,94.1,120.3,155,170,69,69.6,68.8,68.3,71.3,72.5,72.7,85.2,87.1,92.6,96,102.2,93.3,89.7,92.8,107.2,73.5,87.1,58.9,77.6,36.8,92.2,68.4,89.3,79.6,82.8,82,71.1,70.2,90.1,67.2,109,97.8,103,81.2,116.2,127.6,0,117.8,121.9,91,113.3,94.8,88,87.3,77.4,100.1,98.4,93.9,61,99.9,95,50,52.5,62.6,208,78,85.2,106,93,75,111,50,100,175,88,84,158,117,207,60,75,72
1983-11-01,14.8,50,29.5,18,142,44.1,131,91,104,73.8,89.7,50,108.1,131,76,56,100,79.8,105,87,62,106,61,152,87,109,113,74.7,58,68,74,100,103,93.7,63,39,101,67,85.1,80,157,97.9,110,83,78,60,83,122,158,93.7,96,73,57,170,62,88.9,90,65,100.2,63,145,83.7,95.5,68,65.5,81,108,89.6,70.7,62.5,104,43.6,0,80.7,58,78,82.2,84,96.6,58,79,46,41,93.2,91.9,78.5,82.8,91.5,96.5,66,110,117,65,78,68,4.5,36,62,42.9,62,80,64,58,25,49.5,55.5,54,74.3,111.4,74,114,120.3,72,59.5,99.9,101.3,90,68,95.7,102.2,102.6,101.7,119.5,94.5,42,196.5,82,120,141,125.5,64.5,38.5,31,126,105,77,155.2,108,92,58,195,77.8,93.7,70,53,79,48,99.7,90,74,69,66.5,51.5,100,64,80.7,39,21.3,48,85,82,43,109.7,88,145.5,110,107,121,64,124,119,110,44,111.3,128,88,64,166,110,101,64,110,72.5,84.9,117.4,140,116.7,108,150,131,72.8,57,84.8,137.2,26,114.5,114.1,71,75,89.5,74.5,51.4,80,118,55,98,59,65,64,49,16,84,57,56,80,58,86,24,94,103,50,83,72,77,62,42,63.8,121,72,121,132,92.6,40,72.3,130,84,52,61.4,97,36,85,52,119,94,70,50,41,60,59,81.8,75,105,122,86,85,89,116.5,104,94,153,55,36,90,67,147,71.5,35,67,62,97,136.2,108,100,101,111,118,62,112,113,114,71,82.7,125,62,84.7,105,64.8,79.5,112.3,87.4,85.9,89.7,105,86,90.9,113.1,72,98,99,75.5,46.7,60.5,66.1,59.2,67.3,82,89.3,84.1,82.1,92.4,94.4,84.6,85.4,101.3,59.6,73.5,73.8,69.5,47.9,97.1,73.8,92.3,84.1,96.7,100.8,70.7,78.8,99,85.2,105.8,101.5,104.9,75.4,125.6,129.4,180.5,126.3,126.3,151,105.9,88.6,91.7,88.1,72.1,78.7,88.1,88.2,57,95.7,88,72,26.2,17.6,57,57,51.1,53,60,3,42,41,76,153,17,12,25,14,43,22,14,30
1983-12-01,41.6,110,49.3,118,64,127.7,99,52,120,83.7,66.1,57,69.7,86,48,130,58,97,51,119,34,125.8,99,72,78.7,100,104,96.3,120,67,100,71,69,83,100,40,64,107,88.6,86,89,85,44,85.2,83,61,41,89,94,86.9,26,101,36,74,116,76.6,15,52,88.2,77,104,76.7,81.3,84,78,38,100,87.8,164,63.7,106.3,128.2,52.8,54.3,71,71,80.9,92.5,93.6,68,80.1,71,60,111,86,97,81.5,90.5,61.6,67.5,81,71,51,52,42,35.5,49,106,50,63.5,77,140,35,31.5,64,67.5,61.6,88.5,121.7,70,116,100.2,60,68,102.6,90.7,71,70,121.2,15,115.6,130.5,137,97.5,74,41.5,70,120,137,117.5,92,99,106,115,114,106.2,109,83,63,155,218,92.2,120.5,83,76,45,39,60.9,57,73,106,82,104.5,106,112.5,70,131,32,34,135,115,176,190.2,143,98,188,40,136,114,151,56,94,79,104.1,142,108,64.5,131,188,187,64.5,116,132.5,97.1,98.7,109.1,123.5,138,97,113,125.7,99,91,121.4,186,119.2,98.3,203,123,133.5,123,51.5,144,78,105,80,128,52,98,120,70,97,57,68,78,114,102,80,65,87,170,100,91,185,109,86,123.1,264,157,72,73,147.9,120,109.7,199,77,130,143,102,188,90,92,88,77,148,50,29,148,110,121.7,128,85,134,174,120,142,179.4,201,160,242,120,182,123,135,98,61,99,86,105,196,166.5,138,110,115,117,78,55,129,78,128,122,115.9,124,175,133.1,103.8,93.8,92.6,87.2,111.8,88.7,59,96.8,119.1,109.3,112.4,74,85,87,102.7,71.3,89.5,87.6,76.2,84.7,94.5,99.1,97.3,91.8,121.7,89.4,99.8,94.2,94.5,89.4,125.3,104.2,95.1,62.9,145,66,128.6,127.9,118.1,135.2,84.7,102.3,98.2,113.6,100.8,111,93.9,84.7,182.7,192,219.5,178,197.6,196,164.4,141.7,140.9,135.8,105.9,146.8,157.1,143.3,105.5,96.2,46,170,45.7,121.8,166,180,157.9,160,146,143,186,117,101.5,175,95,126,135,63,231,120.5,70,88
1984-01-01,153.9,108,71.2,136,196,162,273,173,163,158.7,192.7,163,246.2,143,76,125,283,196.1,250,220,137,171.7,143,151,200.4,255,142,168.7,154,58,275,184,317,184.2,198,183,179,154,136.3,292,375,199.8,102,217.4,148,126,149,260,132,189.8,137,199,203,229,172,226.1,176,92,255.3,123,180,199.4,228.1,115,163,228,173,178.6,139.5,69,156.8,141.7,56,154.1,132,321,143.7,225.5,250.5,234,272.5,175,151.5,184.5,117,260.5,241.8,230.5,228.3,251.5,227,289,219,145,80,121.5,100,211,95.9,111,249,66,192,112,136,206,105.3,211.5,245.4,283,269.5,303.6,126,274.9,241.7,237.8,255,298,186.8,239,299.5,224.4,188.5,171.3,161,150.5,169,154,166,177,138,78,90.5,176,189,129,104.5,198,251,159,250,192.5,161.1,109.5,159,303.5,202.9,380.7,338,246.2,216,109.5,169.5,222,165,116.5,183,60.7,197,224,158,132,266.2,267,152,126,127,207,188,75,125,149,143.5,142.3,114,214,201,99,126,272,201,91,138,125.7,123.9,182.5,167.6,150,137,193,157.4,167,134.3,152.2,173,148.1,135.9,71,141,125.7,140.5,36,127,160,250,161,199,121.9,105,136,57,143,176,97,163,132,111,193,100,93,175,133,104,87,228,94,74,208,338,113,268,170.8,283,171.5,328,198,224,101,220,364,200,174,153,129,133,130,250,123,164,156.9,157,140,19,100,164,130,202.1,74,213,129,152,160,155,146,223,137.5,120,165,107,155,188.5,150,165,137,110,80,120,171,134,93,128,175.2,104,126,136,151.5,129.2,114.4,121,127.5,154.4,145,157.1,147.4,160.8,156.8,141,148,93,154.2,101.8,145.5,128.4,116,110.7,149.3,153.2,163.7,167.2,169.9,126.4,146.8,158.5,121.3,158.2,172,234.6,128.3,96.3,182.6,97.6,158.7,182.2,157.3,136.1,131.5,107.9,148.1,191.8,133,169.4,134.4,121,287.5,249.1,0,250,279,300.5,169.1,159.5,153.9,146.5,128.7,167.6,170.6,159.3,129.6,145.1,187,141,100.4,83.2,206,239,167.8,311,138,184,220,61,229,216,93,101,174,145,220,59,73,91
1984-02-01,33.4,37.3,97.5,79,310,91.1,51,218,83,120.8,208.9,78,205.3,93,125,123,180,129.5,146,275,57,184.5,154,430,173.8,102,87,148.3,159,94,130,170,277,132.7,177,162,202,70,104.5,53,345,152.4,134,183.7,160,141,49,150,102,155,85,305,159,280,112,171.4,39,95,186.6,156,127,154.7,172.4,105,148.6,143,164,149.8,175.9,133,139.4,215.6,89.4,91.6,125,148,112.6,187.1,191.6,142,145,130,173,153.4,142,119,179.5,162.1,109.7,107,178,186,158,162,95,114.5,152,149,95.3,73,98,193.5,145,82,82,68,99.3,192,221,221,214,197.7,216,200,214.6,202.4,393,257,192.3,164,222.4,196.5,124.5,149.2,259,174.5,94,130.2,115,124.5,136,68.5,146,106,112.5,143.9,248,167,201.5,130,351,181.9,157.7,103.5,109,128,115,220.8,240,226.3,117,126,163.5,103,206.5,146.2,162,51.1,42,136,107,187,166.7,220,125,206,193,100,145,354,118,171,92,196.3,166,188,360.7,198,206,71,360.7,60,109.6,117.2,62.9,95.6,182.3,228,192,160,136.6,148,164.1,172.5,436,181,254,298,167,232.8,167,73,90,197,35,70,102,106.2,96,159,95,121,99,82,94,130,109,61,120,34,97,82,89,134,102,52,138,70,139,244,187,155.9,106,144.8,148,153,109,154,81,161,143,112,106,118,156,160,94,74,142,127,176,95,190.7,230,296,206,177.2,330,185,168,58,102,340,204,132,250,127,118,341,106,197.8,196.6,259,207,75,106,143,226,126,175,174,206.3,381,254,207.6,163,112.9,150.9,264.1,155,185,241,220.7,170.4,145.5,174.3,109,98,229,137.8,99.4,136.6,135.1,125.3,135.4,178.1,144.3,154.6,161.6,164.6,158.7,152.8,162.6,195.3,117.2,170.5,214.9,126.2,98.6,185.2,124.1,158.3,157.8,194.5,149.6,113.6,131.5,178.5,183.9,160.8,187.9,172.5,156,246.6,233.4,0,191.6,214.4,147,156.4,138.6,135.8,122.5,112.8,144.3,139.9,132.2,100.3,190.6,190,110,181,112,223,210,226.6,240,220,227,235,179,267,247,185,122,148,247,206,241,42,88
1984-03-01,205.2,77,215.3,241,128,156.7,120,161,201,156.4,164.2,205,226.1,165,191,165,220,161.9,72,351,163,191.4,178,252,182.3,205,184,159.9,130,182,160,206,247,206.8,258,222,175,185,131.1,253,258,208.8,282,224.4,188,244,68,164,195,199,120,180,243,167,244,223.8,61,123,235.2,220,96,185.7,212.8,140,180.1,54,201,160.5,121,190.8,160,173.9,0,114.9,150,373,133.6,224.2,242.5,42,296,238,252,182,221,262,227.8,218.2,360.3,136,322,335,303,146,107.2,69,24,122,91.5,84,101,119,97,59,88,103,103.5,424.5,235.6,360,317,322.8,267,344.5,246.7,237.8,372,360,187.3,267,273.4,224.7,224,173.1,168.7,207.5,204,10,220,263,185,121,58,212,211,135.5,194.5,96,326,175,580,201.8,155.1,134.6,125,353,150,342.5,288,265.4,291,119,285,220,280.5,122.6,222,57.8,10,104,91,164,330.6,319,138.5,201,80,148,84,173,86,135,84,158.6,124,116,150.2,158,201,198,150.2,126,146.1,237,201.3,205.7,182.8,188,132,181,143.4,168,153.3,165.2,182,160.6,129.5,183,180,170.6,179.5,66.7,224,104,97,246,178,116,118,165,155,163,111,137,143,112,172,88,67,83,190,145,120.3,173,278,84,88,244,151,128,241,172.2,162,156.9,330,120,224,235,195,150,118,251,205,151,196,25,96,124,190,163.8,198,149,179.4,0,198,174,216.6,130,100,245,115,147,110,204,189,98,85,159,178,206,193.7,184.4,184,168,147,110,139,132,158,157,167,234,147,152,149.9,154,140.2,119.5,144,139.9,140.9,89,154.3,158.3,164.7,140.9,80,97,107,153.6,99.4,137,120.4,106.2,101.8,139.9,125.8,160.9,145.8,172,122.9,153.2,154,138.3,136,181.1,192.5,122.8,96.7,186.9,107.7,188.5,200.4,181.5,146.8,138.1,128.7,141.4,185.8,137.3,157.9,112.1,118.6,310.2,280,222.5,309.5,274.9,464,176.2,176.3,168.4,156.5,142,187,183.1,171.5,126.5,138.8,75,135,121.7,103.8,135,186,154.2,197,185,140,0,124,142,195,123,145,134,60,175,95,82,77
1984-04-01,24.5,7.3,8.6,5.5,56,4.3,0,48,14,28.2,41.3,7,53.8,15,35,10,35,33.4,100,35,91,56,32,8,37.3,0,15,31.1,8,4,5,66,89,40,17,21,56,17,64.4,16,92,37.9,0,43.6,9,16,83,58,16,41,21,105,25,62,24,45.2,75,38,49.5,25,18,38.5,42.2,27,20.4,51,38,28.1,30.4,39.7,40.6,24.2,8.1,10.3,18.3,19,20.3,47.6,39.6,13,29.5,32,27,44.3,65,12,36.1,27.9,23.3,57,31,50,31,42,12,31,16,20,26.5,13,5,155,32,14.2,5,14.2,13.4,44,40.7,92,44.5,69.3,15,42.3,42.8,32.5,31,28,56.1,50,38.4,62.2,19.5,38,11,25,9,213,18,21,42,20.5,48,8,25,22.8,38,50,30,32,60,25.8,35.7,27.2,17,93.5,28,81.3,85,81,88,22,85,20,45,38.7,21,12,11.8,30,17,64,19,16,37,49,7,11,36,46,31,21,12.5,29.1,49,42,24.9,26,49,5,24.9,24,17.7,24.4,9,6.3,26.8,31,63,42,12.8,16,24.9,30.5,35,29.5,46.2,41,28,37.2,28,23.4,18,22,11,5,28,5,0,28,10,19,14,16,8,7,24,3,0,4,2,7,8.5,0,8,51,13.6,40,0,41,0,14.3,0,14.3,30,21,11.5,0,9,5,53,4,16,21,12,38,39,3,0,14.8,3,0,21.1,0,43,4,42,0,8,14,14,7,35,21,23,36,8,15,16,14,33.3,32.8,28,51,30,53,21,30,41,40,43,43.1,42,51,36.8,36,19.8,19,50.1,22.9,30.4,0,41.6,24.4,19.5,40.2,26,52,11,24.3,25.8,28.6,29.5,22.3,23,23.4,28.6,18.8,24.8,24.7,26.9,21.1,28.8,26.6,28.2,22.5,28.5,24.3,22.8,22,34,21.5,19.5,31.2,21,25.9,38,24.5,30,29.5,31,31.5,22.4,35.1,33.9,50,50,35,39,26.3,19.7,16,18.3,13.2,18.7,24,17.6,11,26.7,29,18,80.8,29.5,34,88,50.1,65,70,40,57,52,85,84,96,72,84,62,32,74,32,33
1984-05-01,0,0,0.3,4.5,4,15.4,0,6,10,12.8,11.4,2,17.7,9,14,17,10,15.5,2,16,0,22.4,5,0,16.2,0,19,17,9,5,27,0,5,16,3,12,10,0,25.6,4,8,19.5,0,16.5,5,0,0,0,9,22.3,3,7,0,0,7,19.8,1,19,13.7,8,2,16.4,16.5,2,7.9,2,47,11.2,16.6,9.7,25.8,9.6,2.3,7.7,2,40,19.8,24.6,20.2,23.1,23,15,25,19.8,40,14.5,19.9,13.7,25.3,24.6,21,54,35.5,46,4.2,24.1,22.3,11,15,3,5,15,14,12.7,2.5,10.3,13.5,31,23.6,48,21,42.4,25,27.3,25.5,22.3,54,45,32.4,28.5,21.8,28.9,13.5,32.2,31,2,5,21.5,7,10.5,14.6,4,17.1,9,5,13.7,12,19.4,25,20.7,28,9.9,32.3,15.2,6,9,16.4,8.2,2,27,33,11.6,6,7,55.5,18.6,12,14.6,13.8,12,8,9.7,6.2,12.7,10,6,0,0,5,9,5,4,0,9,11,13,6,0,6,4,6,10,8.2,16.3,1.2,2,14.3,6,17,22,4.7,0,8.4,13.2,7,7.4,11.3,15,5,7.5,5,5.6,2,14,0,10,6,0,14,6,0,4,10,3,24,0,2,0,0,5,0,0,4.2,0,0,9,5.7,0,0,27,0,9.6,12.4,9.4,7,0,8.7,0,1,6,0,0,0,0,3,18,0,0,6,9.5,12,0,6.1,0,28,0,10.9,0,0,4,4,4,0,0,0,0,0,6.7,6,0,11.2,11.4,18,13,9,24,10,10,15.5,16,9,10.5,7,7,12.2,14.3,12.1,8.9,18.4,10,9.8,0,12,9.2,7.7,15,0,0,19,10.5,9.1,9.6,9.3,14.5,10.9,12.2,10.4,5.9,10.3,10.5,12.6,7.8,13.8,15.3,12.5,9.4,10.9,9,8.3,9.3,12.2,8.8,7.4,14.6,9.4,11.5,9.7,8.4,14.3,10.8,12.1,17.4,12.9,16.7,14.6,0,0,12.6,0,8.1,10.7,10,7,4.7,10.6,10.4,5.4,7.7,5.8,0,1,27.8,22.6,7,7,11.8,7,30,6,10,12,25,29,18,29,10,23,23,14,23,6
1984-06-01,1.5,2,2.5,0,10,11,0,6,16,9.2,13.2,0,21.5,4,20,11,7,12.8,19,17,7,29.1,11,0,13.2,0,12,9.5,13,14,25,18,8,23.8,25,11,5,0,27.4,0,10,16.9,0,16.7,0,1,0,1,0,27.6,11,5,18,0,19,19.2,30,3,16.8,3,4,13.5,19.7,0,8.2,0,23,10.1,8.1,15.4,19.8,10.4,4.8,11.1,2.5,35,19.4,21.7,19.9,28,31,27,26,17.6,21,23,20.8,18.5,40.5,20,14,34,40,9,7.7,20.9,31,5,16.9,13,7,35,18,12.8,0.8,10.8,13.8,42,22.5,42,5,38.9,15,30,26.8,18.9,25,31,26.7,15,25.3,28.3,14,28.3,20,11.5,9,19.3,26,20,8,2.5,17.5,15,18.5,8.9,19,16.3,15,25,12,8.7,32.4,15.3,14.1,10,16.1,15.6,17,60,60,8.2,20.8,10,32.5,19.1,11,16.2,14.2,15,12,44,6.6,10.7,3,12,0,7,0,14,0,1,0,7.2,8,2,0,0,12,0,0,6,8.2,1.3,0.8,2,15,15,0,9,4.4,0,6.6,14.3,10,3.3,8.8,0,8,6,7.5,7.2,0,14,0,0,0,0,0,0,0,2,0,0,0,1,0,0,0,0,0,0,3.3,0,0,26,4.7,0,0,0,2,7.1,10.3,7.6,7,5,0,0,1,0,0,0,3,0,7,0,0,0,0,7.1,1,0,3.5,0,7,0,16.1,0,8,0,10,0,0,17,0,2.4,8,6.2,0,0,11,9.9,0,11,3,0,18,8.5,10.5,2,18,8.6,9,17,11.2,14.1,10.5,6.5,12.3,9.2,9.5,0,13.8,10.9,8.7,10.4,0,0,0,6.8,7.9,11.8,9.2,12.8,7.6,12.4,8.6,5.1,7.7,10.6,9.3,11.6,8.5,14.2,9.6,7.1,8.7,9,8.4,7.6,13.8,7.9,6.8,11.1,8.3,13.2,7.1,11.6,14.3,11.8,10.6,17.1,11.9,13.3,24,19,0,13.3,15.5,5.9,11.3,8.8,7.6,5.5,8.6,11.3,6.3,5.7,7,3,8,11.3,12.8,10,13,12.9,12,15,15,15,13,34,13,9,6,5,20,25,9,12,9
1984-07-01,0,3,4.5,2.5,0,3.1,0,0,3,4.2,11.7,0,10.9,0,12,0,4,7.1,0,5,0,14.5,4,0,4.2,0,4,5.3,3,7,13,2,0,9.2,2,3,0,0,18.6,0,4,9.3,0,8.5,1,2,0,12,0,10.7,3,27,0,0,1,15.8,0,0,10.3,2,0,8.8,14.1,7,1.6,0,10,3,2.4,8.9,21.7,1.8,2.8,3.5,12.8,11,18.3,23.6,14.8,5,5.5,18.2,18.1,16.8,10,14,12.9,20.1,7.3,12.6,22,8,17,3,0.7,18.7,18.5,7,13.1,10.7,6,7,18,12.5,4.4,9.2,14.6,19.4,21.7,24.5,7,26.1,11,8.5,15,12.5,3,17.2,26.7,10.6,20.9,17.2,2.5,29.4,11,7.8,5,11.6,10.4,4,8.5,4.6,2,7,3,10,22.6,11.3,4,13.9,7,9.1,34.1,10.4,12.5,7.5,9,15,10.7,7,27.5,10.2,31.5,18.3,3.5,15.5,3,17.6,15.7,1,9.6,4,6.3,12.1,0,4,0,0,0,5,0,2,0,5.6,0,0,0,0,4,0,0,0,5.5,4.3,3.3,6.2,12.6,0,0,0,6.3,0,5.8,13.2,0,2.9,12.5,0,0,8.1,0,0,0,0,0,0,0,0,0,0,0,2,0,0,3,1,12,0,0,1,0,0,4.8,0,0,0,2.8,0,0,0,0,7,5.2,8,10,8,0,5,2,0,0,0,8,0,0,0,0,0,0,8.3,5,0,1.5,10,0,0,7,0,0,31,0,0,0,0,0,3.9,0,7,0,0,11.4,0,0,0,0,0,0,5.1,8.7,0,10.4,6.3,0,0,11.8,17.2,10.5,8.4,15.4,14,12.9,0,13.4,11.4,12.2,16.4,0,0,0,8.2,8.3,10.5,8.6,13.5,10.7,13,9,5.9,9.3,10.5,13.1,10.2,10.8,15.9,13.9,9.3,11.9,8.5,10.4,8.9,15.4,9.3,8,16.9,8.3,15.7,7.1,9.1,12,11.4,13.4,15,14.9,13.5,17.7,0,0,13.3,13.8,8.2,15.3,13.9,9.1,6.5,9.7,13.7,6.3,7,7.4,0,0,15.5,18.9,0,2,7.8,0,0,0,0,6,13,16,10,6,7,4,8,7,12,12
1984-08-01,0.9,0,0,0,5,0.3,17,2,0,4.1,15.5,0,8.8,0,3,0,0,5.4,53,5,12,9.9,4,0,4.5,0,1,3,1,0,5,0,0,9.6,10,4,3,0,18.6,0,3,5.4,0,9.6,0,0,5,0,7,8.1,2,5,2,0,2,9.1,5,12,11.9,3,3,6,8.1,5,2.7,4,2,3.2,1.1,1.8,21.5,2.8,0,2.5,11.7,8,17.1,20.8,12.7,10,10,5.5,12,17.4,9,6,11.6,18.5,7.1,18,9,8,5,4,6,17,13.2,8,2,5,14,21.4,10.4,4,1,8,13.9,13.4,17.1,16,22,23.5,6,13,12.4,12,17,11,25.5,11,19.9,22.2,4.5,28.7,8,13.5,5,8,8,7,18.2,6.8,7,7.5,8.1,12.9,23.5,13.8,10.8,9.3,11.7,6.2,34.1,0,5,8.5,5,17.5,9.4,15.1,12,9.5,13.5,12.2,12,13.1,4,19.9,14.4,6,5,4,13.4,13.9,5,16,20,13,10,0,8,12,0,14.4,5,0,18,8,16,15,18,14,9.6,2.5,10.7,11.8,15.6,13,5,10,6.8,5,9,16.4,0,4.7,16.2,6,6,6.5,5.5,0,0,1,0,0,0,0,0,0,4,8,10,0,7,24,11,1,7.9,15,5,8.7,4.7,6,5,6,5.5,11,15,8,24,11.9,6.3,8.1,20,0,0,9,15,5,9,13,8,24,24,0,0,0,12,9.5,13,10,8.4,116,23,7,10.5,0,0,42,0,5,15,0,21,17,0,8.7,23,10,15.3,13,7,0,5,0,0,9.4,5.6,0,5,10.9,7,2,12.9,22,10,14.5,19.7,12.2,21,18,12.7,14.1,10.4,20,6,9,6,10.5,7.7,12.9,10.2,17.1,12.8,16.2,16.2,9,16.1,16.3,14.4,12.2,18.7,19.2,18.1,10.6,17.1,11,10.4,9.8,19.5,12.6,9.1,13.9,11.5,13.8,11.2,13.2,18.1,15.9,20.2,22.4,16.3,19.9,20.8,0,54,19,40,15,13.9,12.8,12.2,8.3,10.6,16.8,11.2,6.4,13.8,1,0,16.5,26.4,8,0,10.1,5,0,8,0,14,22,12,25,0,22,12,35,18,34,33
1984-09-01,5.9,23.5,19.4,13,131,15.7,73,72,0,29.2,85.3,20,72.5,36,122,9,87,30.3,53,47,10,48.9,9,16,26.9,0,15,24.6,12,72,40,94,91,44.5,88,23,104,73,79.4,29,135,43,14,49.2,93,3,0,72,0,56.7,50,0,30,123,14,60.1,0,0,75.6,9,48,35.4,47.6,66,18.1,0,22,21.5,63.9,53,65,46.8,0,16.6,9,42,29.1,45.6,42,37,42.5,31,42,43.1,37,39.5,32.1,38,65.6,42,31,38.5,28,22,5,48,22.2,10,12,15.5,9,25,22.7,23.1,11.5,15,23.2,66,39.2,30,34,56.1,30,41,42.3,38,33,41,52.6,50,36.4,62.2,32,47.4,30,23,36,32.7,43,56,29.5,32.5,23,44.6,36,29.1,37,32,26,34,54,29.8,40.7,21.4,26,11.5,2,14,30.5,13,13,27,19.5,25,12.5,36.7,23,16.5,8.8,21,12,34,98.1,120,109.5,83,63,101,89,108,94,78,48,90,129,87,81.7,66,83,79,81.7,82,35,119.1,103.8,112.5,92.5,94,31,93,51.7,61,73.1,110.1,116,81.5,103.8,114,121,98.9,121,0,80,148,57,103,99,62,117,97,106,68,62,90,94,117,104,48,59,94,78,90,16,0,124,21,72.4,89,95,161,182,80.5,65,95,119,70,83,25,90,66.8,120,101.3,109,94,89,0,47,59,88,60.2,98,123,68,0,89,61,94,0,0,112,5,44,91,68,92,44,41,85.8,68,75,97.9,94,88,73,99,86,71,77.3,86.9,102,87,107.7,109,114,93.7,84.8,79.6,72.3,86.9,82.6,96.4,91,123.7,80.8,114.8,91.1,100,112,153,89.5,64,73.3,64.3,61.5,73,72.2,86.8,81.9,86,79.5,79.3,89.4,92,103.6,65.1,89.5,54.2,79.2,51.6,132.2,74.2,70.3,74.3,72.3,73.8,79.4,67.5,84.4,55.9,94.2,83.8,91.4,70.3,97.8,110.1,17,35,115,106.5,98.3,86.4,75.3,82.5,70.7,81.3,79.3,85.7,65.1,91.7,107,35,75.6,93.5,65,112,82.6,108,96,98,97,71,124,125,93,104,120,55,103,66,116,122
1984-10-01,10.4,0,33.5,11.5,68,34.6,57,102,11,34.5,88.4,30,95.2,14,103,53,155,45.4,30,97,46,81.3,44,92,58.9,43,20,57,96,121,54,89,279,58.2,74,34,97,110,69.4,11,111,64.9,11,73.4,26,3,22,90,10,79,69,121,53,91,27,94.2,37,43,97.2,54,36,56.1,67.7,41,30.5,106,89,40.9,32.4,41.1,50.4,15.6,0,1.5,20,29,38.5,56.5,61.9,7,27,5,20,51.8,7,34,46.8,46,96.5,12,105,14,39,13.5,13,4.5,19.7,16.4,40,26.5,12,24.6,30.6,4.5,4.4,9.5,22.1,122,66.4,36,37,80.4,32,17.5,57.5,56.5,67,84,54.5,27,65.2,60.7,41,54.8,112,11,14,47,12,16,14,1,8,15,9,29.8,33.5,19,20,54,88,37.5,41.9,25.3,26,27,12,29.7,37.9,18,16,13,43,62,30.2,58.3,34,12.2,10.3,16,4,6,35.6,14,16,27,40,60,60,24,19,61,18,38.6,11,12,40.5,10,27,29,40.5,148,27.4,29.3,34.9,106.4,34,22,13,33,36.9,0,34.5,41.1,22,30.8,59.9,40,25,29.8,24.5,33,35,25,5,50,28,0,7,62,60,79,67,71,56,82,41,48,70,144,140,54,30.5,55,112,9,35.7,32,45,101,52,37.8,42,45,31,42,17,9,12,11,48,32,110,50,8,63,0,0,0,23.5,6,0,40.1,65,12,5,53.7,0,0,21,10,2,38,16,40,42,20,34.9,43,34,47,22,40,45,8,12,8,26.8,28.2,5,11,34.7,8,11,34.2,35.8,44.2,29.4,67.8,36.2,38.4,67,69.2,26.9,47.4,44.5,22,0,87,53.5,41,44.6,49,30.7,30.4,36.9,50.4,37,36.4,50.6,48.9,46.4,50.9,49.8,48.7,42,43.5,57.1,34,44,43.3,34.8,35.9,31.1,45.9,36.7,34.8,41.8,45.1,38.1,54.4,48.1,38.5,44.2,51.3,25,46.5,58.5,25,50.2,41.9,39.5,39.8,36,37.5,44.7,42,28.1,38.4,0,41,114.8,29.4,22,25,41.2,33,110,46,55,63,65,95,75,73,122,39,51,5,37,39
1984-11-01,3.9,20.5,8,16,145,49.7,104,106,41,29,103.2,30,92.7,49,251,50,130,38.8,85,45,100,96.2,45,118,45.6,33,64,38.2,41,262,10,161,97,50.7,44,12,283,203,75.4,27,114,47.2,92,73.3,44,14,96,109,16,85.1,133,89,22,102,109,92.5,135,125,104.1,24,123,42.8,58.8,96,36.8,132,35,25.2,161.9,163.2,55.4,136.6,0,21.4,24,57,33.9,41.9,48.7,48,49.5,14,2,68.8,50,22.5,41.1,48.6,61.6,38.5,35,31,53,17,3.6,35.5,25.2,8,22.1,8.5,13,5,33,11,4,5,31.6,66,59.9,46,36.5,67.6,57,38,57,42.4,17,12,62.2,25,57.8,60.6,12,61.2,28,26.5,8,38.3,22,15.5,13,31.2,31.3,14,6,37.2,39.5,3,31,10,57.5,38.3,46.7,31.2,10,63,27.6,112.5,44,65,84,6,47,20,43,44,12,26.3,14.1,8,6,19,133.3,139,149,188,133,98,97,138,99,106,13,141.2,175,230,140.6,119,188,117,140.6,48,66.3,135.5,127.4,113.8,127.5,139,205,134,54.2,37,108.7,179.3,83,152.3,115.4,189,148,154.9,147.5,20,95,75,20,27,71,66,18,79,45,95,30,76,69,111,81,12,33,50,58,77.1,57.6,90,94,70,59.5,48,57,132,50,86.7,68,86,122,94,25,46,121,79,108,111,124,119,72,67,11,48,120,79.1,128,109,97.8,229,111,42,135.8,131,62,108,145,95,64,67,125,83.5,78,116.2,113,100,157.5,139,78,140,183,149,172,126.3,150.3,153,124.7,135.3,132,144,141.8,117.7,72.8,116.1,136,107.5,100.7,93,119.8,94.8,111.7,136.9,147,110,86,88.5,62.6,72.1,61.8,78.9,78.8,72.4,77.9,95,93.6,114.2,97.3,85.5,92.7,111.8,62.9,88.3,69.4,73,40.9,91.8,82.2,100.2,97.1,131.5,98.8,68,109.9,124.1,79.8,105,126.1,120.4,94.8,119.4,129.5,200,206,128.1,86,98,75.6,68.5,78.3,67.1,82.8,81.2,76.6,56.3,126.9,92,70,120.9,107.5,121,176,138.5,164,149,110,167,176,221,222,191,111,175,130,158,127,107,118
1984-12-01,39.7,148.5,106.1,41,119,49.3,205,74,17,84.3,94,45,88,196,97,33,76,86,40,90,83,127.3,120,92,107.6,35,37,90.8,80,68,85,62,86,79,61,162,82,55,127.1,102,105,99.2,62,82.1,68,196,20,101,27,101.2,128,94,78,70,22,82.8,64,111,90.2,111,43,96.3,99.6,76,97.6,53,133,88.2,197.3,244.1,119.4,113.4,0,48.8,15,62,77.3,116.6,102.5,47,64,89.5,50,108.2,53,63.5,92,97,228.3,115,54,137.5,96,31,14.9,121.5,50,31,10,54.1,64,40,54.4,13,20,34.5,61.6,165.5,119.8,120,155,114.2,50,162.5,115.4,111.9,114.1,113,122.5,94,125.9,115.4,91,102.1,46,74.5,43,82.8,116,106.5,68,107,77,117,72,93.7,35.5,65,55,45,71,101.9,109.2,54,32,122,119,130.2,153,195,184,79.5,136.5,90,154,101.7,162,30.4,3,74,88,41,250.8,176,174,141,182,183,180,79,184,233,146.5,141.6,167,202,175.2,169,141,302,175.2,120,171.7,186.5,171.9,236,161.7,286,140,220,159,246,183.6,159.2,58,153.2,145.8,95,114,98.3,114,68,135,140,126,190,246,189,128,168,210,251,152,193,122,167,175,78,291,150,228,190.5,125.4,169,182,29,137.7,210,214,99,240,216.3,165.4,89,256,114,233,162,225,259,173,226,207,179,202,110,111,181,197,158.4,228,139,184.4,203,202,211,211.4,222.4,245,351,161,223,167,180,336,229,125,190.2,156,316,186.2,283,185,260,173,143,119,109.4,126.5,84,89,179.4,72,82,91.4,159.4,129.9,140.2,131.4,164.7,159.9,123,146.1,168.8,178.6,152.7,181,146,110,137.9,100.8,137.7,124.2,111.2,103.6,157.9,146.5,154.8,164,179.9,127.4,147.3,148.9,137.6,157.9,152.2,161.1,156.3,111.6,195.9,114,182,172.1,160.1,165,115,117.3,150.9,157.4,130.4,177.4,126.9,127,241.5,288.8,450,407,312.1,349,232.4,188.1,196.8,161.6,148.4,186.8,180.1,166.5,136.6,144.4,197,165,49.4,71.4,74,42,82.1,118,55,67,70,63,71,82,80,36,55,68,107,53,68,57
1985-01-01,125.1,90.5,119.1,81,310,116.8,213,235,125,127.3,130,94,193.2,174,199,178,180,126.5,108,168,217,216.6,69,229,159.4,85,169,138.5,157,212,146,262,95,134.7,132,103,240,157,112.5,72,244,137.6,185,162.9,218,40,186,208,106,168.9,178,154,126,235,144,175.2,225,280,195,76,230,138.5,133,214,30,160,230,132.4,177.3,174.1,133.9,209.6,118.1,105.7,120,168,114.9,159.5,159.5,182,193.5,147,177,149.7,153,103.5,155.5,158.6,109.7,185.5,122,161,149,126,61,114.5,91,167,81,136,66,136,76,37,92,100,97.4,87,225.4,177,95,205.9,229,298.5,180.7,180.4,179,115,165.5,182,212.8,189.1,119,172.6,122,113.5,121,120,110,127.5,146,122,149,122,136,120.7,170,102,162,137,155,153.4,141.7,166.5,44,131.5,77,130.1,58,82,53,131.5,65,134,72.5,111.8,103,45.2,7,149,124,200,231.4,212.5,149,222,106,152,128,227,143,158,91.5,164.8,161,227,95.8,180,222,182,95.8,50,147.5,158.9,138.5,209.1,166.7,208,199,210,148.1,166,154.2,164.5,90,160.6,112.8,267,274,323,274,102,150,67,134,128,98,131,87,110,113,152,139,128,177,153,148,136,83,146,172,160,104,130,197,81,127.4,272,125,59,234,188.1,160.2,139,243,102,187,98,151,193,150,219,212,120,168,149,163,124,142,161.1,183,156,188.8,46,152,138,220.9,197.9,86,362,152,210,110,206,248,120.1,119,164.1,108,126,203.9,208,106,195,194,151,209,151.3,181.6,342,267,176.6,218,235,179.8,150.9,137.5,127.6,125.4,140.5,128.6,80,117,168.9,142.8,121.7,101,108,76,144.2,91.1,138.3,122.6,97.8,92.4,133.8,138.3,159.2,136.4,161.9,117.2,147.6,139.6,120.5,125.8,174.7,171.7,117,101.4,177.9,105.2,173.3,177.4,182.8,175.4,113.5,125.2,145.6,162.6,119.8,155,105,108.9,228.2,238.8,312,210,262.8,0,197.1,180.1,178,166.8,145.9,189.8,188.6,172.8,130.6,129.7,151,148,250.1,161.9,0,232,176,208,251,263,214,140,234,261,247,258,221,203,136,271,194,184
1985-02-01,117.3,131.3,148.7,162.5,129,98.1,51,108,135,122.1,125.6,45,146.2,84,200,84,125,147.9,133,130,88,149.3,175,106,166.9,59,66,151.9,114,252,170,211,106,154.8,130,120,267,195,111.3,52,96,153.8,115,150.8,41,123,68,66,211,141.5,168,84,149,120,279,154.1,157,92,150.9,112,310,144.5,156.1,142,109,153,158,143.4,110.2,71.9,118.8,110.1,123.9,135,121,237,123.4,195.1,184.2,139,164,179,129,177.4,143,165.6,182.2,156.4,360.3,122,148,186,219,141,143,69,85,146,147,153,94,220,80,110,126.5,130.5,89.2,85.6,210.6,271,192.5,235.1,269,395.5,221.9,191.5,108,157,169.4,279,225.9,196.6,115.5,177.8,147,172,199,201,200,176,78.5,22,74,206,179.5,106.5,191,105,119.5,107,126.5,164.7,132.9,180.7,128,188.5,139,225.7,156,163,142,186.4,57,133,224.2,105.7,120,37.3,39,173,116,106,147.6,185,113,51,82,133,93,72,52,67,79.5,101.5,118,92,21,102,51,120,21,70,55.5,106.2,166.1,98.6,135.2,89,73,159,109.4,108,84.9,117.7,28,102.3,81.3,92,62,46,62,162,46,207,22,103,74,85,100,87,35,83,49,81,62,93,60,80,41,60,78,55,89,64,136,172,87.7,256,135,60,90,116.6,84,162,153,56,136,101,103,178,132,106,116,57,132,249,140,146,127,110.5,82,53,129.9,52,70,187,156.7,152.1,110,151,98,14,50,74,114,84.7,65,82.7,108,81,135.3,78,108,99,78,120,99,87.2,85.9,68,69.1,110.7,64,40,69.5,93.5,80.2,66,80.3,80.4,84.2,82.8,94.8,89.5,96.5,97.8,81,52,58,87,62.5,74.7,78.8,62.2,80.2,92.1,94.5,91.9,93,110,90.4,74.5,91.4,84.6,73.4,94.5,162.6,67.9,59.2,111.2,59.4,100,121.1,114.8,118.4,80.2,75.2,84.3,113.3,92.6,100.5,91.9,77,192.1,205.8,275,134.1,173.5,290,127.7,130.9,148.4,118.4,93,110.1,142.9,129.9,81.8,71.7,53,56,75,77.2,38,97,68,73,42,50,30,55,53,95,69,67,84,40,48,70,60,59
1985-03-01,46.1,53,52.2,24.5,149,36,41,81,69,86.7,77.5,94,99.7,106,100,96,46,120.7,55,66,242,130.7,82,194,120.5,63,41,106.8,52,84,105,58,57,117.1,100,46,102,62,112.4,19,87,129.5,122,100.9,47,108,152,37,89,98.4,124,212,130,65,77,95.6,133,164,101.6,84,105,126,104.6,85,86,122,131,117,12.4,14.5,96.8,18.9,65,123.8,22,221,95.4,147,147.8,229,222,262,292,132.8,237,122,151.8,107.7,23.3,325,100,370,108,296,124.5,31,95,108,72,94.4,66,80,142.3,97,56.5,37.5,64.9,163.5,177.7,353,187,202.2,350,284,160,166.1,230,164,149.3,286,192.9,152.4,66.5,144.7,94,249,72,73,69,108.5,38.5,64.7,33,60,91.6,83.4,65,112,67.5,80,66,109,106.1,144,120,116.5,44,131.5,180,64,112,135,142.5,158,141,114.2,46,28,11,122,110,250,60,69,5,14,21,25,13,7,70,30,14.5,40.9,20,9,85.1,12,14,47,85.1,25,57.1,56.5,32.6,41.5,44.1,87,17,25,56.5,70,41.1,39.4,19,31.5,60.2,20,27,26.7,27,41,72,82,84,30,44,94,0,38,38,30,40,103,35,52,46,40,47,29,137,70,66,40,98,26,59.5,87,100,60,0,60.1,60,42,61,19,48,110,26,49,89,60,62,32,90,139,29,50,44,56.5,52,58,59.8,0,114,91,110,72,0,33,42,38,35,49,58,49.2,56,38.4,8,38,55.9,84,41,27,7,13,20,28,31.1,11,36.2,37.9,24,46,46.3,55,61.2,28.2,56.9,42.3,51,62.6,71.3,59.9,62.2,41.8,60,51,104,62.7,41.9,33.7,52.8,27.2,38.4,54,67.5,50.1,54.8,58,68.6,57.6,75.4,63,58.5,67,55.9,54.6,42.5,66.7,34.3,48.5,53,46.1,50.1,55.4,35.5,39.3,73,51.5,69.8,42.5,32.7,96.8,98,263,91.9,91.7,27,72.3,67.2,70,64.4,62.6,67.5,63.8,73.1,48.6,61.9,85,57,43.3,36,27,75,51.2,62,42,68,63,0,87,79,95,107,143,77,109,78,42,44
1985-04-01,27.4,0,0.7,1,151,40.3,77,76,37,39,98.4,43,117.3,26,159,43,87,50.9,242,47,73,71.7,64,142,58.4,0,48,51.6,47,158,145,89,283,63.3,95,81,122,68,80.6,62,222,69.7,108,74.4,62,61,25,207,71,80.1,145,37,44,153,65,96.8,27,15,96.8,48,139,50.6,74.8,140,0,29,83,39.4,48.9,48,59.2,50.2,8.7,2.3,3,22,39.3,63.7,60.3,23,23,48.8,27,69.9,27,26.5,51.7,46.4,25.3,30,62,45,39,32,7,37.2,28.6,23.4,29,26.9,25.9,15,30.6,4,9,8,25.1,97.3,88,37,79.2,84.6,60,53.5,67.6,69.8,20,59,63.3,57,73.8,64.6,62.5,70.6,53,37.1,14,16,19,15.5,15,20.6,22.9,33.5,14,39.4,8,16,59,70,68,40.9,48.2,13,11,51,32.8,40.4,36,108,185,9,63.5,71,70,69.4,82,13.4,11.2,10,19.6,19,34.2,55.5,15,111,18,15,23,79,35,9,0,43.4,38,11,24.5,19,111,14,24.5,40,29.6,86.1,32.9,34.3,35.9,17,37,11,34.8,15,45.3,46.5,138,39.1,69,73,78,76,78,17,0,14,50,86,102,79,60,74,34,48,55,36,85,38,44,0,30,74,0,45,14,22,47,7,26.5,50,64,55,0,39.1,40.7,64,60,97,74,0,23,46,33,23,34,33,30,9,0,0,11,30.6,24,0,39.6,0,43,10,48.9,31.7,0,8,38,22,30,34,17,41.4,20,30.6,0,10,43.5,17,17,28,59,16,21,42.6,51.4,84,51,73,102,70,78.3,49,52.9,33.4,62.6,48.4,47.4,46,75.5,41.8,55.7,50,20,22,55,58.9,47.8,41.7,50.7,27.8,39.9,44.8,49.4,43.3,42.6,50.4,56.2,40.2,66.4,55.5,43.7,49,39.3,50,35.2,52.8,53.4,42.1,39.1,41.8,49.6,37,59.1,46.6,41.7,41.5,59.9,45.4,38.6,45.2,55,0,51.5,55.2,6,53.1,51.2,35,44.1,37.2,38.9,50.7,43,29.6,43,52,30,51.5,51.1,55,51,53.4,53,53,35,46,15,71,84,40,39,14,62,64,30,39,54
1985-05-01,0,7,6.5,2.5,25,13.1,0,32,13,9.4,18.2,0,34.4,0,32,15,35,19.2,5,28,10,37.5,17,26,15.7,0,14,14.5,15,19,33,13,27,28.6,18,21,21,0,27,4,50,21.8,50,25,5,3,7,17,17,33.8,10,14,42,26,8,36.4,0,8,34.1,24,27,23.5,27.1,15,0,9,11,9.5,0,2,19.3,5,0,0.5,14.7,20,21.7,26.5,22.1,13,15,27,26.1,20.3,19,17.8,27.7,16.2,40.5,11,26,20,29,21,4.6,25.3,15.8,13.9,19.7,12.1,8.2,22.9,5,15.2,6.7,11.1,16.8,50,23.2,12,17,45.1,42.1,35.5,28.3,25.4,28.1,23,23.6,37,27.3,33.9,23.5,36.2,19.7,5,20,23,11,12,5,5.1,19.2,18,20,10.4,20.9,15.1,21,23.8,28,11.9,32.8,19.9,13.5,30.5,16.8,42,17,38,27,15.2,24,45,25,26.3,14.9,12.8,12.5,11.7,10.8,7,6.7,12.7,0,0,0,0,0,0,0,1,0,4.6,0,0,0,0,0,0,0,10,8.9,5.5,2.8,6,11.1,0,0,0,6.3,6,7.3,11.3,0,2.1,10,0,4,0,4,0,8,0,10.6,0,0,0,0,0,0,4,0,0,6,1,6,0,13,0,0,6.4,0,0,0,5,8.8,0,31,0,0,9.3,11,15,6,5,18,0,2,7,0,0,4,4,12,0,0,0,5,9.7,7,0,4,0,9,0,13,5.8,0,0,32,0,0,0,0,4.5,0,9,0,0,9.1,0,0,0,0,0,2,5,5.6,0,25,5.8,9,0,10.1,11.5,8.4,7.1,11.2,9.6,11.3,4.4,13.3,10.7,5.6,9.8,0,0,0,12.8,5.4,8.8,9.2,11.1,8.2,11.1,8.1,5.3,8.4,10.2,10.5,9.5,10.3,15,8.8,9.5,8.9,9.3,7.8,7.7,16.2,9,5.8,13.1,8.3,12.2,5.8,7.5,15.2,9,11,13,11,15.5,17.1,0,4.8,10.9,7,9,13.6,13.1,7.7,6.6,13.3,15.1,6.2,6,5,10,3,8.9,7.4,0,0,5.8,0,1,0,0,0,0,0,0,2,0,0,10,0,2,6
1985-06-01,0,0,0.1,2,0,0.5,8,16,5,3.8,19.1,4,14.4,3,8,5,5,3.3,13,0,5,10.4,3,0,4.1,0,1,5.1,0,10,5,1,28,10.3,5,0,13,0,17.9,3,25,7,0,12.2,15,3,0,48,5,8.9,9,10,0,0,0,15.5,0,0,12,0,0,5.2,10,5,0,0,10,6.1,8.2,10.7,22.6,0,0,0,13.2,16,19.7,22.6,13.8,13.1,14.4,16.4,4,18.3,16.5,11.4,11,13.8,14,10.1,13.5,3,9,5,3.2,19,16,9,5,10.1,2,40,5,13.6,5.7,8.1,12.7,1,18.5,17.8,5,22.2,23.9,2.5,10.6,11.7,12.1,13.3,26.3,3.5,18,23.6,4.8,30.3,12.3,6.9,8.6,12.5,12,12,11,6,3,11,5,10.2,22.5,9.8,10.7,11.5,11.9,11.9,32.7,10.9,3,5.5,7,1,14.6,16.7,31.3,12.3,4,18.1,16.8,12.9,11.2,18.8,12.7,11.6,9.8,4,9.8,9,11,5,3,16,0,0,0,1,0,9,8,8,0,6,5,4,0,20,10.6,4,3.1,2.5,16.4,41,12,16,6.4,0,8.7,11,0,7.3,14.5,0,8,4,8,7.2,3.7,15,7,0,4,5,0,0,12,3,0,2,0,4,9,0,5,1,0,3,0,15,10,0,8,0,35,0,14,11.4,8,20,12,0,5.3,0,2,2.8,0,0,0,0,5,5,0,0,0,7,4,0,4.2,0,9.5,0,10.1,10,0,0,0,0,0,0,0,5.2,0,6.2,5,10,15.1,41,32,0,8,6,11,8.3,12.9,7,18,9.8,0,15,13.3,14.7,10.5,11.1,22.5,14.5,16.7,0,16.7,11.3,11.5,18.9,0,0,0,15.9,9.7,12.5,7.7,14.1,10,13.7,14.5,11.9,10.6,12.1,13.6,16.4,18.1,20.2,11.7,8.8,14.2,10.9,10.4,11.2,19,11.4,9,17.8,9,13.2,9.2,12.4,14.3,14.4,17,20.1,15.8,16.2,18.3,0,0,16.7,57,11.7,16.9,14.8,9.8,8.9,9.5,13.2,9.9,6.5,8,0,0,28.6,1,2,9,8.4,6,1,0,0,20,0,0,11,0,0,0,0,0,0,2
1985-07-01,5.6,54.5,24.8,46,40,12.4,86,65,0,19.2,48.9,0,41.7,0,41,25,70,25.4,0,10,0,35.2,4,52,24.6,13,18,22.3,19,52,0,44,45,33.4,7,0,25,35,81,0,97,33.2,40,39.2,46,0,0,0,3,42.1,15,0,15,66,0,40.7,0,0,42.2,4,0,23.1,35.2,51,0,0,39,23.6,188.2,202.1,74.1,159.7,43.4,44.9,14,32,27.3,38.2,31.1,24.6,26.5,15,33,53.2,27,11,26.6,39.6,12.6,29,10,23,35.6,3,46.4,7,20,38,35,44,39,42,49,55,35.5,35,27.8,15,37.8,38,10,54.1,30,39,39.1,34.6,35.1,18,47.1,42,35.4,59.6,5.5,46,9,27,6,8,45,42,34.5,13,12.5,46.5,21,29.7,43.3,40,19,35,25,25.4,50.7,26.6,26,36.5,21.8,37,38.6,40.2,16,32,26.4,20,12,28.7,34.3,22.7,9.9,52,52,17,141.6,103,116,197,100,84,88,117,50,118,35.5,135.8,130,192,106.1,152,197,136,106.1,117.1,114.2,54.2,111.4,124.4,117.9,125,174,128,73.7,112,108,184.8,95,133.7,107.8,162,173,134,173,0,39,55,18,35,31,32,43,51,60,25,50,43,62,46,59,24,82,70,85,54,64.8,73,106,0,76.1,80,140,40,120,114.6,18,8,126,72,87.5,112,89,114,110,115,115,81,136,0,108,82,123,116,118,114,110.1,111.3,94,94.5,167,174,96.2,148,92,105,88,142,152,113.4,109,121.3,112,120,177.6,125,105,160,101,122,172,137.4,142.1,130,129.1,144.7,155,191,138.7,112.9,57,107.2,103.2,117.4,90,102,97.7,98.5,82,120.6,65,73,78,64.9,67.8,67.3,61.5,77.8,72.3,65.4,81.8,95.2,90.9,122.4,84.7,79.5,84,95.8,62.8,76.6,57.6,56.7,39.8,79.6,83.2,136,111,128,120.1,73,110.1,107,75,96.8,101.7,99.7,80,147.4,149.4,99,256,154,112,115.2,95.8,94.4,96.4,76.7,109.9,113,104.8,64.5,109.1,117,116,152.9,175.9,209,199,149.6,200,199,187,193,0,215,268,188,195,266,223,275,145,206,207
1985-08-01,25.5,14,0,0,0,10.2,0,11,5,13.6,13.4,18,18,34,5,17,9,20.8,0,17,0,26.8,9,0,12.7,0,8,9.7,11,8,17,1,21,21.7,0,4,0,0,41.7,2,25,15.8,5,17.7,5,0,0,25,6,23.4,19,5,0,1,0,20.5,0,0,16.9,4,13,15.2,16.8,5,0,0,14,17.6,6.6,5.9,33.6,4.8,26.7,27.7,17,6,24,32.3,27.5,14,31,19,42,31.6,14,5,23.2,27.7,40.1,14,30,21,8,4,35.7,106,32,31,28,26,31,46,7,37.5,17.7,20.9,16.2,16,31.5,44.9,45,41.3,70,37,27.5,24.8,30.2,25,30,62,25.4,38,11.5,41,22.7,38,4,6,2,25,32,0.5,24.5,32,3.5,15,27,10,32,25,40,14.9,35.6,26.1,30,12,31,12,63,41,43.2,28,21.5,7,14,23.5,4,11.9,4,25,33,30,39.1,12,13,6,33,28,23,11,18,17,13,26.6,36,20,29.2,2,6,39,29.2,27,31.2,20.7,28.5,36.4,25.3,2,19,30,14.9,26,20.7,24.6,10,27.5,39.8,11,12,10,12,2.4,17,2,14,3,0,0,18,27,0,0,13,0,10,0,15,14,22,12,29,23,18,0,26,16,19.3,34,21,20,18,31.9,28.1,18,54,26,24.6,0,35,15,10,23.1,27,28,46,38.7,0,25,19,27,24,32,25.6,48.8,26,38,48,59,23.6,41,47,29,27,32,57,24.3,11,20.8,30,30,35.6,2,13,22,20,21,18,16.8,20.1,31,18.5,17.6,3,8,17,26.7,12.7,18.7,43.1,21.6,26.8,25,26.7,26.3,19.8,41.7,17,3,6,27.6,19.9,23.9,22.2,22.8,15.2,27.7,31.9,22.4,26.8,27,28.2,22.3,32.1,32.4,26.3,22.4,25.6,24.4,16.1,24.5,25.2,20.9,26.9,21.6,27.5,30.7,23.6,24.8,24.7,27.6,35.2,30.2,26.5,38,40.2,57,58,42.4,82,32.1,25.5,25.5,23.7,21.2,26.6,28.1,23.1,15.1,27,27,26,0,0,0,6,7.7,4,7,0,0,0,0,0,0,0,0,0,0,0,0,0
1985-09-01,1,5,0.2,7,44,0,8,33,0,15.7,37.9,0,49.9,0,50,0,18,15.5,0,13,29,46.7,6,31,16.3,0,4,12.5,2,65,0,93,56,33.5,0,8,82,90,42.2,0,40,31.3,31,42,17,0,66,2,0,31,87,42,0,23,0,42.5,73,11,46.8,5,0,23.3,41.4,71,0,28,0,12.5,45.2,60.9,37.1,25.1,0,0,13.6,27,16.7,27,18.5,10.3,22.8,33,21.2,22.1,12,24,21.2,22.2,27.6,31,24.4,49,22,22,16.2,28.3,9,14.7,13.6,11.5,9,9,12,14.1,18,22.5,11.8,2,22.2,20,8,41.2,10,11,25.5,19.6,25.2,20.6,30.7,12,25,40,13.5,32.5,28.7,14.6,30,20,22,29.5,30.4,14,15.8,4,3.5,13.6,30.3,53,21.1,17.6,23.1,15.2,35,12,12.3,28,26,32,22.1,10,41.9,17,10.5,5,22.5,23.8,8,10.8,8.2,21,12.7,8,22.8,57,14,101,20,15,28,80,19,41,0,42.2,34,22,34.1,33,101,21,34.1,38.9,3.4,12.6,46.8,32.5,32.9,20,28,17,14.6,1,38.3,39.9,124,31.2,60.6,63,76,83,76,7,12,16,5,15,30,0,0,8,0,36,4,28,10,1,3,1,7,12,17,7,12.4,38,24,2,16.9,0,58,69,45,23.8,20,6,25,7,19.6,0,48,12,27,19.3,44,14,27,21,3,0,14,8,20,29,21.9,19,57,13.5,22.3,15,15.9,20.3,1,0,48,11,22,38.1,14,22,23,22,30.4,20,27,34,25,26,30,38.2,46.8,48,56.2,64.7,84,72.5,70.4,42.4,16.5,37.8,62.1,44.7,41.3,31.6,54.6,29.3,27.2,46.9,14,15,0,30.9,29.6,35.8,21.8,25.7,27,27.1,22.8,26.5,34.8,35.4,31.9,24.4,34.2,36.5,27.5,24.7,27.8,30.2,25.8,23.9,46.4,25.4,26.7,34.1,32.2,31.7,51.6,36.5,26.7,35.6,41.1,45.4,34.6,29.6,32.6,0,0,35.1,34,26,23.1,20.4,18.9,17.1,22,24.4,21.9,13.5,35.4,39,3,51.7,71.6,39,46,50,53,13,37,28,36,65,72,111,62,121,89,119,80,69,37
1985-10-01,2.8,7.5,11.2,4,187,74.2,124,198,40,38.7,106.8,68,107.6,14,98,49,180,43.5,128,57,45,119.1,47,114,62,32,39,45,21,116,93,167,217,73.7,31,45,193,180,87.7,82,167,79.3,100,94,114,110,0,96,26,105.6,116,19,58,108,72,100.4,0,39,123.9,50,18,62.3,87,112,10,102,55,39,73.7,63,61.4,74.6,35.8,40.5,12.5,74,48.8,66.2,70.5,34.4,60,44,42,72,38,54.5,62.3,63.4,91.9,42,32,26,109,13.5,50.5,25,6,37,10,17,35,10,23,36.5,24.2,23,34.4,1.5,93.8,70,22.5,77.9,83,123,76.5,63.6,73,63,69.2,44,85.6,63.1,87,67.7,52.2,41,44,38,43,79.5,72.5,20.5,22.5,72,74,44.9,46.1,11,76,88,87,48.1,50.8,37.2,41,45.5,18,31,30,123,61,47,42,47,57,54.9,45,22,9,30,38,48,93,49,82,130,74,104,139,144,43,115,0,103.2,126,147,79.8,71,130,86,79.8,84.1,52.4,53.1,89.1,98.6,94.2,200,147,107,50.1,0,90.1,140.2,157,111.1,124.9,100,77,91,77,15.1,26,66,50,44,15,25,8,35,65,82,84,48,51,44,36,23,37,38,78,67,47.2,36,77,11,112,10,84,86,102,57.7,34,42,81,53,46,0,67.3,17,75,73.5,72,107,32,66.1,0,29,78,9,106,54,69.3,83.1,74,45.5,94.3,87,54.2,95.4,49,61,92,88,77,94.5,60,106,91.2,86,125.1,202,168,148,45,117,77,96,100.6,101,67,93.9,130,99,110.8,96.7,47.8,101.3,116.1,93.2,92.4,61,107.8,72.7,82.6,114.6,41,40,85,64.7,55.2,57.3,55.1,62.6,61.7,76.2,71.3,81.5,79.7,95,79.7,78.3,84.9,97.6,60.4,72.3,60.4,66.2,37.6,71.9,76.7,83.6,79.6,91.5,76.4,66.9,87.4,104.6,66.2,108.3,93.1,105.7,86.2,91.7,94.7,0,137,99.3,122,72.7,62.4,60.5,65,53.4,65,65.1,60.5,50.2,89.8,84,52,104.4,173.7,70,40,61.8,69,52,53,112,16,97,71,92,48,79,128,155,95,160,160
1985-11-01,219.4,72,128.4,43.2,73,84.5,128,124,79,146.8,124.2,105,162,83,112,192,240,155.5,105,262,79,165.3,149,91,150.5,107,102,138.6,261,150,210,152,138,146.6,218,141,97,97,96.2,78,136,150,148,177.7,80,36,70,168,146,142.4,143,58,145,126,84,169,79,80,187.4,142,104,148.6,148.9,75,78,60,194,138.6,76.8,73.2,147.8,25.8,148.3,75.7,221,266,117.7,215.8,231.9,226.9,87,122,121,167.4,245,261,211.8,180.1,278.2,195,196,241.5,183,17,105.5,92,107,104,110,92,74,96,126,3,141.5,155,101.3,60,210.8,232.9,135,284,178,260,224.3,216.1,217,293,166.6,171,267.4,208.2,240.5,171.2,203,211,206,182,160,180.5,131.5,203,150.5,208,245.5,117.3,148.5,102.5,205,256,219,163.8,142.5,136.7,121,257.5,271,304,321,151,228,167,148,160,170,100,177,50.5,52,122,98,72,158.8,138,48,39,25,52,45,59,185,105,81.5,90.2,61,84,227.6,140,39,139,227.6,109.5,65.3,109.9,111.5,128.4,125,112,77,73,103.5,117,66.6,98.2,131,69.7,85.4,51,28,87,28,2,132,125,55,139.2,129,87,95,107,108,178,133,154,162,157,116,62,130,108,142,159,104.9,160,171,189,86,60,138.9,139,143.5,147.9,116,113,122,82,129.8,72,126.7,161,126,120.5,142,90,90,76,39,68,118,105,164,124,145.2,90,146,70,155.5,130,136.3,150,91,35,77,170,162,104,42,104.8,35,158,120.2,112,126,148,78,29,47,69.2,76.6,90,37,100.5,53,68,92.8,97.9,128.7,66.5,91.7,90.7,99.1,125,125.7,109.2,133.2,104.6,211,127,21,134.6,84.3,105.3,94.4,75.1,90.2,107.8,117,114.6,99.2,124.4,99,105.1,113,91.2,103.2,141.6,147,110.5,71.1,182.3,62.2,130.6,142.9,107.5,110,90.4,71.7,88.8,117.5,98.6,101.7,85.2,73.4,204,181.4,0,152.6,192.6,164,137.3,130.4,129.1,125.5,113,132,112,115.8,104.5,99.5,110,65,54.2,127.7,45,50,88.8,83,103,105,48,40,120,178,60,38,109,0,136,146,96,126
1985-12-01,55.8,41.5,83.5,98.5,76,227,95,93,163,111.8,96.9,101,98.2,210,52,332,58,123.5,102,206,127,185.7,186,64,145.3,161,155,135.7,152,40,78,91,52,126.9,123,141,69,138,137.4,43,64,139.4,83,111.5,56,245,123,67,200,121.5,215,96,195,59,91,109,135,53,116.6,196,143,122.7,116.9,139,230,45,183,127.2,71.3,102.1,130.6,127.3,124.6,54.1,112,228,108.3,164.6,163.4,333.8,182.9,129,111,154.1,422.5,156.5,158.6,154.2,220,178,140.4,247,165,31,77.4,55,35,132.1,79,30,152,51,100,78.5,54,81,101.2,155,201.6,194.3,266,212.1,135,451.5,187.9,180.2,258,198,162.1,113,222.5,193,138.5,154.8,144,166,125,125,98,122.5,99,78,120.5,124,125.5,121,125.3,105.9,233,95,187.8,146.6,144.8,135.7,83,169.7,139,124,276,155,147,127,108.5,168,181,113.4,141,52.7,85,145,110,112,210.5,327,255,107,284,181,144,163,203,249,87,178,197,178,215.9,220,107,229,215.9,120.4,157.9,75.9,267.8,225.5,181.5,228,220,229,146.7,122,173.6,181.5,173,205.8,160.7,121,243,98,243,51.5,40,3,148,120,56,35,80,70,75,87,110,62,97,36,49,62,117,92,134,139,104.3,132,185.1,104,92,118,281,83,157,167.2,159.1,110,315,134,128,123,185.6,170,125,193.4,179.9,224,172,109,75,138,190,171,196,179,184.9,148,184,94,200.3,85,170.9,247,143,99,199,195,226,168.2,147,177.5,164.3,171,198.9,228,180,180,229,178,167,140.4,170.9,202,89,228.5,109,144,142.5,171,90.2,145.9,197.7,174.2,148.8,228,154.4,170.8,135.6,178.1,151,120,123,115.8,84.8,115.6,117.8,111.5,114.2,139.7,141.2,155.3,159.2,174.9,141.6,147.4,137.3,146.1,128.9,155.9,176,129,88.9,158.9,119.3,179.2,189,170.6,160.2,111.4,126.4,173.5,184,147.7,180.2,139.4,126.3,252.1,238.8,0,494,245.7,233,178.8,165,178.7,136.4,128.3,158.4,158.8,157.7,107.3,156.4,120,146,168,117,147,161,166.9,183,136,120,154,120,140,166,259,221,140,155,160,204,91,114
1986-01-01,15.2,38,101.6,47.5,78,145,63,72,115,74.2,80.4,55,78.3,34,91.5,105,43,70.8,32,31,27,91.3,70,80.4,62,60,106,70,39,53,60,82,66,74,101,84,123,80,23,65,67,82.6,90.8,79.2,55,21,62,90,108,90.4,10,24,40,69,48,79.8,71,31,76,73,38,78.1,92.2,14,20,65,29,78.6,131.7,113,92.2,58.4,48.1,23.1,171,72,69.9,86.2,81.1,101.4,92.7,49,114,96.3,84.2,64,84.3,98.2,81.1,130,23,70,81.7,126,64.5,37,45,117,53,11.5,105,54,17,47.5,22,136,56.2,54,114.5,121,147.5,110.1,58,136.5,100.7,90.2,91,34,112.6,56,110.5,118.6,87.7,87.3,18,92,19,21,36,44,13.5,22,18.5,51,32,81.5,72.1,144,68,75.9,50,67.9,86.2,59,21,167.5,167,210,254,122,86,134.5,108.5,51,65,64,84,38.6,7,53,12,77,133,26,133.6,156,87,73,88,238,34,140,48.5,163.2,249,229,177.1,100,156,79,177.1,127.6,89.6,73.2,68.4,91.1,122.7,86,199,123,61.6,101,102.5,171.7,248,161.1,168.1,227,232,220,232,115,66,35,65.2,43,38,36,48,56,61,134,122,110,74,86,64,50,93,42,46,61,65.8,41,150,115,72,113,238,78,119.4,117.6,78.8,137,45,107,80,88,99.9,79,55,61,88.3,75,86,111.8,0,62,57,47,58,51,97.2,74,190,60,127,99,97.6,138,68,77,142,110,91,140.9,116,120.1,70,76,152.6,86,58,75,115,251,250,153,172.3,220,109,169.9,214,156,186.8,108.6,77,115.1,178.8,124.1,110,229,147.9,100.6,111,150.8,66,43,36,97.1,70,84,88.4,86,88.9,94.9,101.6,116.9,99.2,105.2,128.3,111.3,120.2,144.7,68.8,103.5,110.1,94,56.8,125.5,99.2,113,98,132.1,102.8,86,111.8,145.6,107.5,130.3,131.8,127.8,99.3,123.3,127.3,0,185,125,125,101,87.8,96.2,83.3,79.5,96.9,91.1,90.4,67.3,146.3,128,90,322.4,201.9,173,73,174.8,220,264,205,219,110,225,206,120,141,77,207.5,342,125,214,189
1986-02-01,182.8,127,181.5,224.5,133,108,123,153,100,107.9,98.6,95,118.1,56,138,69,101,108.5,41,101,64,110.1,148,110.9,107.1,65,120,26,116,124,81,98,59,112.9,100,124,127,135,207,204,96,138.4,112.6,111.4,76,57,148,186,158,102.6,37,54,168,100,61,130.3,96,65,135.5,138,67,109.1,122.5,87,80,126,108,114.6,93.5,93.2,118.9,65.6,93,95.3,61,89,111.5,139.1,125.6,55,122.8,120,34,151,134.3,120.2,117,96.6,118,112,39.3,148,84,141,119,56.5,19,118,75,75,112,97,80,47,58,98.5,83.1,81,183.6,31,84,138.5,115,75,147.9,137.5,122,125,147.6,140.4,161.6,166.6,103,159,41,121,109,103,158,152,159,114,140.5,137,146,103.5,149,114,69,50,157,109.4,132.3,51,90,165.5,98.2,170,180,137.9,130,79,96.5,166,56.5,57,124,36.4,21,58,111,31,131.8,97,65.3,88,29,68,36,47,45,80,27.5,72.9,70,45,43.7,10,88,43,43.7,83.3,103.6,196.2,65.5,91.5,96.2,77,76,20,113.4,190,55.5,66.6,37,55.9,72.4,82,90,60,90,41,198,8,104.4,214,254,171,124,172,133,172,87,140,90,131,190,94,101,104,90,139,113.7,98,130,66,85,130,82,81,203,127.7,118.9,112,97,75,193,158,116.4,202,90,65,77,38,149,133.6,172,180,32,143,50,25,103.7,84.6,14,174,148.4,105,116.7,96,106,84,47.5,40,238,74.9,50,71.9,63.4,89,90.7,77,27,26,32,42,48,67.2,66.4,71,65.3,71.2,57,88,69.1,77.3,113,53.2,68.6,66.4,76.2,72.7,95.5,87.1,115.4,60.3,75,65,85,128.8,65.3,85.8,89,52.9,80.3,94.1,117.4,80.1,78.5,93.7,78.8,97.2,111.1,77.8,91.2,133.2,127.3,95.7,70.2,153.1,55.4,87.9,113.4,84,87.7,86.6,63.9,73.3,101.7,69.9,80.2,55.7,57.6,145,185.2,156.1,135.9,171.1,191,156.1,150.1,157.1,141.3,124.2,138.5,148.2,135,85.8,65,83,146,137.6,94.4,85,101,89,143,122,141,118,85,131,100,48,66,78,130,135,109,63,72
1986-03-01,43.1,40,74.1,67.5,123,14.5,32,61,15,49,57.8,84,70.1,52,65.9,3,66,49.3,45,9,116,83.3,52,81.3,53.9,15,14,0,30,117,37,75,31,55.7,70,58,135,47,55,73,121,55.4,64.9,69.8,43,46,11,69,53,71.4,128,117,54,71,129,63.8,38,66,68.8,41,120,52.2,61.8,76,8,45,70,42.9,53.9,104.1,67.2,110.3,83.8,29.5,27.3,64,45.1,66,64.4,27,61.9,51.2,78,72.7,61.1,66,60.6,52.5,91,81,12,75,42,296,48.5,45.8,19,42,13,20,60,27,26.6,47,6,5,36.5,71,64.7,46,45,76,59,97.5,58.7,62.3,82,63,71.8,78,64.1,68.2,29,74.5,13,45,43,48,56,65,37,9,16,82,29,40.3,28,49,39,65,10,44.4,46.6,49,21,39.5,38,33.4,48,41,89.6,9,29.5,57,107,109,58,20.4,6,34,30,32,71.3,33,86.4,115,40,61,53,79,45,45,14,85,62,95,50,98,115,43,50,61.5,10.2,28.2,28.5,37.1,68.6,46,118,99,34.2,23,74.2,87.6,113,78.9,73.8,84,106,118,106,63,29,28,28.5,32,71,60,10,6,20,21,79,21,30,121,50,16,74,17,18,43.5,31.7,25,137,34,10,62,47,90,64.9,43.3,41.1,18,56,43.4,53,37,39.8,43,10,34,24,31,24,81.6,12,12,27,19,51,15,48.8,72,21,33.5,83.4,66.8,36.9,25,16,14,63.7,20,16,67,27,45.9,157,65,80.8,46,60,92,80,67,42,80.5,85.7,94,93.5,88.4,104,115,111.2,65.4,36.9,63.5,74.2,83.3,56.6,54.6,74,46,54,81.9,14,8,70,49.6,46,48,46.9,43.7,56.6,50,62,54,57.8,61.5,59.6,48.3,68.6,58.1,48.9,47.8,48.4,49.6,34.2,50.7,68.3,61.2,48.8,66.1,67.3,50.9,81.7,77.1,53.9,76.3,64.8,66.7,74.3,71.7,67.1,63.1,58.4,71.7,31,66.6,52.6,45.8,46.2,38.8,42.5,47.2,44.1,34.5,63.2,62,8,15.7,73.6,171,63,85.4,144,96,72,165,60,103,156,84,43,120,24,105,32,70,88
1986-04-01,1.5,4,6.5,15,172,37.8,36,96,15,58.9,111.6,61,128.7,40,109,76,47,77.3,114,103,50,159.9,45,139,108.7,71,50,46,35,190,49,203,159,93.6,43,42,222,178,87,98,90,107.2,115.2,112.3,56,36,26,83,46,141.8,200,204,75,132,0,117.4,31,66,110.8,61,175,98.7,123,208,36,118,41,72.8,109.4,69.3,58.3,20.6,27.7,9.9,29.1,117,64,107.9,112.4,83,70.3,62.7,79,94.2,84,135,96.1,80.9,190.1,65,146,127,204,32,3,77,18,16,37.4,10,11,28,41.5,30.9,17,40.5,34.1,87.5,119.3,65,13,125.9,85,66.5,107,111.4,116,121,80,46,125.6,78.9,74.5,92.2,123.6,66.3,80,80,65,71.5,49,48,25.5,90,87.5,55.2,48.5,41.5,73,80,159,74.4,66.6,37,39,83.5,28,43.8,57,38,146.6,72,54,75.5,69.2,72,42,19.7,10.8,26,21,28,47.6,64,56.9,97,0,0,22,112,12,6,18,53.8,70,95,25,55,97,4,25,6.6,5,202.2,6.4,18.6,42.2,27,66,31,40,61,54.6,60,112,52.3,72.3,56,93,107,93,18,115,19,39.4,184,151,145,169,94,83,68,53,100,60,48,101,8,45.4,61,76,27,32,8,67.7,57,8,35.6,71,68.2,74.7,40.6,8,20,66,52.5,16,0,33.3,39.2,14,24,27,14,66,83.7,3,0,6,35,18,36,48.1,71.8,5,11,72.5,46.9,31,22,0,0,45,16,10,44.6,4,34.2,38.7,32,49.6,26,0,95,45,61,66,63.8,70.1,193,78.2,88.7,70,97,83,53.4,60.9,45.9,75.5,51.3,44.9,0,80.8,35.5,74.6,57,7,0,121,86,63.8,60.8,56.8,39.5,54.4,54.8,63.1,45.6,47,53.2,52.1,47.8,73.5,59.3,54.6,79.8,69.5,66.7,47.6,83.3,54.9,50,44.7,48.2,56.9,55,74,53.6,48.2,44.4,51,59.7,55.1,54.8,63.7,0,60.7,65.9,21,52.5,54.1,45.4,43.3,39,42.8,52.5,42,29.3,39.5,6,7,173.8,163,126,96,86.7,74,142,116,101,50,196,99,109,112,81,95,166,121,152,131
1986-05-01,1.1,0,2.3,0,9,9.5,0,11,3,8,15.5,5,21,0,20.6,14,15,6.5,13,5,3,20.5,8,18.3,6,0,6,0,3,33,5,33,0,11.2,18,0,13,11,0,5,10,9.2,11.2,15.9,7,9,0,15,7,22.2,13,16,0,0,16,12.3,4,0,20.5,10,0,5.8,15,0,0,8,0,4.3,10.2,15,25.6,0.2,0,2.9,11.5,6,16.9,21.7,17.7,11,11,12.2,16.6,14,10.8,8.9,11.7,22.6,4.1,11.2,12.9,3,16,21,0.4,17.7,10,7,14.3,8.3,6,17.2,12,9.7,3.9,6.6,12.1,19,20.2,20,4,23.4,55,8,12.1,12.1,11.6,8,21.6,12.9,15.7,25.9,6,27.2,8.5,7.7,10.3,10.4,10.1,1,12.9,6.1,10.2,3,11.2,7,19.6,8.5,11.4,12,14.2,7.7,33.9,31,10,5.5,4,9.3,11.2,13,26.5,7,10.5,11,9.9,8,8.1,12.9,11.6,8,8.1,11,14,10.3,10.3,20,0,0,10,0,4,50,0,15.6,41,0,0.6,0,20,20,0.6,10.6,11.1,7.4,0.4,0.3,15.7,6,0,0,6.2,0,10.1,13.5,37,6.8,21.9,8,3,0,3,5.6,0,8.7,9.2,0,0,8,0,0,0,3,1,0,8,0,4,2,13,7,0,2,4.9,0,5,12,0,0,0,5,19.6,8.4,17,12,5,15.1,35,8.9,7.6,19,0,0,0,0,5,26.7,0,0,0,0,0,0,7.5,30.9,0,0,13,8,5.2,29,1,0,17.9,18,26,13.5,15,12.3,12.9,30,19,19.4,0,0,38,5,10,11.1,11.2,5,25,11,6,21,19.1,19.8,8.9,13,29.6,11.1,21.8,12.2,28.1,13.8,13.1,20.9,0,0,44,12.8,11.7,15.3,10,17.4,12.6,16.1,20,11.4,18.4,20.8,15.6,19.9,19.2,20,16.2,10.7,15.1,12.2,12,11.4,19.6,11.7,13.3,14.5,14.3,16.8,11.2,15.2,16,17.4,22,25.3,14.8,16.3,17.6,16.1,7.4,17.1,17,12,14.3,12.1,12.3,9.2,10.1,15.1,11,8.8,16,10,11,21,11.5,1,40,13.9,10,7,10,10,0,12,7,7,18,0,19,10,15,9,8
1986-06-01,0,0,0.1,1,42,7.2,0,29,7,7.9,27.2,0,45.1,17,23.1,17,22,8.2,50,4,25,39.7,18,39.5,12.5,0,11,3,10,70,0,44,25,28.7,3,15,66,29,5,37,40,19.2,32.2,32.9,4,19,0,39,17,36.7,41,36,0,50,39,32.8,6,9,40.4,10,33,14.7,33.8,48,0,7,7,8.5,12.7,16,21.7,9.9,5.3,6.5,14.1,11,18.4,21.3,23,9,12.1,16.1,21.4,17.3,15.1,8,15.9,15.8,8.1,10,7.5,8,9,5,2.4,18.1,18.1,5,14.9,12,9,24.9,14.8,5.5,3,2,11.8,8,22.4,20.4,10.2,36.5,45,15,20.7,15,18.3,14,25.2,14.4,24.6,32.9,10,31.7,8.1,6,4,14.5,14,4,7,7.4,13.5,9,18.2,10.2,22,7,14.4,14.8,16.2,10.8,33.2,47,10,9,8.1,17.1,3,19,41.9,5,19,18,20.5,22,15,14.7,12.6,38,13,25.3,6.8,9.4,5.7,6,0,0,0,5,0,10,0,7.4,0,12,0,11,6,0,0,3.8,7.9,6.8,0.8,0,15.1,7,10,15,4.8,0,7.4,9.5,0,3,21.3,5,8,0,8,6,4,12.2,8.4,0,0,0,0,0,0,0,0,0,4,1,1,0,5,3,0,3.2,3.3,0,0,22,0,0,0,16.2,10.4,8.8,9.3,2,4,8.3,0,5.4,3,0,0,0,0,2,0,22.6,2.2,0,0,0,2,0,3.7,33.8,69,6.2,15.2,0,2.9,0,0,0,12.9,0,0,8.5,0,7.7,7.7,0,15.3,7,14,14,9,0,5,5.4,10.3,0,18,5.8,8,5,12.5,14.8,11.6,8,27.3,7.6,16,0,24.9,9.2,8.7,15.1,0,0,0,6.3,11.4,10.3,12.6,12.2,12.3,17.1,12,7.5,9.1,10.7,14.4,11.6,14.8,17.1,14.3,9.4,17.3,13.6,10.7,8.5,18,8.3,7.8,12.3,10.2,15,9.3,11,16.7,16.9,16.5,23,16.7,15.5,13.8,11.3,0,15.6,0,10.6,9.3,11.2,9,7.1,10.8,15,7.3,7.2,9.6,38,0,4.9,14.8,0,0,6.3,0,7,0,0,0,12,0,8,10,0,7,3,16,16,17
1986-07-01,11.1,26,22.5,21,30,21.8,100,22,13,31.6,36.1,33,42,34,57.4,27,26,42.1,72,26,44,49.7,18,55.1,36,0,31,27,25,56,13,35,46,40.2,34,13,55,22,0,45,50,48.1,46.2,41.6,34,4,57,0,18,38.3,33,44,10,42,22,43,52,27,47.7,14,66,39.7,42.4,25,7,35,36,36.9,4.3,3.8,73.6,10.1,1.5,28.8,12.5,53,34.9,51.3,46.9,35,35.4,48.5,44,55.5,55.1,52,44.5,40.2,70.1,31,28.2,54,81,45,22.5,15,26.7,17,38,31,13,30,32.1,26,16,4,21.3,42,39.2,58.4,42.5,70.2,51,44.5,44.2,41.9,41.4,33,53.9,50.2,32.7,55,29,57.7,30,47,41,46.5,65,65,70.5,67,57.5,68,71,32.5,17,8,7,45,52,31.7,32.9,20,33,7.5,15,9.4,6,39.2,22,33,11.5,39,27.5,26,13,11.9,7,32,36,39.5,47.2,65,20.1,5,35,14,7,0,39,42,58,23.6,5,0,56.2,9,5,28,56.2,65.9,33.5,94.5,47.1,55.7,24.2,19,7,10,55.4,30,31.6,29.3,0,23.2,42.5,0,0,0,0,12,100,91,54.8,69,66,56,92,94,65,58,75,89,91,84,85,60,4,66,42,52,49.8,51,60,0,52,68,51,14,63.2,45,59.4,44,75,73,0,4,53,43,54,26,49,54,48,83,35,29,44,28,45,46,50,63.6,0,40.9,65.4,0,34.8,54,35,36,42,33,49,30.1,38,27.8,24.4,28,44.6,20,10,0,4,23,3,19,12.9,0,16.4,13.7,0,0,11.6,31.3,78.5,21,38.1,23.2,36.9,53,51.6,37.1,47.8,35.8,44,42,91,57.9,28.1,26.8,43.4,24,32.6,42,63.4,43.1,37,45.6,48.5,46.2,54.8,43.3,36,47.2,28.3,46.6,29.8,72.6,22.2,35.8,39.2,25.6,44.8,41.4,17.1,29.5,34.8,26.8,49.2,36,26.6,57,64.9,5.5,0,73.2,51,58.7,50.9,54.2,52.7,58,57.6,56.3,57.6,37.2,45.9,66,49,0,0,0,0,8.4,5,0,5,0,10,7,8,2,0,10,0,0,0,16,0
1986-08-01,0,7,4.1,2.5,115,6.2,0,5,11,8,18,0,20.4,0,14.1,11,24,9.4,73,4,0,18.9,16,19.1,7.3,47,10,0,4,6,10,0,5,15.9,5,0,20,5,0,0,25,10.8,9.4,13.6,8,0,0,13,10,16.4,1,4,0,15,8,15.7,4,0,22.1,6,3,6,11.8,0,0,0,15,9.2,14.4,22.1,22.6,2.2,0,11.1,11.4,14,16.4,21.2,20.2,14.7,14.1,16.7,12,19.7,25,11.3,15.3,16.2,7.5,14,4,15,28,14,1.9,15,14.1,4,14.4,8.1,9,16.6,13.4,11.9,3,6.6,12.4,16.5,21,12,8,25.7,70,17,17.4,18,13.4,19,24.8,15.5,19.1,25.9,7.5,27,5,9.1,6,16.2,9,7,7,5.8,11.3,8.5,9,6.5,20.4,15,13.4,9.3,12.6,8.8,32.7,21,3,8.5,5.7,13.2,4,90,47.1,8.4,10.5,6,8,6,8.9,14.1,9.3,8,9.2,15.8,14.7,20,13.6,6,15,24,19,3,5,10,0,15.2,15,12,12.8,15,6,3,12.8,19.2,15.1,22.5,17.7,20.8,15.9,29,12,25,6.8,10,12.5,15.9,40,11.7,20.7,4,15,0,15,2.4,8,8,8,5,0,0,0,0,20,3,4.3,14,16,7,2,0,10.6,14,0,9,5.5,0,8,4,7,0,16,23,15,10.5,8.2,4,32,19,0,36,11,11,11.7,9,21,3,11,21,0,5,16,30,18,7.1,7.5,33.4,0,10.3,15.7,0,5.3,28,5,0,7,8,15.6,14.6,0,10.4,12.1,16,21.9,29,10,16,19,2,3,11.6,16.3,7,16.9,12.5,7,4,20.4,20.3,7.5,15.5,31.1,16.2,17.2,0,23.4,14,14.7,24.2,0,5,8,13.2,12.1,14.3,10.6,15.4,13.6,17.2,15.6,12.5,15.8,17.6,13.8,12.4,18,19.5,18.9,10.6,14.8,15.6,11.4,10.2,17.4,13,11.2,17.4,16.7,14.8,14,16.5,15.8,19.7,22.6,25.7,19.1,20.5,15.4,0,0,19.4,0,13.1,13.2,14.1,11.2,9.1,14.1,18.5,12.7,8.4,13.6,19,2,4.2,14.6,0,2,13,4,0,2,0,20,3,38,4,4,8,10,68,0,25,26
1986-09-01,9.8,50.5,27.7,30,10,28.6,0,52,42,38.4,46.8,34,55.8,29,59.4,12,48,43.3,73,45,42,70.1,35,57.6,45.4,26,41,4,37,63,35,56,59,51.4,50,29,72,52,30,54,89,61.1,60,64.5,47,31,93,37,41,62,46,58,39,75,10,54,69,48,62.1,29,72,47.5,61.1,79,15,73,42,36.8,39.1,43.2,53.7,24.9,50.6,14.4,9,80,31.7,63.6,58.4,59,42.2,39,63,51.4,49.7,62,52.7,40,102.1,82,46,84,88,22,34.2,25,24.9,27.2,15,32,6,39,32.6,21.1,8,11,19.5,89.5,54.5,11,77.5,72.7,90,82.5,48.4,52.1,68,91,66.9,63.5,56.7,67.9,40.5,48.6,47,31,41,45.1,58,83,47,20.3,43,70,51,33.5,36,22,37.5,49,94,36.2,36.5,31,22,45,24.3,53.1,34,21,87.5,32,45,50,49.5,50,27,9.6,4,21,11,39,51.3,67,42.5,81,25,27,31,56,92,43,0,44.1,23,40,44.5,36,81,38,44.5,49.6,37.6,23.7,44.2,32.7,41,61,46,41,34.2,25,41.5,47.7,47,38.3,56.7,24,53,45,53,7,37,13,25.7,41,35,0,20,27,35,38,22,19,23,32,14,56,28.4,34,35,49.1,33.3,33,64,27,34,52,114,40,58.3,43.7,48.3,30,96,7,0,20,42,27,56,68,33,57,65,29,49,31,37,25,37,70,60,50.1,63,22,59.7,46.9,41.5,34,19,56,1,23,37,41.4,40,38.8,43,64,55.5,61,53,38,39,15,38,43.3,43.3,74,49.7,50,89,86,55.9,47.5,28.8,32.6,55.3,41.9,41.9,34,48.3,42.1,38.1,45.6,75,50,38,39.3,30.9,36.5,36.2,27.1,28.3,36.5,49.3,40.5,44.8,56.1,44.1,42.9,57.1,47.5,38,39.2,31.4,28.6,25.8,44,47.1,42.3,44,41.2,54.1,40.9,54.1,50.8,41.6,35.6,56.8,37.8,34.4,63,65,42,50.6,62.7,66,54.5,45.5,39.1,45.7,39.3,47.5,51.9,50.8,30.4,46.6,50,35,36,32.5,86,117,58.8,84,94,83,87,41,108,99,75,68,70,71,73,90,40,54
1986-10-01,33.2,25.5,15.7,8.9,78,16.5,20,44,13,37.1,56.2,33,54.3,18,49.6,17,78,34.6,33,38,13,68.8,23,51.6,36,12,16,15,21,63,29,86,56,46.3,30,43,59,44,40,28,16,49.9,51,49.4,28,38,12,15,21,54.8,98,104,35,41,54,44.1,29,19,55.4,22,77,38.3,47.1,114,0,18,21,36.7,62.5,60.6,58.7,41.4,25.5,19.2,10,62,37,54.6,55.8,44,54.5,47,41,50.4,57.7,64,44.8,46.8,146.2,56.5,22.5,89,80,101,31.5,47,37.8,45,18,12,39,16,38.3,32.1,44,43.5,26,34.5,57.1,50,57,66.3,105,54.7,50.5,53.4,49,48,65.6,63.2,44.8,67.8,30,65,23,66,37,43.7,51,65,35,26.3,22.5,57,30.5,37.7,47,41.5,30,28,70,38.5,46.1,30,22,42,27.1,40,48.7,19,78.1,25,33.5,17,21,20,43,23.2,10,27,29,63,78.9,65,85.3,54,23,42,40,83,35,57,0,97.3,147,81,33.8,81,54,37,33.8,50.3,88.1,50.4,56,72.2,73,62,92,96,42.6,0,63.5,88.5,112,77.1,82.9,79,70,47,70,76,54,31,27.3,48,43,0,65,42,90,48,14,12,23,19,30,4,37,25,36,46.5,34.5,16,34,106,55,52,50,73,66.1,47.4,51.4,37,70,32,45.1,0,78,43,48.4,54,66,61,103,61,26,26,54,57,66,49,52,82.2,51,54,79.7,71.8,48.5,74,65,34,17,80,69,66.6,61,48,36,64,83.3,62,72,68,105,106,53,75.1,87.9,99,63.5,70.9,66,72,77.3,63.9,35.6,64.1,93.1,69.1,58.4,21,70.9,52,51.8,80.9,54,43,42,43.7,43.3,43.1,36.1,37.7,53.5,55.9,59.4,55.4,57.5,67.3,67.5,55,69.1,64.7,42.8,46.2,34.6,44.1,36.9,51.9,66.9,62.7,62.6,61.7,64,52.8,73.2,80.3,51.8,73.2,67.9,63.3,67.7,77.5,81.3,61,63,75,129,65.8,55.2,47.5,46.6,40.5,51.2,58.4,48,39.4,74.2,50,88,59.4,47,42,63,45.3,35,69,35,39,27,62,54,33,25,34,55,77,48,72,51
1986-11-01,24.7,7,52.1,50,88,57.6,153,120,137,87.6,109.2,99,99.7,78,113.5,100,155,108.1,54,65,103,114.1,105,101,128.5,50,41,40,92,151,92,59,74,98.9,83,108,132,120,27,47,154,119.1,109.6,108,75,48,25,96,102,106.4,84,91,90,50,12,92.3,48,82,91.5,78,228,120.2,107.7,34,25,34,91,87.5,13,11,81.7,14.5,36.5,82.4,34.5,136,83.4,118.6,111.1,134,96.5,123,80,94.3,128.3,119.5,116.5,97.9,159.6,132,103.5,177,148,102,41.9,65.6,73,82,33,29,78,40,50.2,50.2,53,69,48.1,137.3,154.6,111,127,142.6,175,181.5,127.4,130.2,137,112,114.9,11,151,109.9,121,102.5,97.2,96.5,111,78.6,73,98,55,49.9,9.5,97,84.5,66.5,94,73.5,66.5,70,83,99.7,85.8,48,70,199.5,63,175.4,102.6,299,144.4,78,81.5,55,150.5,129,103.5,25,13.5,60,51,123,30.3,116,66.6,40,79,54,84,65,102,77,48.5,92.6,112,100,80.7,45,40,53,80.7,125.9,16.8,75.8,117,133.1,79,47,123,48,47,15,63.1,87.3,158,76.7,145.7,49,62,43,62,70,38,54,58.8,84,81,51,79,120,50,86,71.6,62,43,61,75,50,130,70,114,107,67.3,85,104,14,0,51,102,96,90,72.3,63.1,130,100,115,61.8,67,100,99,74,60,115,117,60,65,38,19,72,21,72,68,31,87,118,3,100.7,84.4,59,70,15,20,218,30,56,85.1,22,83.1,63,51,77.8,47,96.6,48,41,90,50,60.4,70.1,30,54.8,64.9,44,82,74.4,88.9,79.9,67.8,126.3,80.4,103.4,92.5,139.4,74.4,119.2,109,93,97,120,86,62.2,70.1,67.7,49.6,68.6,91.6,97.8,84.7,86.3,82,88.2,102.4,110,120.2,61.3,103.2,82,82.9,51.5,121.4,66.4,69.7,64.2,68.8,66.6,61.1,57.6,94.6,82.9,105.1,84.8,94.1,69.6,88.2,96.3,0,90.5,111.8,52,84.5,74.6,69.5,73.1,65.8,80.7,69.7,73.1,56.6,90.2,126,35,85.8,46,72,33,77.8,163,99,92,75,105,110,108,85,84,66,61,130,66,69,63
1986-12-01,58.7,55.5,68.9,133,22,69.2,96.5,113,22,78.3,86.1,20,76.3,48,103.4,42,25,82.2,20,51,123,120.9,92,78.4,77.8,61,25,74,130,117,64,62,48,77,89,133,116,113,101,99,66,82.4,97.2,75.6,140,146,56,36,93,94.8,111,124,40,27,156,73.9,41,7,86,112,165,70.8,96.6,60,60,83,63,77.1,115.2,98,104.6,28.1,68.3,56.2,88,39,69.3,91.5,73,41,79.7,77,49,118.8,85.8,28.5,72.2,76.6,63.9,106,21.3,92,9,136,45.5,31,49.5,69,18,38,95,55,44.5,44,16,32,54.4,96.5,100.6,52,59,88.4,138,107.5,94.5,76.7,62,65,122.1,106.8,103.9,110.7,63.5,84.8,23,25,54.5,56.1,17,32.5,54,46.2,52,12,25,67.5,9,75,47,38,72,67.4,87.1,69,70,96,37,171.6,103,85,110.9,91,190.5,147,159.5,142,95,35,22,98,41,89,211.3,141,145.3,69,72,149,205,77,46,114,133,140.4,176,175,119.5,154,69,158,119.5,178.1,74.4,86.8,156,149.6,141.6,254,175,176,118.8,49,136,163.3,45,156,132.4,83,88,77,88,61,80,150,87,84,107,95,50,8,95,130,82,94,140,166,143,44,195,80,134,115,106.9,212,139,138,160,115,138,81,139.7,137.6,114.8,41,120,34,120.4,63,160,80,144,101,156,82,110,141,74,70,129,69,166,257,90,227,114,112.2,178.8,167,124.2,239,46,52,137,87,292,114,71,163.6,202,168,208.9,254,170,193,166,196,136,103.4,136.7,96,103.2,108.4,96.5,135,124,145.5,103.7,124.2,155.4,134.8,127,126.9,116.3,125,122,155.3,52,36,127,103.4,72.2,116.3,98.9,88.7,90.5,129.5,115.6,110.2,120,142,109.2,114.5,109.9,120.2,107.6,111.3,124.7,117.7,87.1,156.4,96,133.8,140.2,142.4,138.4,96.5,110.8,128.1,129.8,134.1,156.5,133.8,103.5,197.1,206.1,216,275,200.6,247,154.5,131.4,158.3,135.4,116.6,134.8,118.6,118.4,94.9,129.1,178,77,107.9,91.4,25,67,96.7,60,75,150,127,105,68,183,70,85,117,57,48,94,84,75
1987-01-01,131.7,126,169.7,110.4,278,150.3,202.5,324,80,138.9,165,264,260.4,192,156.7,202,286,153.1,255,141,186,203.2,114,207,206.9,196,261,150,208,207.1,43,216.9,198,164.4,123,168,291,242.8,68,156,150,193.1,194.9,201.4,224,432,358,142,110,178.5,385,242,124,201.4,191,221.4,240,279,220.8,142,145,181.2,193.8,257,130,5,231,159.6,84.6,102.6,149.2,77,65.9,108.6,228,252,129.8,191.1,211.3,109,173.1,190,171.2,188.8,182.1,208,192.7,159.9,199.1,77,150.3,201,165.4,263,189.5,9,80,116,55,97,154,157,32,94.9,75,118,91.7,84.5,234.1,114,205.5,277.6,277,244.5,217.6,211.6,240,195,180.1,209.3,220.7,204.2,148.5,171.1,151,177.5,135,131.9,130,138,122,92.7,147,162,144,122.8,75,155,83,40,218,166.3,146.9,91,112,134,122,232.9,203.1,154,211.6,144,117.5,134,103.5,112,173.8,51.9,56,112,79,32,106.9,197,69,90,59,107,113,65,96,120,196,119.4,128,51,51.6,53,90,75,51.6,105.2,120.4,254.2,174.6,134.7,148.8,152,47,135,143.1,174,129.6,106.3,165,120.5,102.7,86,54,32,54,64.4,29,171,165,293,244,318,134,127,110,299,122,389,98,284,133,177,233,106,194,153.4,136.7,225,319,161,249,242,198,188,181.6,174.2,167.9,166,205,145,172,257,145,238,94,118,128,102,175.1,121.5,66,161,153,185,188,91,245,94.8,184,146,187,264,157.4,122,97,107,108.7,234,246,109.8,102,133.5,142,178,160.4,152,114.8,129,97,48,94,93.9,110.2,143,89.4,127.1,121,59,111.3,122.1,138.7,93.7,100.2,103.1,146.1,117.7,146,155.1,172.5,110,78,93,244,144.6,95,138.9,109.3,104.6,96.5,145.7,143.4,151.4,139.5,163.3,121.1,140.6,135,108.4,147.7,150.4,211.2,123.8,88.9,188.1,76.3,159.5,183.6,138.1,146.4,124.2,98.5,114.9,172,120.2,139.7,105.9,95.6,261.3,262.8,201.8,175,273.4,289,188.9,172.4,162.7,175.7,132.5,173.4,181.8,171,135.5,117,105,127,90.9,98.5,34,149,114.2,145,117,121,112,192,94,81,52,115,57,107,159,37,167.5,167
1987-02-01,4.9,75,34.5,7.1,99,6.7,175,8,30,31.2,61.8,0,53.3,0,65.7,15,17,36.9,0,24,0,42.9,31,72.5,26.3,15,3,0,1,66.9,24,71.2,28,38.4,0,29,10,58.8,167,3,22,37.7,46.4,44,22,25,15,22,29,73,9,5,5,64.1,33,45.1,47,0,59.8,24,10,28.8,41.5,38,0,0,60,27.4,97.7,169.5,84.6,126.8,1.1,7.7,34.6,55,34.2,42.1,42,51,48.7,55,78,60.2,50.4,44.4,35.5,50.4,33.7,30,22.3,65,48.6,55,35.5,45.8,47.4,45,24.2,17,41,42.2,26.5,35.3,22,33.9,33.4,47.2,48.4,17,10,53.5,15,46,46.2,38.4,35,28,64.7,57.5,36.2,70.9,31.5,59.9,23,67,57,35.1,7,18,37.5,36.2,34.2,24,15,42.3,42.1,25,35,49.5,22,36,51.8,12,9,23,8,31,55.8,59.4,79,36.6,51.2,10,35.5,30,29,38.9,28,11,11,33,64.1,143,96.5,183,79,123,125,115,147,81,37.5,127.9,144,108,87,77,183,141,87,101.9,89.7,34.7,74.6,102.3,111.5,73,72,76,75.5,62,95.3,161,177,130.6,142.4,132,197,215,197,60.6,39,156,12,33,38,16,25,125,177,91,87,208,61,144,80,12,83,77,111,107.4,73.2,76,150,138,38,34,162,112,134.7,122.7,89.5,56,170,207,180,23,247,78,80,98,111,110,94,80.3,71.3,46,78,90,88,90,76,76,112,72.8,132.8,103,101.6,142,63,56,131.3,196,103,135,38,119.8,105,113,155,137.1,104,131,97,159,173,127,158,196,143.7,145.7,188,137,153.1,122.5,77.8,114.6,158.1,113.6,121.3,214,122.6,101.4,127.1,148.3,101,120,62,96.4,67.8,90.3,76.2,80.6,91.1,98.8,103,108.7,98.5,112,105.2,108.3,113,132.1,81,98,99.2,92.7,64.1,121.4,89.9,118.7,111.4,118.6,110.7,82.1,105,129.6,90.5,112.1,117.7,115.2,102.4,142.4,139.4,97,141,144.6,193,111.9,96,92.3,96.7,87.9,100.4,100.7,98.3,72.8,108.3,102,90,91,67.9,155,98,145.7,153,136,123,120,129,171,203,124,79,157,57,324,68,57,75
1987-03-01,19,12.5,2.5,3,94,75,213,155,98,88.9,183.2,154,142.9,76,119,94,192,97.1,110,46,167,150.1,59,179.8,91.3,52,79,177,78,126.5,95,136.7,192,83.8,123,33,125,147,205,99,244,113.8,108.8,126.4,115,79,212,170,67,112.5,87,86,15,128.2,56,122.3,263,139,123.1,86,178,107.3,100.9,102,0,0,104,96.4,121.6,104.7,95.2,89.3,43.1,60.8,21,59,77.7,98.6,103.6,76.1,99.8,101,56,113.3,106.6,73.5,96.9,74.4,77.5,93,72,70,71,73,33,60,48.7,21,43.6,49.5,36,27,47.5,49.9,32,50,65.4,108,126.9,18,150,141.9,97,121.5,103.3,117.5,54,81,107.1,129.3,138.7,113,87.5,104.6,70,68.5,49,68.2,55,58,59,60.8,34.5,58,86,102.9,12,42.5,58,158,74,85,93.1,120,107,142.5,82,136,92.5,130,63,92,117.5,92.2,175.5,138,33,39.3,10,57,39,94.8,139.3,198,90,196,142,120,144,66,157,113,210,166.7,149,117,184.3,136,196,110,184.3,165.9,78.2,210.8,191.5,154.8,142.6,173,103,193,111.3,115,141.7,152.8,282,160.2,246.2,191,189,162,189,66.7,124,120,172,180,299,117,254,204,82,178,79,182,158,168,172,146,254,147,184,192,114.1,205,254,76,123,92,272,278,203,164.8,108,122,265,184,53,100.5,205,106,147,256,177,169,173.9,89.7,80.9,41,162,73,166,73,154.2,175,184,52,156.1,145,134.4,108,54,124.8,207.3,77,117,184.7,51,151.3,112,72,177.1,172,116.8,156,126,115,88,161.9,172.3,154,161.3,176.8,241,237,160.3,142.1,130,138.8,208.9,146.5,158.9,10,236.4,137.5,174.8,182.5,154,153,311,133.6,102.8,141.8,136.9,120.6,124.1,169.1,146.9,148.9,144.1,141.6,133.6,162.6,163.1,168,153.6,173.9,174.7,164.9,105.6,196.5,125.4,141.6,119.8,151.2,135.3,100.1,116.8,153.6,138.6,143.2,166.3,157.6,145.5,159.3,163.3,163.5,177,177.6,116,161.8,142.8,125,122.6,122.6,142.4,139.6,129,100.5,175.4,161,70,128.5,138.7,299,143,193.5,151,212,152,232,237,291,282,248,188,252,290,358,200,174,213
1987-04-01,23.4,0,6.3,4.3,29,48.9,12,36,110,63,52.4,59,71.9,40,86.1,120,30,78.2,22,62,32,85.2,53,62,85.2,106,47,15,50,76.3,32,68.8,20,92.8,30,30,22,77.2,205,5,77,106.4,104,81.1,52,67,61,35,63,88.4,23,18,45,64.2,14,74.6,33,25,72.3,46,137,110.9,84.5,32,55,0,75,82.9,19.2,32.3,70.3,58.3,52.5,60.3,41.1,73,76.1,92.7,96.7,74,71.2,54,32,95.9,90.6,85.5,79.1,74.2,134.2,111,153,119,88,89,55.2,58.4,17,46,46,41,34,58.7,60.3,40,47,47,37,91,108.8,26,61.5,136.2,32,118,106.5,103.8,135,152,98.6,98,113.7,94.5,53,93.2,152,77,84,72.1,74,95,45.5,27,40.4,63,114,61,58.5,40,69,70,69,67.4,61.9,64,43,112,60,95,87.4,116,58,56.5,98,57.5,89,79,30,17,10.2,115,64,62.6,90.1,146,16,7,10,12,44,45,0,13,27.5,43.6,8,33,25.5,11,7,29,25.5,45.5,42,194.7,92.8,70.3,53.4,83,32,28,59.1,30,43.1,41.5,30,36.4,45.7,33,51,14,51,23.4,66,89,25,125,75,50,190,161,110,76,32,62,65,59,14,142,20,35,106,7,45,74,88,77,20,84,95,47,71.4,56.5,8,9,170,36,16,21,80,14,39,66,20,6,66.8,96.9,28.6,37,121,38,98,59,62.5,57,0,13,100.5,10,43.4,85,31,86,40,66,38,42.4,38,32.2,23,22,55.5,83,45.8,84,7,2,43,29,31.4,184,32.1,37.4,10,38,31.5,49.6,61.1,32.2,63.1,47.3,50.4,56.5,52.1,43.2,56.2,44.6,0,0,11,59.1,39.6,40.5,48.9,32.4,37,60.5,78.3,50.3,47.1,61.8,58.6,50.2,75.9,52.2,52.7,64.8,44.1,54.5,41.5,76.7,34.7,40,51.1,38.6,46.8,44.9,32.6,43.5,55.5,37.5,61,36.5,34.3,70.1,76.7,117,138,102.7,93,73,61.9,57,65.1,57.3,72.6,66,72,47.5,49,46,31,37.2,65.9,25,10,26.4,3,18,50,44,45,0,77,65,3,58,0,35,4,17,66
1987-05-01,17.9,39.6,15.1,9.7,54,7.6,44,60,0,12,46.6,5,36.4,9,29.1,2,90,14.7,25,8,30,31.8,3,47.4,11.6,0,7,2,9,54.4,35,44.2,51,23.4,8,3,18,33.4,71,12,13,22.2,26.4,27.8,19,7,5,27,3,23.9,3,11,0,43.2,6,31.4,25,0,34.2,3,13,15.5,25.6,0,0,0,17,9.9,44.3,31.6,56.8,19.7,0,11.9,13,32.6,24.7,25.4,19.8,26.7,26.2,3,18,20,34.6,24.5,19,18.1,23.2,22,16,6,43,31,33.5,33,19.6,20.4,16.3,7,8,29.9,18.6,24.4,16,19,16.7,20,25.6,5,26.5,38.3,70,15,27.6,22.4,24.5,12,27.5,32.3,21.7,48.5,5,47.6,14,5,12,19.5,27,24,16.5,15,13,6,21.7,14.7,32.3,39,12,25,30.4,20.5,31.4,15,19,5.5,6,13,30.3,10,5,14.5,15.5,6,22,20,22.4,16.5,8.6,21,20,29.1,85.6,69,80,22,79,59,54,0,82,55,24,71.7,70,44,67.1,83,22,44,67.1,74.6,24.5,35.6,46.5,38.6,52.5,62,45,81,44.7,35,53.8,73.2,20,55.7,93.1,21,14,25,14,5.6,124,0,19,20,67,50,40,36,90,78,6,94,141,96,95,18,75,45,55,23,37.3,40,49,1,25,88,100,49,74,51.2,25,25,56,60,25,70,60,38,104,46,74,45,62.1,52.6,28.2,22,40,5,43,54,51,73,216,33,92.2,47,49.1,78,26,50,86.1,38,68,67,23,50.1,59,52,83.7,64.4,22.8,40,72,62,44.6,40.5,48.8,43,27.1,32.3,20,0,32.8,63.8,60.7,50.9,89.8,66.1,75,86.5,88.8,50.7,52.8,81.5,74,80,121,66.5,40.8,44.4,32.9,38.3,48.2,54.9,66.2,65.5,62,73.8,69.3,62.2,74.3,89.7,45.4,61.2,36.6,55.2,38.4,65.7,63.2,57.2,61.8,58,68.1,58.9,51.4,69,50.9,84.3,72.7,70.2,54.1,66.7,73.7,0,50,70.4,109,60.6,50.2,49.5,48.7,47.3,53.3,51.9,56.9,44.3,72.8,75,36,7.5,4.5,44,45,28.9,42,57,8,0,0,55,0,65,16,0,0,4,8,49,3
1987-06-01,0,5,0.4,0,0,0,0,0,0,4.4,11,0,12.2,0,11.3,0,0,2.9,0,0,0,10.5,4,6.8,9,0,1,0,0,12.4,0,8,0,12.1,0,0,0,4.7,0,0,0,6.5,6.6,10.1,0,0,0,0,3,10.5,0,0,0,11.6,0,11.7,0,0,6.3,3,0,4.9,15.6,0,0,15,0,2.1,3.2,5,22.7,10.2,0,0,12.1,38,19.6,22.3,13,23.6,11.7,16.8,21,17.4,19.9,8,15.4,16.5,9.9,11,15.8,6,15.2,5,0.2,24.5,14.1,9.9,15.6,12.2,7.8,23.7,8.1,15.3,5.3,7.5,14,17.6,19.5,18.1,7,29.1,25,17.9,14.6,12.4,11.3,16.3,26.8,15.9,23.4,20.2,5,25,10.2,5,2,11.6,3,15.3,11.6,8.8,8.2,20,15.9,9.7,25,2,11.4,15,16.7,9.8,34,8.4,9.8,8.5,6.2,10.9,16.2,12,33.2,12.7,21.5,19.9,6,5,10.8,19.4,16.2,9,8.8,18.7,14.3,7.6,0,2,0,0,0,9,0,0,0,5.9,0,6,0,10,2,0,0,1.5,8.2,0,0.8,0.9,14.1,0,9,0,6.6,0,9.7,14.8,17,2.5,11,12,11,10,11,7.2,5.6,0,0,0,0,0,0,0,0,0,1.2,0,0,0,0,0,0,0,0,3.6,3.6,0,3.2,9,0,0,0,0,12.9,7.6,0,0,0,0,0,6.4,0,0,6.8,0,0,0,10,24.2,4,0,0,28,3,0,2,28.3,0,30,5.3,0,7.2,59,2,3,4.7,0,2,1.6,3,11.5,3.1,4,7.3,0,11.5,10,0,4,5,8.1,9.3,7,6.5,6.6,9,0,12.4,12.3,5.9,7,14.2,9.8,13.6,4.1,9.4,9.9,10.7,14.7,0,0,0,10.2,5.4,8.6,8.4,11.2,8.6,13.2,13,8.7,14.7,8.5,13.4,12.4,11.5,15.6,7.9,8.2,17.9,7.7,7.9,9.1,14.3,9.2,10.6,13.8,9.4,12.1,7.2,11.6,14.7,14,14.7,15.3,14.3,13.6,25.5,5,0,14,15,7.2,16.9,15.7,9.5,5.7,10,13,10.2,8.3,5.3,2,1,0,0,0,0,7.5,0,0,0,0,0,0,0,0,0,0,0,2,0,0,0
1987-07-01,1.6,1,0,0,8,0.2,0,8,0,2.8,14.7,0,15.3,0,13.9,0,4,3.9,0,1,35,15.6,0,7.9,4,0,0,0,0,16.3,0,18.4,7,13.2,0,0,14,10.7,0,0,5,6.9,7.7,12.1,0,0,0,0,0,15.8,7,9,0,15.1,0,14.7,0,0,20,0,0,5.5,15.2,10,0,55,0,1.8,33,34.5,31.3,6.5,16.9,7.1,11.8,19.7,13.6,22.2,14.2,18.8,12,18.7,12.6,16.9,13.1,8.2,13.6,24.8,13.5,10.3,13.7,13.8,13.1,3,1.5,17.4,14.1,5,11.3,9.4,10.8,15.2,10.4,7.7,8,8.5,9.6,12.7,20.1,24.3,11,27.4,25,3.5,11.4,14.8,12.1,11.6,25.4,14.7,21.1,20.1,2,20.5,13.1,7.9,9.2,11.2,1,4,16,6.1,7,7.1,10.7,13.8,21.5,22.4,14,6.7,13.4,5.5,36.6,8,6,4,1,10.5,9.6,17.5,7,10.2,2.1,15.4,3,2,9.4,17.7,10.1,9,7,15.9,9.4,10.6,0,61,43,8,12,72,7,8,0,29.5,15,14,9.7,8,61,7,9.7,9.4,12.6,2.2,6.2,5.2,24,20,10,13,7,0,19.6,18.6,75,18,22.9,56,63,47,63,2.5,0,0,0,0,0,0,0,0,8,0,0,0,3,0,3,0,5,3,0,0,4.7,0,7.4,0,0,0,6,8,13,7.8,0,0,11,11,0,0,7.4,0,5,4,0,7,12.9,18.9,0,0,4,0,5,0,0,7,14,5.5,10.5,0,6.8,0,0,0,10,0,11,20.6,4,11.6,7,5,18.7,20,22.2,23,10,12,24,28.6,17,30,40.2,13.4,54,60,40.6,26.9,13.3,17.9,39.9,20.7,27.5,10.3,25.7,17.6,19.4,35,5,10,0,12.1,23.2,23.4,13.2,18.1,16.6,18.1,14.3,11.4,20.7,19.6,19.9,14.8,18.7,19.4,22.9,13,20,17.3,15.4,11,28.4,18,13.5,22.2,18.9,22.8,33.8,25.6,22.1,24.2,26.6,33.4,23.5,17.8,16.3,9,0,15.3,0,14.5,17.2,13.9,11.8,7.9,9.4,17.2,10.7,6.5,17.6,13,3,38.6,37.9,101,48,50.4,56,56,33,39,83,57,69,35,39,45,47,49,35,59,60
1987-08-01,0,2,0,0,50,0,21,10,0,4.1,18.7,0,18.6,0,10.9,0,6,3.8,0,0,0,12,3,12.1,6,0,0,5,0,14.7,0,13.8,22,9.3,0,0,8,11.9,0,3,25,9.3,10.2,13.3,10,0,0,40,2,15.5,7,7,0,18.5,0,16.6,8,10,16.7,0,4,7.5,14.7,11,0,63,0,7.1,17,8,24.1,2.9,0.8,2,10.3,15.5,14,20.8,11.9,12.8,9.5,15.3,10.6,19.1,8.4,9.7,13.1,20.4,11.6,10.6,12.6,16.7,13.1,4.5,1.2,17.3,11.1,12,9.4,8.4,8.5,5,9.9,4,5.2,7.9,9.8,5,19.4,5,7,24.8,35,2,11.2,13,13.2,2,21.7,9.5,20.5,19.7,5,18.5,10,8.1,10.1,14.1,8.4,23.2,17.9,6.8,6.5,8.2,10.2,9,23.4,17.2,13,9.1,12.2,6.9,34.9,7.9,5,5,1,13.5,9.1,15.9,26,11.3,2,12.5,4,3,10.9,17.7,9.8,7,6,13.6,4.6,10.3,19,36,8,0,20,18,3,0,0,18.1,25,0,0,12,36,11,0,3.1,12.9,9.6,0,0,15.1,17,16,14,8.9,0,12.3,16,35,11,15.5,22,35,32,35,2.4,4,0,0,0,0,10,0,0,0,0,3,0,7,1,6,5,13,0,8,5,4.4,0,7.5,0,0,0,14,22,71,11.6,7,2,15,15,0,0,6.1,0,7.6,0,0,0,9.5,22.4,0,0,0,2,0,4,0,0,16,6.8,11.6,0,5.7,8,4,12,8,0,0,8.5,10,10.1,12.1,8,19.5,17,18.3,1,20,15.5,8,18.6,15,14,26.7,16,21,28,30.6,22.5,10.9,17.3,30.3,16.6,20.1,0,21.3,11.8,17.2,24.1,0,0,0,10.6,13.1,17,14.3,17.1,15.1,15,13.4,10.7,15.2,15.7,15,18,19.6,17.8,19.5,9.5,18.7,15,12.4,13.4,25.1,14.7,11.3,16.5,14,16.5,18.6,18,14.5,18.3,23.4,26.9,17.2,18.4,22,25,0,17.2,0,13.6,15.4,14.7,12.3,9.1,8.1,18,9.8,6.9,18.6,4,2,41.8,78.1,37,19,30.1,39,31,30,28,10,62,28,29,14,42,51,67,47,108,104
1987-09-01,6.1,0,3.6,0,14,1.2,0,0,5,6.3,20.3,30,18.1,0,15.8,0,0,7.2,0,10,0,26.9,18,14.8,7.5,0,0,0,1,31.8,0,18.6,0,14.6,0,1,0,18.4,45,0,15,12.2,17.1,12.9,5,17,0,28,23,25,110,86,10,12,6,17.1,7,15,18.5,15,50,8.9,16,0,0,251,2,4.7,1.2,1.1,22.3,1,1.3,4,6,17.9,18.6,21.2,18.1,9.1,13.4,7,18.5,14,14.9,8.9,12.4,16.9,13.2,10,10,6,12,3,9,19.7,5,11,13.6,11.3,9,8,13.4,10.3,5.1,6.9,13.2,8.5,21.2,8,7,24.6,30.4,2.5,13.6,14.2,13.2,12,26.7,11.5,18.1,25.7,10.5,27.9,8,5,6.7,10.9,6,9,33,4,4.5,7,5,9.2,6,2,13.2,14.6,15,11.6,36.1,11.9,3,1.5,2,8,13.1,19.4,39,12.9,2.5,15.1,4,2,9.1,15.2,13.4,4,2.5,18.2,6.5,22,5.5,2,0,15,8,5,4,4,8,10.9,17,5,5.3,21,2,15,5.3,4.7,9.4,15.5,10.1,13.2,14.3,0,6,5,11.9,0,7.7,17.1,5,3.9,13.5,9,10,6,10,7,8,23,8,0,5,0,0,5,0,5,3,2,6,2,3,21,0,7,4,11,6.8,10,31,101,10.3,0,22,0,63,14.1,0,10,20,0,18,0,10.5,0,9,15,9,8,7.9,27.4,0,0,11,0,20,18,8,33.8,0,8.1,17.9,16,6.1,5,0,3,0,0,5,4.6,0,7.3,20,10,13.7,13.4,14.3,1,9,8.4,4,9.8,0,5,10.3,30.6,7,6,16.5,13.9,9.1,13.2,17.5,11,13.6,10.1,16.5,12.4,11.9,16.9,9,5,0,9.3,7.8,11.1,8.2,15.5,14.8,13.6,13.5,10.4,10.6,13.4,12.2,13.9,22.2,19,16.9,9.5,21.9,10.1,11.1,11.5,16,11.3,9.8,14.4,10.7,13.4,8.3,12.2,12.8,12.7,23.5,19.2,14,16.7,13.8,0,0,15.8,17,12.5,14.6,14.6,9.9,11.4,14,18.8,11.9,7.3,8.7,0,8,8,20,17,0,16,0,15,0,0,23,22,47,85,4,0,144,34,13.5,5,20
1987-10-01,16,36.5,13.6,5.7,27,39.3,29,56,7,26.4,41.5,30,38,24,39.8,47,34,33.3,13,27,27,51,14,44.2,29.1,68,28,30,7,61.8,32,52.1,60,40.1,30,30,21,44.9,121,20,31,37.6,48.4,34.7,58,10,27,43,13,52.9,51,61,25,42,36,35.9,88,15,42.9,10,98,34.3,41.2,52,18,0,20,27.3,92.1,91.3,56.7,21.6,13,45.4,17.5,24,28.8,42.4,39.4,32,44,43,47,42.6,38,48.5,38.3,31.2,45.4,60,18,70,51,43,27,27,35,23,22.9,28,46,59,29,27,30,35,19.4,18,40.6,10,40,46.6,121,61.5,40.7,38.9,12,22,54,52.4,31.7,66.7,25,52.2,21,92,34,26.9,34,36,44.3,24.2,31,27,37,28.5,50,39,32,35.4,61,30.2,40,28,12,16,11,23.2,31.4,41.9,18,21,6.5,37,11,13,27.6,19.4,6.9,59,24,88,42.4,59,97,73,45,69,60,115,37,38,67,91,68,59,64.2,121,73,44,64.2,63.7,54.8,54.8,93.9,84.7,74.6,84,108,107,51.4,86,73.8,79.6,30,73.8,62,92,81,76,81,15.1,30,74,30,28,28,27,53,81,40,53,46,60,40,41,69,41,62,29,47,55,46,59,35,11,84,28,54,68,123,58.7,56,79,78,27,0,64,72.5,44,58,62,64,42,59,47.2,61,66,46,79,67.7,58,81,83.2,66,76,86.9,61,49,115,68,68,60,61,44,67.2,39,54.5,37,54,96.7,84,72.9,80,133,46,65,81.2,86,81.4,65.9,66.9,94,72,77,76.2,40.4,70.7,71.2,76.6,60.7,44,60,64.9,56.2,84.6,48,47,33,45.9,36.2,43.5,42.4,40.3,57.7,57.4,66.4,61,65.6,78.5,74.6,67.2,69.9,68.3,53.1,50.2,35,42.8,37.2,63.6,65.8,67.5,67.8,68.2,71.7,56.7,69.8,82.5,53.8,62.4,78.9,65.6,67.8,76,90.8,44,75,95.4,81,75.5,65,61.4,61.1,50.9,61.1,71.4,64.5,47.6,99.6,56,53,51.3,42,41,32,53.8,83,83,77,76,125,86,83,0,48,71,66,58,45,44,55
1987-11-01,39.6,39.5,15,14.7,217,90.5,70,46,74,94.2,126.3,42,124.7,79,112.3,20,6,103.4,150,102,52,140.6,111,135.2,128,59,86,30,46,134.3,89,131.3,169,110.3,86,142,56,133.2,478,67,121,137.7,115.1,124.7,95,88,142,111,114,125,110,126,79,124.1,159,110.2,94,65,128.6,109,128,119.7,122.3,58,154,102,58,91.6,68.5,50.8,84.5,31.7,34.8,45.1,50.5,141,81.6,146.3,141.9,130,112.2,141,129,101.2,125,125,133.8,98.7,177.8,180,74,223,201,63,69.5,51,62,96,61.7,68,58,84,73.5,58,27,30,50.6,196.5,172.3,15,56.7,149.5,156,248,138.2,127.6,142,145,102,133.2,162.8,117.7,104.5,140,77,109,65,88.4,90,146,138,43,21.5,126,98.5,73.5,71,91,77,118,170,107.8,101.5,90,35,85,32,106.1,86.3,149.7,106,97.5,77,111.5,120,118,142,24,1,40,37,127,97,61,118,138,27,151,62,99,64,74,52,91.7,139,32,50,95,138,27,50,29.7,41.7,128.7,72.6,92,82.3,103,52,70,55.3,49,64.3,100.2,157,83.6,92,79,98,115,98,51.4,119,98,19,128,52,40,108,79,68,135,52,81,98,38,78,109,121,42,94.7,76.1,64.9,156,105,55,74,123,102,105,0,75.8,18,30,125,83,25,66,77.5,39,160,66,86,54,76.8,91.5,41,36,83,34,68,66,75,42,0,30,107.6,56,64.2,204,30,7,45,27,91,70.2,7,71.1,56,64,94.9,104,90.6,111.3,38,101,87,74.4,77,97.5,88.3,86,91,138,107,83.5,76.3,66.4,86.5,77,81.4,78,107.3,69.3,108,88.3,71,74,90,88.4,69.7,69.6,62.6,47.5,69.1,79.4,89.9,82.4,75.5,79.4,84.3,81.7,85.8,79.8,73.5,102.3,82.7,64.6,48.8,120,61.4,67.5,68,66.3,67.6,67.1,69.8,88.9,73.8,87.8,85.5,75.2,72.2,89.2,104.7,23,100,113.3,108.5,98.8,84.8,78.2,88.3,74,86.5,83.1,85.3,67.8,73.2,47,34,142,159.5,121,110,95.9,119,122,71,108,168,144,180,201,157,34,132,156,171,128,128
1987-12-01,80.2,136.5,112.3,54.9,97,120.5,139,62,207,103.5,83.4,30,104.2,52,121.5,168,66,99.8,95,96,20,125.8,190,102.2,99.2,142,143,62,97,101,125,108.8,130,109.2,67,160,75,106.8,28,40,137,118.4,135.9,107.6,97,127,47,97,192,110.8,39,54,141,106.8,123,105.4,63,95,108.1,191,57,105.5,96.3,113,49,73,47,102.6,120.2,145.8,112.6,61.7,66.8,96.5,139,129,84.7,119,109.7,125,108.6,97,111,130.7,165,82,106.8,117.2,112.4,106,94,149,97,128,102.5,92,50,120,55.9,60,87,78,75.8,87.5,68,68,76.1,152,171.2,37,113,134.8,138,105,145.7,130.1,103,96,134.4,135.8,148.6,142.1,124.5,133,98.9,125,51,95,71,113,87,52.7,66.5,86,82.5,109.2,88,53,45,99.9,92,97,125.2,27,59,196,105,143,111.7,138.2,172,27.5,107,142,110.2,109,112,34.1,8,102,77,97,171.7,195,149,106,180,172,145,117,142,183,65,135.7,178,193,184.7,211,106,143,184.7,139.3,62.9,209.3,148.1,165.9,150.7,227,182,191,127.6,105,121.4,153.5,57,151,142,118,112,104,112,50,162,68,198,153,164,207,141,123,85,188,188,148,106,149,130,160,109,53,131,186,108.1,218,172,119,100,179,165,102,47,137.7,55,109,203,150,39,94,160,117,180,133,155,105,139.9,66,81,67,130,115,156,96,147,92,95,116,168.8,167.2,141.4,267,56,80,151,104,143,132,82,157,122,193,193.6,227,158.6,134,211,153.6,118,118.4,54,125.8,96,82.3,139,106,107.3,147.2,127.3,131.7,150.7,131.8,141.8,159,130.7,127.5,146.7,142.6,171,173,179,125.7,80.3,119.8,109,96.1,94.2,133.9,132.3,133.5,132.4,146,133,131.1,128.2,127.9,114.6,155.5,153.8,136.8,87.6,176,92.6,146,136,137.4,147.5,77,101,142.2,141.5,136,160.4,113.3,108.8,202,205.1,78,129,202.7,236,160.2,138.8,142.6,120,116.3,130.3,140,124.4,110.6,126.4,191,62,52.3,32.5,103,90,92.6,114,111,63,79,64,35,52,43,51,19,36,32,48,41,62
1988-01-01,81.5,128.5,119.9,96.9,171,124.2,150,127,267,125.1,154.2,124,166.3,154,151.3,195,157,132.6,110,220,139,192.1,203,172.1,170.1,136,143,69,93,184.3,86,187.3,185,158,234,196,291,191.9,255,92,110,168.6,156.6,170.4,79,240,83,118,196,154.3,188,117,150,150.3,277,153.3,83,230,172.1,282,178,164.9,161.7,276,0,123,203,120.8,92.5,71.1,150.9,60.4,59,117.7,104,272,117.5,194.9,208.6,259,181.2,51,226,174.7,235,234.5,195.8,177.5,207.4,181,184,224,166,147,100.8,58,84.6,122.6,50,50,39,95.4,106.9,49.5,52.5,57,84.2,128,242.9,79,126,226.7,230,260.6,202.9,190,241,220,168.4,198,225.8,171.9,175,171.7,185,126.5,112,131.8,144,170,97,83.8,100.7,109,162,128.8,135,206,233,232,394,190.5,136.4,69,47,322.5,135,440,164.5,226.3,242.9,69,125,179,223.5,202,196,44.3,18,92,78,99,151.1,250,110.5,131,109,127,83,101,139,77,92,128.8,119,133,145.3,273,131,140,145.3,106.9,67.2,157.7,190.1,212.7,178.6,99,171,180,143.4,234,127.8,130.6,52,135.5,152.7,103,56,77,56,137,146,149,88,132,151,59,144,159,70,165,122,152,140,180,183,161,296,103,281,188.2,126.7,138,319,78,151.7,125,250,261,236,180.7,152,154,317,222,256,146,185.1,171,165.1,204,202,181,188.3,118,151,135,118,132,162,171,121,160,147,192,197.9,55,158.1,309,53,88,171,81,149,158.3,106,145.2,134,138,148.2,99,140.7,100,140,108,57,101.5,90,44,74,912,114,86,76.1,142.4,147.3,117.5,141.3,130.7,152.2,128.9,187.7,162.2,176.1,153.5,112,147,245,149.5,100.3,138.5,119.9,111.3,114,176.2,149.8,145.7,165.7,169.5,134.6,141,171.2,150,155,151,215.8,125.8,101.4,199.4,84.5,159.8,172.3,136.8,141.2,100.2,95.1,138.2,168.6,134.2,158.8,127.8,115.7,220.1,230.9,41,129,233.2,174,191,178.7,172.9,162.5,145.6,168.4,181.8,163.2,136.8,133.2,101,120.8,38.6,27.7,55,60,73.4,45,42,83,43,20,38,43,36,17,23,60,29,13,8,22
1988-02-01,129.6,124,144.2,129.1,44,86.1,98,50,189,101.9,61.6,45,69,31,103.2,129,83,91.2,25,100,50,117,104,55.9,91.5,155,88,67,31,80,32,76,19,90.9,64,132,25,94,312,112,8,116,117.3,91.4,39,154,43,24,132,82.7,25,117,105,71.9,51,92.9,48,50,94.4,115,30,93.9,93.2,16,92,129,90,91.4,62.2,94.7,115.7,77,56.8,98.2,77.5,123,92.8,114,97.9,86.6,103.6,84,139,129.1,77,57.5,105.5,94.3,97.3,81,70,161,99,111,89.4,173,53.5,100.4,90,61,93,80.9,64.8,47.5,51,90,72.8,125,135.5,83,150,122.1,225,188,140.2,122.2,67,120,150.3,121,145.8,145.2,61,119.8,73,147.5,48,97.3,139,174.5,90,59.7,85.2,194.5,141,92.5,27.5,98,64,99.3,104,105.4,128.2,118,81,240,55,193,132.3,63,147.8,118,119.8,129,126.5,118,147,30.8,18.5,94,62,146,232.7,188,122.5,54,152,168,163,36,45,252,0,120,143,120,127,180,54,183,127,98.7,98.3,121.7,143.5,150.5,138.1,143,179,125,138.7,92,119.7,137,92,136.2,90.7,69,72,64,72,60.6,54,25,87.2,106,81,88,161,117,154,69,87,138,101,104,110,128,62,110,108,99.9,109.4,58,146,122,114.1,160,152,9,203,149.4,89,108,177,51,305,86,151.1,105,107.2,140,164,96.8,133.1,106,104,106,179,56,208,178,150,108.5,145,140,198.2,98,133.2,210,128,109,159,106,209,117.9,92,134.5,159,159,191.3,148,137.5,89.1,137,116.8,78,97.6,82,97,92.4,70.9,44,42,85.4,131.7,91.7,110,103.4,115.9,95,61,99.6,122.5,112.6,120.9,67,71,84,99.3,68.4,115.2,98.4,86,86.7,107.2,120.1,108.5,107.7,146,108.7,117.4,121.5,105.2,107.3,120.2,126.5,105.8,73.9,163.3,82.5,145.8,152.9,135.5,145.5,92.5,91.2,124.2,118.9,113.8,137.8,86.6,92.8,199.2,213,192,195,215.9,210,171.4,148.3,170.2,131.7,127.7,147.3,154.9,135.9,104,112.6,126,97,113.1,29.4,14,34,66.3,52,63,50,29,44,72,54,56,55,55,68,56,107,103,161
1988-03-01,40.4,1,101.3,119.8,108,29.2,77,105,54,80.3,163.9,90,131.2,77,140.7,44,111,89.8,82,98,82,141.9,108,159.2,123.4,45,78,97,51,129.9,219,136.1,77,108.8,132,128,84,162.9,163,127,107,124.7,129.4,134.8,124,165,124,144,22,152.7,145,97,99,129.9,112,134.6,138,183,135.6,91,279,128.3,122.6,173,64,174,95,95,100.8,65.5,98.5,61.9,69.2,50.3,110.5,73,75.3,121.1,126.6,90.2,34,62,43,113.8,104.5,128,133.6,103.4,83.1,132,130.3,107,118.3,217,71.1,68,57,88.9,85,59,122,64.4,76,43,59,49,78.9,100,185,150.2,95.1,158.3,275,121.5,136.5,148.3,146,118,139,104,163.3,125.8,155,127.8,123.9,136,80,69.3,63,81.5,61,7,52.5,61,61,125.4,100.5,75,91,103.9,136,105.8,116.5,111,87,221.5,84,171,131.3,146,186.2,99,59,101,111.5,124.3,128,38.4,6,109,71,150,142.2,134,105,208,101,295,189,232,136,81,70,186.2,212,82,95,173,208,161,95,95.7,106.8,135.7,163.7,152.9,159.8,202,153,118,132.3,171,157.8,175.5,364,185.7,186.5,272,239,273,239,134,108,187,86.2,145,162,98,159,146,110,80,79,120,83,158,82,38,102,103,147,136,106.6,109,204,62,121.4,101,150,187,86,138.5,100,166,178,114,49,38,150,140,220,160,157,87,176.3,191,45,169,134,96,128,181,185,142,197,110,184.3,155,143.8,232,91.9,63,156,95,163,161.1,67,161.3,172,160,189.7,202,165.7,88.2,114,154.3,131,174.4,204,287,167.4,79,261,180,187,150.2,111,148.3,232,166.8,167.3,113,187.8,153.8,141.9,172.4,131,139,184,127.9,85.8,121.3,128.9,113.4,113.9,162.4,138.8,149.4,143.3,152.2,149.4,143.7,143.7,165.2,125.9,193.6,181.6,145.3,99,200,119.9,158.1,141.2,171.9,154.2,96.4,124.8,162.9,149.7,152.6,167.1,135.6,134.6,214.7,212.5,205,162,181.1,142,155.9,128.5,131.8,114.1,112.1,127.8,118.6,120.6,93.6,161.6,107,66,57.6,124.2,217,169,168,215,125,212,148,151,240,202,150,96,183,148.5,144,98,83,94
1988-04-01,3.2,0,2.2,4,4,11,5,6,12,28.4,20.1,5,30.3,6,35.6,40,0,34.4,67,17,0,51,37,18.6,30.1,26,25,5,12,42.5,5,33.2,0,38.9,34,10,5,40,134,14,13,30.6,40.7,28.2,3,15,5,7,23,47.5,7,62,0,23.1,24,30,6,5,28.1,25,13,26.5,39.4,139,34,7,57,32.7,24.3,14.7,32.5,7.4,14.1,29.3,25,32,22.1,36.3,30,29.1,19,20,65,41.5,50,25.7,33,34.6,12,42,50,34,26,85,20.9,35,27.5,30.1,35,29,9,42.6,25.2,11,24.5,29.5,16.8,65,34.2,49.5,37,47.6,50,67.5,40.9,35.3,40,39,38.6,38,33.6,63.3,12.5,39.1,52,4,25,35.4,11,26,18,15.6,25.5,15,34.5,20.2,29.9,24,15,30.4,10,20.1,31.2,20,27,39,21,71,65,52.8,58,32,35,13,33.5,48.7,10,11,8.2,43,22,13,56,40,15,30,25,9,7,32,5,10,0,37.8,49,20,6.5,41,30,20,6.5,21,22.4,17.1,7.9,20.1,30.8,57,11,40,21.4,8,32.1,28.3,27,28.4,35.6,50,82,45,82,23.4,4,12,16.3,12,24,0,0,0,34,9,32,0,7,8,8,0,17.8,7,22,16.6,16.4,48,30,23,17.8,18.1,10,22,203,31.5,14,17,36,26,8,15,19.7,26,39,7,17,17.9,28.6,11,30,7,13,13,14,20,16,39.5,29.6,23.3,46.5,0,19.5,31,29,12,0,9,50,22.4,14,19.3,18,5,35.7,47,34.4,57.1,34,31.1,51,29.4,17,15,37.8,45,30,38,33.6,29,14.1,23.6,44.5,24.3,26.8,22,23,24.6,19.9,42.9,0,14,15,27.4,21.9,26.9,33.9,24.4,21.3,28.8,24.2,23.2,24.7,27.6,23.2,21.7,27,29.7,32.4,29.5,20.4,25.8,19.4,29.4,32.2,22.6,21.7,26.2,25.4,31.8,32.5,28,33,23.4,31.5,26.2,25.2,40.1,42,45.5,40,44.7,78,39.2,28.5,21.9,26.4,18.5,21.4,28.4,22.8,14.4,26,23,5,25.2,42.4,21,6,27.2,12,19,6,21.5,25,32,19,0,7,23,23,29,14,40,43
1988-05-01,16.6,11,3.5,0.5,0,0,0,0,2,5.3,12.8,0,12.4,0,15.2,0,0,6.1,0,3,0,18.3,20,8.8,8.7,0,0,0,0,14.5,0,12.5,0,14.5,0,0,0,7.2,15,0,0,11.4,17.1,10.8,0,0,0,0,0,16.4,0,22,0,10.9,0,14.9,0,0,7.2,12,0,9.3,16.9,0,0,0,5,4.6,10,8.7,21.1,7.2,10.2,10,10,17,22,23.3,16,26.7,13.1,17,27.1,15.1,14.5,24.5,17.2,20.1,9.6,14,10.5,21.4,25,25,10,48,16.5,22.4,18.2,17.7,24,40.1,18.7,12.5,3,12,12.9,24,22,26.3,45,28.8,90,17,21,19.8,17,13,27.4,5,23.9,30,1,25.6,9,30,1,15.1,10,6.5,5.5,5,4,25,16.7,9.5,29.4,2,13.4,18.1,24.9,8.7,32.6,22,16,15.5,8,33,53,11,48.8,20.5,15.3,17.9,7.6,9,13.1,16.2,13.2,24.5,16.1,33.7,3.1,12.4,8,9,0,0,2,14,0,2,0,10.2,13,12,4,15,9,2,4,3.8,29.8,1.2,1,1.5,13.6,0,11,0,7.2,10,9.5,15.8,10,5.9,11.1,14,9,12,9,5.6,0,0,9.2,0,0,0,0,0,34,0,0,0,3,0,3,3,0,0,0,0,8.2,0,4,0,8,7,16,0,25,18.8,0,12,6,0,0,6.5,8.3,27,23,0,0,6,8.5,28.1,0,0,0,25,0,0,0,0,12.8,15.2,26.9,5,10.5,0,31,8,0,44,7,5.3,7,7.4,0,11,14.8,8,14.2,20.2,13,8.1,0,10.2,8,15,25,10,17,16,14.9,13.1,7.3,10.7,14.6,14.3,7.3,7.2,8.3,12.7,10.4,15.1,0,0,0,11.6,6.5,11.2,8.5,10.2,11,11.6,14.9,11.8,12.3,14.6,12,12.2,12.6,15.6,12.5,7.4,11.4,8.9,11.8,7.6,14,13,10,16.4,11.6,13.8,8.6,10.9,15.7,12.9,16.8,19.2,13.5,17.9,17.2,28,0,18,50,9.1,7.7,11.2,9.9,8.1,13.8,13.4,7.5,6.2,8,2,7.8,2.5,11,21,13,13.2,21,14,20,20,0,10,10,0,6,12,9,12,6,14,14
1988-06-01,0,0,0,0,0,1,0,0,0,2.3,17.9,5,14.6,0,12.5,6,0,2.9,0,0,0,9.9,2,5.9,5.8,0,6,0,1,12.2,0,6.1,0,9,0,0,0,5.7,0,0,0,6.1,7.6,9.6,0,0,0,0,0,13,0,13,0,12.3,0,13,0,0,8.8,0,0,9.5,13.9,0,0,0,6,3,0,0.5,23.5,0,0,0,1.9,15.4,20.2,25,11.6,15.4,8.3,16.8,11.9,18.1,16.1,7.3,12,16.2,16.6,9.4,12,10.5,14,6.8,4.9,19.2,12.5,7.6,12.9,12,0,26.5,9.7,12.9,4.7,6.2,13.8,18.7,20.3,15.8,6,29.2,19.5,12.4,11.6,12.6,10.4,10.6,23.2,13,19.1,23.9,6.3,27.4,7.5,6.8,4.4,12.3,10.9,17.9,8.5,6.7,11.5,11.7,9,10.2,23.6,11.2,11.8,14.8,14.6,9,33.8,7,7.6,7.8,7.9,10.5,14.3,17.5,32,11.1,14.6,17.9,8.8,12.4,10.3,23,13.9,8.9,8.8,15.1,0,8.6,0,3,0,0,0,0,0,0,0,6.1,0,0,0,0,3,0,0,0,6,0.3,0,0,9.2,2,0,0,5.9,0,10.2,10.7,9,2.5,13.5,0,0,3,0,7.2,0,0,2.7,0,0,0,0,0,0,0,0,0,0,0,0,0,0,0,0,3.4,0.7,0,0,13,0.4,0.4,0,0,0,5.8,0,0,0,0,0,4.1,3,0,6.7,0,0,0,7.7,0,0,0,0,0,0,0,0,17.5,9.3,3.5,5.8,0,2.9,0,0,0,0,0,0,1.9,0,8.1,0,0,8.1,2,7.3,16.4,1,7.6,0,8.4,0,0,18,0,0,0,11,13.8,9.4,10,13.5,9.4,12,3.5,6.8,16.3,9.4,14.7,0,0,0,9.6,4.4,11.7,6.7,11.2,9.2,13.6,15.7,9.3,11.3,9.6,13.4,12.2,12.4,15.1,12.1,6.6,12.1,7.2,8.4,8.1,16.2,10.1,7.9,11.6,9.5,10.7,7,12.6,12.3,12.6,18.1,17,14.7,12.5,19.7,0,0,11.8,0,5.9,13.6,15.9,7.5,4.1,12.4,14.2,5.4,5.2,5.5,0,8.9,6.4,12.7,9,3,7.8,8,8,8,7,10,18,8,0,2,8,12,15,5,11,14
1988-07-01,0,0,1.4,0.5,26,3.1,11,30,2,5.6,24.2,0,33.6,10,13.3,5,29,4.2,17,7,5,26.7,6,33.4,9.4,0,3,0,4,22.8,0,33.3,58,18.2,0,0,32,16.9,0,11,57,12.4,17.9,25.6,24,2,6,45,1,23.3,12,9,0,27.9,27,24.7,7,7,31.8,2,3,13.5,22.3,19,0,11,4,3.5,1.7,1.8,24.2,0,1.2,3.3,14.4,6,16.6,19.9,21.4,12,9,13.1,15.9,15.8,4.5,2.5,12.1,17.5,12.7,12.6,6,12.8,13,12,7.5,16.9,15.3,8.9,14,12.6,3,21.3,12.8,12.7,4,3.5,13.3,15,18.6,5,15,26.3,15,5.5,10.3,12.6,12.7,11,24.4,6,19.1,24.7,2.5,28.9,5.3,10.9,11.1,10.3,11.1,14.3,17.2,6.1,9.4,2,9.4,8.2,19.4,11.9,10.7,11.7,12.2,11.5,32.5,12,14,10,1,17,3,6,22.1,16,3.5,16.9,3,3,9.8,15.9,10.4,9.5,8,19,13.8,11.6,3.5,0,0,9,10,0,10,0,0,11.3,0,0,7,10,0,0,7,7.5,9.8,14.8,9.1,5.1,14.3,0,0,8,6.6,0,7.9,15.7,5,5.7,26.9,0,0,0,0,2.5,12,16,0,0,0,0,10,8,12,6,0,8,17,6,14,1,0,21,0,0,3,0,6,13,0,0,0,27.2,0,8.4,1,6,10,14,0,8.5,7,0,6,9,8,7.7,11.8,14,0,0,5,15,8,0,0,9,18.8,9.4,13.1,0,6.1,20,4,2,27,6,16,14.9,0,10.3,10,7,14,0,22.3,15.4,14.6,7.9,6.2,6.6,0,0,8.9,0,1,0,11.6,21.7,13.8,10.9,35.1,8.8,21.9,20.8,29.6,14.5,14.4,22.9,10,10,40,15,10.5,15.3,9.4,19.4,13.5,20.5,20,11.2,15.1,16.3,20,16.1,23.5,25.9,17.6,13.6,16.3,16.9,11.5,10.5,19.9,12.4,10.6,14.9,13.6,14.9,12.2,16.3,15,19.9,28.9,27.5,19.3,18.9,18.2,13,0,17,14,12.1,14.4,15.6,9.3,9.3,8.6,13.9,11.8,7.3,15.2,9,0,1.7,0.9,0,0,6.8,0,0,0,0,0,0,0,0,0,0,0,0,0,0,1
1988-08-01,0,0,0,0,15,0,0,3,0,2.1,17.4,0,11.5,0,10.9,0,0,3.5,5,0,0,11.8,0,5.1,6.5,0,0,0,0,15.4,0,11.3,14,10.6,0,0,25,5.7,0,0,13,7.1,8.1,11.9,0,0,0,0,0,13.4,5,6,0,10.2,5,10.4,0,0,9,0,0,4.9,12.6,20,0,0,0,3.9,0,0.2,21.5,0,0,0,9.9,15.9,18.6,21.6,13.5,15.1,10.5,14.1,13,19.1,13,0,12.1,13.2,15.1,9.3,12.2,11.9,10.4,9.8,6.9,19.7,12,9.7,14.1,11.5,5.7,24,9.9,13,4.5,5.8,15.3,15.9,19.6,13.7,11.9,19.7,22.6,11.6,11.2,12.1,13,11.7,23.6,14.1,20.5,21.4,5,29,7.9,11.1,7.9,12.5,9.8,16.2,11.4,7.2,8,11,11.1,9.5,22.3,10.5,12.3,13.1,12.2,9.8,34.3,8.1,7.7,7.9,6.6,10.7,10,20.3,26.2,12.2,16.4,17.6,6.8,11.9,9.6,21.8,12.6,9.8,8.2,9.9,0,6.3,0,0,0,0,0,0,0,4,0,5.9,0,0,6,0,0,0,6,0.5,6.1,0,1.1,0.5,8.1,0,3,0,6.5,0,7.8,13.9,8,2.1,15,0,0,0,0,2.4,0,0,0,0,0,0,0,0,0,0,2.5,0,0,0,0,0,0,0,0,2.9,0,0,0,10,0,0,0,8.8,0,6,0,0,3,0,0,2.8,4.2,0,5.6,0,0,4,5.4,0,0,0,0,0,0,0,0,20.6,10.7,4.6,0,0,3.7,0,0,0,17,0,0,1.7,0,4.2,6,0,8.7,7,15.2,6.3,0,5.2,0,4.8,0,0,5.9,0,0,0,10.8,18.3,8.7,7.4,15.2,11.1,11.1,3,15.3,12.9,10.7,12.9,0,0,0,9.1,4.7,12.3,7.5,10.8,11.3,16.2,12.1,7.7,13.5,10,13.5,15.5,13.9,15.6,12.8,7.9,15.7,6.8,8.8,7.5,15.6,8.5,7.6,14.3,8.8,12.6,7.6,11.5,15.2,13.3,17.8,15.1,17,18.8,21,0,0,11.1,5,6.7,14.8,13.7,8,6,11.5,12.9,6.3,5.3,5.8,0,0,33.2,16,0,0,8.9,0,5,0,0,0,0,5,0,13,6.5,8,15,14,12,10
1988-09-01,0,7,10.2,10.9,7,0,5,7,2,6.5,17.9,5,13.1,0,13.7,1,0,7.5,5,0,0,13.6,1,18.8,5,0,0,0,1,16.9,0,21.8,18,12.4,0,0,11,14.3,0,6,0,7.8,13.4,14.4,13,0,35,25,0,14.6,2,24,0,16.5,0,15.9,10,0,16.5,0,0,7.8,15.6,0,0,10,2,5.5,56.6,69.6,43.4,48.6,0,4.3,13.8,14.7,13.1,23.6,13.2,25.4,11.9,7,18.3,18.7,0.5,0,12.6,26.9,16.5,16.1,17,16.4,16.9,2,9,27.1,11.9,9.6,13.8,8.6,9.5,17.5,11.3,13.3,5,7,10,14.3,18.5,16.7,5,23.9,28.2,4.5,15.6,13.3,11.2,12.4,23.7,13.2,17.7,25.7,10.1,24.4,19.3,14.9,10.2,14.7,1,36.9,43.4,2,2.5,2,12.2,12.7,31.4,32.2,18.4,13.3,13.8,9.2,31.8,5.4,10.7,3,11.8,4,15.5,21.3,36.5,9.9,7.5,15.5,3,11.4,14.4,15.5,8.3,14,9.5,13,22.3,20,51.5,106,46,62,48,124,8,46,0,66.6,99,57,24.9,63,106,30,24.9,25.2,36.7,12.1,16.2,19.1,52.1,50,62,36,14.7,23,52.4,66.5,102,60.4,43.6,124,95,56,95,7,10,0,8,0,11,0,0,8,0,7,23,9,6,9,9,4,0,0,0,9,5,0,9,34,0,5,13,13,16,21.6,16,10,31,8,35,1,22.3,13,18,20,18,23.8,24.7,3,0,9,10,31,22,25,32,56.4,30.7,22,8,30,17.7,14,3,22,0,28,49,38.7,32,37.1,49,27,47.5,50,40,67.4,64,70.9,98,64.8,81,88,81.4,90,109,90,84.1,47.6,16,43.9,67.3,56.4,38,29.4,34.4,33.3,30.4,60.4,12,13,11,29.2,32.4,35.5,21.5,24.1,31.3,25.3,21.6,28.7,39.2,44.4,29.6,29.7,28.4,26.4,27.1,21.9,24.4,22.7,32.3,24.1,54.1,38.7,32.3,45.8,53.5,46.8,76.4,52,26.1,37.3,42,46.3,40.6,28.4,37.7,12,4,38.4,46,30,22.7,23.6,19.1,14.6,23.8,22.2,19.3,14.6,50.3,13,36,181.7,132.1,107,153,90.4,85,95,150,112,190,114,135,0,168,127,115,87,148,100.5,102
1988-10-01,0,0,0,0,19,6.9,16,26,39,5.9,19.9,11,31.1,34,19.4,31,20,10.3,40,3,18,34.2,4,29.5,11.9,10,17,19,12,23.3,5,30.2,37,15.6,10,16,32,22.8,13,8,38,17.4,20.8,27.3,0,16,9,9,18,24.4,23,57,23,22.6,61,26,6,20,29.7,3,0,13.3,24.4,33,5,25,21,8.1,3.3,5,30.2,0.5,0,5.5,15,17.1,17.3,20.8,18.9,4,4,16.7,15,19.9,4.5,8,13.3,20.4,9.6,15,3,16.7,4,1,9.2,2,16.4,9.8,12.8,11.9,4,20.4,12.3,7,1.5,4.8,11.6,17.6,18.4,4,6,32,20,13.6,13.7,15.5,18.2,4,24.3,2,20.1,27.6,3.5,26.5,3,11.8,9.8,12.2,9,15,10,7.3,12.5,6.5,11.5,8.8,21.2,11.8,7,13.6,13.9,8.7,32,11.9,11.3,22,1,11,22,12,44.3,12.2,14.6,20,10.8,3,10.7,13,10.4,17,6,20,2.1,19.5,8,2,0,0,5,5,10,3,0,18.9,21,14,8.3,20,2,13,8.3,43.8,15,26.7,16.5,40.3,19.5,0,13,0,11.3,14,18.2,14.7,40,13.3,32,5,7,0,7,15.1,4,18,0,0,0,0,0,23,30,8,9.9,18,32,12,18,0,0,25,0,16,0,10,20.8,15,6,10.9,20,46,3,19,24,0,8,7,35,8.8,11.3,0,10,6,43,13.4,16.9,53,42,22,2,0,9,0,25,36.3,23.8,12.2,19,20,10.4,24,14.3,17,42,0,15,18.2,0,10.3,0,2,19.6,0,73.5,25.7,11,15.7,14,11.9,0,16,15.1,0,35,5,14.2,25.1,11.1,14.9,39,15.9,31,22.6,34.7,18.8,16.9,27.7,6,13,70,16.1,15.8,19.2,13.7,21.3,16.3,21,22.7,14.1,21.5,19.5,22.6,23.1,25.7,27.9,16.8,14.8,16.6,16.7,13.4,16.2,21.5,16.6,20.5,14.5,18,16,16.6,18.6,18.4,25.2,31.1,30.5,21.9,26.7,26.8,0,0,27.4,30,18,17.7,19,17.7,12.5,15.8,19.4,19.8,13.4,16.9,40,0,5.4,10,0,19,12.6,15,35,0,10,0,0,0,0,0,0,8,10,5,4,8
1988-11-01,0.5,9,17.8,58.6,69,14.5,43,28,32,20.8,52.9,28,50.9,55,30.2,19,7,25.3,60,28,56,61.5,12,55.8,28.7,5,8,63,41,60.6,16,50.6,44,39.5,19,9,93,48.4,111,23,81,33.4,40.8,40.8,40,41,9,55,15,52.1,61,85,5,42.9,102,45.2,33,52,43.7,6,95,28.4,42.7,40,54,9,62,14.5,39.1,49.1,47.5,163.3,0,5.4,5,25,21.8,33.7,21.6,56,65,3,20,26,32.5,13,22.4,29,35.1,33,26,14.5,9,9,21,27.2,16.8,23.1,20.2,20.2,21.2,24.9,23.3,5,15,12.2,13.8,29.5,29.6,38.6,28,41.3,51.4,41.8,29.8,24.9,27.2,18,35.3,39,23.1,56,23,42.6,28,27.3,5,22.8,3,38.4,22.5,19,37,32.6,8,21.9,31.9,35.6,35,27.4,23,28.1,36,5,2,37.5,18.6,11,10,41.1,53.1,7,27.1,6,2,3,30.1,14.6,8.9,9,9,20,66.8,37,49.5,66,29,80,77,51,23,40,72.5,63,42,80,63.2,114,66,68,63.2,93.4,56.5,58.8,53.5,60,61,50,62,30,54.7,73,54.2,56.5,90,50.2,58.2,70,60,69,60,51.4,56,22,35.2,62,30,30,65,88,38,54,36.8,53,60,68,44,170,103,65,49,63,57,70,108,46.5,58.5,38.5,53,48.6,93,60.4,84,44,75,26,47.1,44.4,69.6,69,46.8,54,51,44.8,59.3,30,34,49,48,44,65,52,53.6,103.9,66.5,54.5,77.9,49,39.4,73.9,67,30,68,69,97,53.5,51,50,48.4,40,70.9,51,13,63.6,41,55.3,57,56.5,59,43,66.6,88,91,76,67.7,59.8,46.1,52.3,63.8,58.6,56.4,41,50.8,57.5,51.1,58,24,48,30,42.3,34.2,43.5,40.7,31.6,46.6,50.9,64.1,62.2,57.2,70.2,65.9,56.5,64.4,55.5,44.7,51.6,27.4,33.8,36,54.5,60.4,53.2,54.9,54.1,65.5,43.3,63,65.9,46.7,54.2,70,50,51.3,75.2,82.8,62,9.2,83.6,81,76.3,66,65.5,65.2,53.5,59,68,63.8,42.3,77.4,75,58,78,132.6,91,115,76.8,72,134,30,68,66,95,93,0,145,147,152,95,103,104,115
1988-12-01,1.6,57.6,18.3,10.8,71,5.6,49,98,60,27.6,68.4,15,60.6,14,42.1,37,66,29.7,105,8,65,61.3,19,74.9,30.4,40,7,10,23,74.9,0,70,95,38.1,0,38,77,63.5,110,30,77,40.4,49.9,48.3,21,67,50,71,34,56.8,70,94,39,73.7,44,57.2,27,13,66.9,22,33,40.3,45.1,108,10,80,13,27.7,111.2,153.4,86.2,71.9,0,5.2,36,11,34.7,45.9,44.2,5,9,13,76,56.9,19.5,34.6,37.1,47.5,16.9,21,8,17,6,7,28.2,27,40.6,69,23.9,15,61,45.8,25.8,6,5,12,32.6,53.5,45.2,34.5,53.1,48.4,20,43.5,44.5,35.8,35.1,27,47.8,25,37.9,58,1,62,31.9,52,10,37.3,27,30,44,27,16.5,25,16.5,36.7,28,38,33.6,39.5,46.6,37.3,52.2,58,39,15,42,86,61,31.5,59,48,52.6,41.5,90.5,82,41.1,22.4,16.5,21,12,40,134.5,107,77.5,137,142,106,114,68,64,105,66,101.3,75,102,90.9,132,137,74,90.9,75.1,248.8,57.3,70.5,59,116.8,255,77,45,107.2,105,97.1,126.5,151,127.4,93.3,52,64,60,64,51.5,28,20,12,33,63,95,84,123,50,111,107,48,46,88,69,81,154,32,182,68,88,135,117.6,93,106.1,89.2,103,131,122,119.9,104.7,62,91,45,110.4,70.9,118.8,39,83,63,42,90,110.2,61,87,80,105,127,125,141,102,126.7,91.6,107.2,143,137.3,101.2,195,230,140,106,188,141,109.1,115,98,115.8,127,157.2,255,128,119,234,97.3,75,89.8,106,70,77.8,19,80,122,91.7,113.6,75.5,96.9,95.1,104.3,92.2,82,89.3,107.2,95,120,78,40,0,78.6,54.7,79.6,67.1,73,71.5,83.7,96.9,96.9,88.5,126.9,97.2,93.8,84.4,112.9,75.8,74.6,71.9,84.2,49,88.1,74.7,109.3,112.7,109.2,111.8,69.6,92.2,100.9,84,100.4,108.5,104.9,86.8,139.3,157.7,66,72.4,149.8,165,135.2,116.9,119.7,106.8,93.5,112.2,138.1,124.5,73.5,99.9,86,190,9.1,72,156,118,75,115,123,137,154.5,0,100,40,0,0,121,54,30,12,37,44
1989-01-01,93.5,85.7,41.4,30.5,169,30.4,76,121,41,91,78.6,123,112,86,132.4,39,35,105.9,102,129,61,125.1,52,115.6,105.9,33,43,33,62,123.4,130,120.2,163,119.4,111,60,101,121.4,108,62,100,129.1,138.6,120.4,49,81,74,24,54,91.3,48,99,69,94.2,47,123.3,38,92,136.1,62,119,112.2,117.4,51,45,123,91,108.5,28.5,36.4,120.6,78.1,117.5,111.6,122,111,105.5,130,138.2,129,126,8,156,163.8,104,116,138.7,107.3,116.9,196,173,206,111,212,108.7,157,76,128,73.3,147,128,91.9,85.4,130,54,76.5,77.7,146.7,185,175.7,90,162.9,155,578,161.4,149.2,159,153,144.5,164.6,188.3,173.8,107,143.1,162,164,99,100.8,112,101,87,88.5,105,115,81.5,101.6,70,143,168,117,293,106,117.6,102,83,124,56,93,26,124.2,165.8,89,115.1,20,86.5,88,43,36.4,24.9,97,67,140,140,144,49,63,47,47,58,58,69,26,82,64.9,26,13,148.2,61,63,63,148.2,67.8,77.2,93,54.8,106.2,98.8,81,6,61,106.9,123,54.1,51.6,23,35,72,48,43,73,43,57,64,52,96,145,222,184,101,156,138,196,122,63,105,107,124,74,134,45,128,88.3,118,105,137,41,111.2,125,147,78,128.2,116,80,74,126,64,120.4,104.8,101.4,90,87.6,100,75,55,86.8,116,85.8,80,63,75,109,66,41,75,81.6,110.4,128.8,305,110.9,318,104.5,84,40,139,40,69.5,74.5,62.3,60.7,98,84.2,81,45,76.1,43,39.5,15,41.9,46.3,25,43,49,55,66,45.8,76.4,98.6,49.4,82.4,59.5,80.6,87,90.9,82.2,95,63.5,69.4,45,97,98.2,61.3,81,88.1,46.5,64.4,95,105.6,69.2,72.7,92.3,91.2,90.7,87.4,75.2,95.1,102.4,105,94.5,61.7,127.3,51.5,84,101.5,81.8,86.9,71.2,51.4,70.4,99.9,77,91.2,62.7,57.8,148.8,176.3,135,10.9,172.2,230,137.8,122.9,138.3,127.2,108.8,125.3,122.5,118.8,85.7,74.6,55,63.5,13.5,36.4,36,15,40.3,61,20,20,37,31,26,38,39.5,13,78.5,30,9,0,44,42
1989-02-01,80.3,59.5,73.5,28.8,93,10,88,37,48,64.8,69.7,14,70.1,27,81.1,24,55,65.3,62,54,64,85,53,78.3,53,12,20,57,25,82.6,75,76.3,55,60,72,50,59,75.3,204,56,169,64.7,77.7,61.9,53,40,81,49,25,73.5,80,40,47,83.7,36,64.3,122,20,73.2,40,102,60.4,73.5,43,27,14,91,66.8,65.1,108.9,112.1,113.5,7.6,95.6,80,38,76.6,74.7,72.6,98,86,22,116,98.5,127.5,114.5,63.6,82.4,53,98,24,83.6,70,107,57,49,57.5,96.6,49.1,86,97.5,66.1,54,84,43,73,51.4,90.9,83.5,82.9,102,75.7,154,29,74.9,78.4,67,86,106.4,82.7,69.1,106.9,25,94.6,26,70,52,55.4,97,112,35,74,32,109,38.5,72,54,35,19.5,18,103,64.7,86,51,23,137,29,84,73,38,52,48,66,33,72.5,71,50,26.5,16.6,111,104,138,120.6,40,102,75,34,52,33,44,47,34,59,84.5,54,97,74.2,95,75,60,74.2,161.2,130.7,163.7,100.5,111.3,113.1,126,46,160,102.5,48,61,73.4,160,69,73.2,67,58,93,58,60.6,111,166,73.9,162,154,137,92,146,92,100,87,83,77,72,84,72,114,47,94,80.6,117,92,113,146,104.9,90,98,30,127,107.4,59,122,98,46,106.9,79.3,99.5,62,85.8,95,71,58,86.4,66,85.5,104,76,113,101.2,77,115,86.4,71.3,94,115,161,99.5,259,80.2,64,49,82,41,71.7,70.2,65.8,67.2,72,107.8,138,42,89.9,52,63.2,50,67.6,88,69,39,70.9,105,124,80.2,86.5,86,57.5,75.2,72.3,72.1,76,89,87.7,92.9,73.6,61.9,49,78,98.2,57,58.3,73.2,53.9,75.8,91.3,101.7,72.5,71.5,90.2,91.5,87.4,82.4,74.3,74.9,92.6,70.6,87.6,61.6,129.5,53.2,87,92.8,95.5,85.1,70.5,70.7,74.6,90.1,73.7,81,69.4,63.7,152.2,159.3,82,17,148.6,136,124.8,121,123.5,115.7,95.7,103.4,121.7,124,71,73.6,95,88,18,50.2,108,39,61.2,110,47,68,74.5,0,19,55,57.6,50,63,44,33,34,30,44
1989-03-01,34.5,48,46.6,16.5,106,68.6,172,50,110,80.7,83.1,62,84.7,77,108.8,86,26,86.4,53,86,68,135.5,138,92.2,77.1,145,86,43,55,104.1,102,109.9,57,80.4,46,99,199,98,123,15,78,92.7,107.8,89.8,10,381,29,34,150,101.4,245,203,78,92.7,123,87,48,72,96.8,129,101,89.3,82.3,0,40,62,90,83.4,81.5,77.5,107.8,148.8,80.8,66.4,88,79,70.1,93.5,91.5,90,90,147,63,108.5,132,52.5,79.2,96.2,69.6,104,68.3,110,33,55,63.6,75,56.3,86.5,50,33,78,62.9,48.3,75.5,56,50,71.6,108.8,126.5,127,92.5,112.7,85,4,107.2,104,115,99,101.2,116.8,103.7,111.6,83.5,99.7,68,106.5,56,74.6,88,78,94,79,31,111,58,96,74,67,78,56,180,81.5,101.9,104,55,72,80,107,72,138,103,68,69.5,108,81,78,99,34.2,7,80.5,83,235,181.3,140,122,180,145,126,109,133,152,129,41,152.7,122,179,93.1,147,180,198,93.1,117,53.5,115.5,104.9,83.2,138.9,317,104,120,135.3,202,138.9,151,185,100,150.9,133,104,99,104,66.7,73,67,45,56,123,44,96,94,68,175,79,130,134,112,89,96.7,30,106,159,164,70,112,165,208,113,107.7,203,124,187.2,142.4,239,191,303,211,148,100.5,150.5,181,175,168,115,104.7,161.4,138,93.7,144,196,138,165,138.4,203,108.2,165.1,135,178.1,201,128.6,336,102.1,70,125,109,190,140.1,100.2,150.8,131.5,154,178.6,194.3,216,170.1,185,126.8,85,121.7,104,173,74,79,144,135,131.5,143.7,96.5,133.4,161.1,136.7,149.1,100,139.5,146.1,146.4,162.2,146.8,118,181,115.5,82.3,120.6,113.8,103.3,94.4,140.4,135.8,144.7,137,157.3,134.4,136.1,140.4,141.1,110,139.1,127.3,129.1,80.2,177.8,98.8,152.8,149.8,134.8,158.2,96.6,105.9,137.6,138.2,132.3,149,127.2,110.3,173.4,252,127,23.4,194.4,153,194.2,166.6,145,136.5,122.4,149.2,141.8,146,105.5,127.5,135,80,145.3,141.2,93,200,136.6,153,141,145,168.5,110,176,163,161.3,138,218,349,271.6,236,229,175
1989-04-01,17,3,2.1,1,184,11.7,32,159,23,22.6,82.2,86,88.2,90,42,38,259,31.4,230,26,53,66.9,28,109.5,24.5,24,13,13,18,95.5,5,82.4,208,44.5,2,22,83,69.4,114,41,230,37.8,50,56.9,63,29,32,55,6,59.9,152,85,0,73.2,55,70.7,57,37,75.6,9,53,30.9,42.5,0,10,86,20,20.6,40.6,80,45.4,63.9,0,10.1,20.5,26,27.8,34,32.7,23,25,119,55,42.1,84,14.5,26.1,26.1,21.1,26,22,33.8,8,27,26.2,22,24.5,20.7,18.8,17,25.4,24.9,24.4,45,9,7,20.4,39.6,27.9,28.5,17,45.2,75,3,35.4,33.3,38,37,41.1,39.7,34.4,59,19.5,53.4,23.3,15,12,38.3,33,29,18,19.1,4,38,23,20.2,30,1.5,10,34,15,28,33.1,17,2,26.5,15,42,21,24,64.5,13,37.9,33.5,20.5,20.4,25.4,13.6,10.8,7,9,30,43.3,30,20,27,53,38,39,43,40,28,0,62,0,90,62,56,27,17,62,45.3,59,15.5,47.9,30.2,43.7,15,96,40,26.1,35,47,57.2,0,30,67.1,37,98,33,98,23.4,34,29,6,35,37.5,22.7,44,8,151,19,24,30,37,17,49,23.9,5,90,42,17,26,30,21,76,29.7,23.7,24,41,53.8,33.9,15,12,37,41,24.7,24.2,39.7,7,35,18,27,34.6,39.8,0,23.3,40,23,28.6,41.6,30.5,0,51,68.9,30.6,78.4,53.3,33.3,284,33.8,38,25,29,150,40.9,34,38.8,37,20,49.2,55,45.8,60.4,68,54,93,44.5,71,35,33,61.9,39,10,40.5,46.9,37.1,37.2,78.6,61.4,51.1,47,65.6,36.2,34.9,55.3,40.5,35,89,43.9,38.1,46.5,36.2,35.2,44.5,43.9,49.4,41.1,43.2,58.3,49.3,43.4,54.3,57.7,46.8,41.5,38.8,39.6,38.8,41.4,51.1,49.5,52,46.2,60,42.4,51.3,41.5,40,44.9,56.8,50.8,49.8,50.5,15,48,6.7,54.4,65,48.4,38.7,32.8,35,32.2,38.9,38.9,30.5,24.9,53.1,37,59,0,1,12,0,28.7,7,0,50,14,54,25,24,20.3,8,15,8,0,0,0,1
1989-05-01,12.5,10,32.2,20.5,12,34.7,23,22,15,15.5,20.6,7,26.5,25,16.1,5,20,19.9,8,13,11,31.2,9,27.4,14.6,0,16,10,14,34.8,0,41.5,8,25.4,22,14,15,32.6,0,28,38,19.6,25.5,23.5,16,7,18,36,15,21.1,33,9,0,29.6,16,22.7,19,7,27.7,4,17,13.4,25.9,0,38,7,15,15.7,22.1,41.7,36.2,54.5,33.5,12.6,9,53,18,24.6,17.6,28,25,36,12,19,6,21,20.1,25.7,26.3,17,23.8,30,23,21,18.2,29.5,17.4,13,13,11.7,11,21.6,15.4,30,12,11,12.1,22,18.9,28.2,10,35.6,33,26.9,20,20.1,29,23,39.9,30.8,17.8,35.8,11.5,29.4,19,13,18,13.1,47,51,28,24,19,52,18,11.2,37,45,31,22,21.6,12,30.6,11,25,9,11,14,15,17,44.8,9,18.2,16.8,17,17,15.4,12.5,8.5,20,17,35,39.7,35,38,24,53,14,56,29,20,31,45,31.7,10,38,37,43,24,58,37,38.7,40.5,68.3,40,60.9,36,80,42,40,20.1,22,32.5,35.9,27,38,41.2,35,24,30,24,5.6,27,0,19.4,30,11,8,20,34,28,27,22,34,11,28,44,17.8,5,100,27,28,21.1,8,50,80,23.8,19.9,10,58,43.6,44.2,15,34,85,30,19.2,15.5,30.5,24.9,23,11,20,29.7,31.9,0,22.7,25,10,25.1,30,20.7,20,38.3,31.7,29.6,47.3,35.2,26.4,40,22.1,14,37,40,31,30.1,24.6,25.7,23.7,24,50.2,43.1,50,38.2,19,27.6,28,28.4,31.8,27,30,22.2,24,24,34.5,35.9,15.8,28.3,49.9,26.6,33.2,33.3,38.3,30.7,23.1,41.3,26.5,14,42,35.5,25.9,31.2,23,23.5,20.5,25.3,25.2,25.7,31.7,30.1,26.8,28.9,33.6,29.4,27.7,24.8,21.8,25.8,22.7,25.3,32.2,27.7,30.1,35.7,31.7,27.6,33.5,31.6,22.2,30.7,41.3,38.3,25.1,41.7,72,50,0,42.6,37,34.6,25.6,23.9,23.9,26.1,30.4,31.3,27.6,20.9,29.9,0,32,46,77.3,29,60,34.7,0,30,38,23,105,45,47,47.3,43,57,73,25,50,67,48
1989-06-01,2.1,5.5,3.9,7.9,65,15.8,32,8,54,31.9,36,24,44.7,10,52.3,18,0,36.5,75,62,0,45.8,33,47,32.7,0,17,0,57,58.1,60,48.9,86,45.3,68,39,34,40.7,0,9,75,49.9,41.9,45.3,27,12,10,54,28,45,13,10,0,43.4,11,40.3,35,5,46,16,12,37.7,44.8,0,0,24,56,25.5,5.8,15.6,39.7,3.3,3.3,0.3,16.7,46,22.9,47,41,18,30,14,11,46.6,33.5,42,39.7,26.9,46.6,25,42.2,38.8,31,12,16.5,25.5,19.5,14.5,19.1,15.9,13.9,25.9,19.8,10.5,10.8,10.9,14.2,46.3,41.9,45.5,13,51.3,51,17,38.8,35.5,60,61,52.6,42.8,29.1,53.4,46,42.1,45,21.5,38,35.7,16,15.5,9,15,19,18,54.5,24,24.8,6,18.3,38,49.5,25,31.8,16.8,17.4,19,5,49,9,52,298,14.2,35.5,33,42.8,39,21.3,13.1,6.8,16.5,13.8,21,34.1,39.4,15,12,0,27,13,20,76,40,0,23.7,35,30,30.8,0,12,31,30.8,33.4,11,28,20.8,22.9,27.4,39,33,16,22.9,42,17.5,29.4,45,24,38.1,28,11,15,11,7.2,52,45,25.2,80,25.9,20.3,33.8,50,25,36,27,48,74,44,45,17.7,5,11,41,29.5,17.4,50,16,4,26.4,23.7,53,105,44.5,36.2,0,0,28,37,21,14,27.6,24.3,33.2,42,58,27.8,30.2,0,13.1,10,41,18.3,23.1,21.9,52,46.9,31.5,18.6,39.5,25.3,16.2,12,18.8,12,40,11,42,31.8,18.7,23,20.1,19,32.7,30.6,33,29.2,20,24.9,25,15.8,22.9,15,6,17.7,25,12,29.2,31.8,27.9,15.7,45.6,21.9,30.9,43.9,47,29.1,25.1,42.3,38.1,57,87,37.9,21.9,26.2,26.4,23.6,20.6,25.7,26,24,30.3,27.5,33.4,27.9,36.8,35.8,30.7,29.7,21.6,29.5,21,29.5,26.1,20,22.2,18,22.9,21.6,18.6,23.5,26.2,27.4,37,28,21.2,36.2,30.5,0,0,38.6,55,33.2,28.2,27.3,26.7,22.8,26.1,30.9,29.9,22.8,25.9,0,18,10.2,10,35,15,18.1,19,9,15,4,0,14,14,18,4,7,9,38,11,4,5
1989-07-01,0,0,0,0,0,1.4,0,14,0,2.6,11.6,15,11.2,8,11.7,0,0,4,0,0,12,11.4,0,10.9,6.9,0,0,0,3,13.7,0,10.4,0,11.2,0,0,5,11.8,0,0,0,7.6,5.3,10.1,5,0,0,59,0,10.8,2,1,0,12.1,12,15.3,0,0,7.4,0,6,6.3,10.9,0,0,15,5,1.3,1.1,1.6,26.5,0,0,0.2,10.9,17.4,14.9,22.1,9.5,15.9,2,14.1,12.5,21.4,1,7,14.8,16,12.6,11.6,13.2,12.5,12,4.9,5.2,15.9,12.8,7.6,10.6,10,6,21.2,9.3,9.5,4.3,5.8,11,15.7,20.5,13.2,4,19.8,10,14.6,9.8,12.3,14.2,7.8,26.6,10.7,20.7,16.6,6.5,20.8,11.5,5.4,8.9,11.9,12.2,16.1,12.7,9.9,7.1,9.3,10.9,12.4,21.4,16.7,11.8,8.9,15,8.8,33.7,4.4,15.8,1,2,8.1,9.2,18.8,34.5,11.8,5.2,16,0.8,1,9.9,18.3,15,9,9.2,12.8,10.4,10.3,0,23,0,0,0,9,0,0,14,12.1,6,0,0,0,23,1,0,0,8.4,0,0,0,13.5,0,1,0,6.3,0,8.5,11.8,27,0,11.9,8,8,12,8,0,27,0,0,0,0,0,2.5,0,0,0,0,0,0,0,0,0,0,0,45,0,0,0,0,0,2.7,1.9,0,5,13,8.2,0,0,0,0,3.5,0,4.2,0,0,0,0,5.1,7.5,22,0,0,0,0,0,0,0,23.6,12.4,3.5,7.8,3.8,2,3,0,0,4,5,0,2.6,4.2,4.4,5.7,0,10.8,0,0,10.6,2,2,13,11.1,11.1,10,15,19.9,21,29,23.7,16.8,12.1,13.4,20.9,12.9,15.7,5.4,11.8,10.9,15.6,15.7,1.4,0,0,11.8,13.7,15,6.8,15.5,12.4,13.7,9.7,8.5,13.6,12.3,10.2,13.5,14.3,17.9,15.5,6.5,14.1,9.7,9.7,8.9,16.1,10.4,12,12.8,9.8,13.1,13.2,9.6,13.6,12.7,15.7,19.4,16.3,16.9,22.9,0,0,18.4,7,11,16.9,16.6,13.7,7.5,8.5,17,9.4,6.4,7.2,0,1,0,62.7,16,21,27.9,33,23,64,19,25,35,43,29.4,40,25,35,41,60,78,54
1989-08-01,0,0,0,4,37,2.4,0,7,0,2.6,15.8,10,20.5,0,13.7,10,0,3.9,35,0,10,14.8,0,14.7,5.5,0,3,0,3,18.4,0,15.3,48,14,0,0,20,15.2,0,0,10,6.8,9.7,16.9,0,5,0,27,0,18.6,1,3,0,19.3,0,16.1,0,0,18.2,0,6,7.8,16.1,22,0,10,0,2,8.2,14.7,25.5,5.3,0,0,9.8,17.7,14.8,21.1,12.3,15.8,10.7,13.1,11.5,19,2.5,8,13.4,15.1,15.4,11.7,10.3,12.9,14.4,10.3,4.5,11,10.5,9,11.4,11.2,6.3,15.6,10.1,8.2,4.6,5.4,12.4,16.3,19.4,16.9,7,19.6,24.4,10.4,10.4,11.8,12.7,9.6,24.2,14.3,20.9,19.6,2.5,24.2,10.8,5.8,7,12.6,10,23.3,13.2,7.5,5.9,9,13.2,12.5,22.2,17.6,12.3,8.6,17.9,5.5,32.6,7.5,9.7,6.5,5.8,9.3,9.8,19.3,32.7,20,9,17.2,6.6,7.6,7.9,19,11.9,11.7,8.7,13.4,8.2,10.3,2,12,0,0,2,13,0,0,0,12.3,0,12,3.5,5,12,0,3.5,3,7.5,0,0,0,12.9,0,9,0,6.9,0,8.2,13.5,25,0,15.3,15,14,12,14,0,0,0,0,0,0,0,3.1,2.1,0,0,0,0,1,0,0,0,0,6,0,0,0,0,0,2,1.8,2.2,0,9.1,9.6,4.8,0,0,0,7,1.9,0,6.2,0,0,0,0,3,7,15.7,0,0,0,0,0,0,0,20.4,11.8,5.7,8.2,5.7,4.1,9.4,0,0,0,0,6,5.6,3.2,5.4,4.7,0,6.6,0,0,13,0,0,0,8.2,15.8,5,8,16.4,14,16,20.9,14.2,11.2,13.6,23.2,11.3,14.7,4.6,20.5,11.4,14.9,15.6,3.1,0,0,9.6,10,12.6,8.2,14,12.7,13.2,11.2,6.9,12.8,11.2,12.1,11.1,13.9,17.8,15.9,10.7,19.6,12.4,10.8,9.2,18.9,9.4,9.2,14.8,10.2,13,11.5,10.2,13.8,14.8,20.4,20.2,16.6,14.8,23.9,0,0,12.3,0,8.4,9.2,10.6,8.5,4.6,6.7,13,6.7,7.1,5.5,0,0,0,64.2,22,15,26.6,16,30,43,23,70,38,42,33.6,29,31,40,10,46,53,58
1989-09-01,1,20.5,6.9,3.2,23,10.4,0,38,16,11.1,23.2,92,22.5,2,22.9,21,0,14.8,17,12,24,32.6,4,23.3,11.7,0,14,15,11,28.8,0,22.6,16,19.4,0,2,23,23.1,30,43,30,18.1,25.2,19.4,28,6,31,17,12,24,1,4,0,23.7,22,24.6,30,10,31.8,1,18,14.2,22.7,49,0,92,0,11.7,2.5,4.1,39.7,1.6,0,13,23,81,19.7,21.4,24.2,5,6,15,53,25.6,21.5,7.5,18.4,24.6,21.2,7,8,25,27,5,17.7,29.7,17,16.6,20,17.5,16,30.2,15.7,7,5,7,14.2,25.8,18.9,13,7,34.3,80,28.5,23.4,20.9,5,4,32.1,25.4,24.2,35.7,6,25.8,8.5,35,7,13.2,10,8,20,24,20,12,9,13.3,22.4,2.5,14.9,35,31.3,10.7,32.1,34,34,8,6,10,5,30.7,39.9,33,17.4,5,0.3,1,12.4,11,7.2,24.5,22,108,30.8,48,19,4,24,20,17,4,18,22,0,21.8,33,14,6,4,4,36,6,24.4,23.6,42.6,18.9,34.4,20,31,8,11,18.4,31,14.1,22.9,10,30,27.6,5,3,0,3,0,50,11,25,0,38,0,21.1,20.9,36,15,32,43,43,33,38,0,0,135,20,17,19,0,46,0,18.6,22,28,28,33.4,29.8,18,10,31,23,20.2,0,19.2,8,15,34,24,18.7,26.8,14,15,25,25,24,26,0,25,41.9,21.3,23.4,27.4,24.6,19,30.6,15,18,22,14,44,13.3,14.6,18.6,19.6,31,29.4,31,6,30.9,27,27,16,13.9,19.3,18,17.6,14.9,18,2,20.7,26.1,18.1,13.1,33.9,21.1,23.9,24.9,25.5,20.7,17.1,33.1,22.4,20,20,29.7,13.8,23.8,18.2,21,15.6,17.9,20.8,19.6,27.3,22.2,23.5,20,31.9,26.8,25.3,21.6,22.2,27.3,19.4,26.9,20.4,14.9,16.2,20.8,17.8,17.4,17.2,19.9,15.9,17.8,31.8,26.6,19.8,34.7,28.5,83,8.3,32.6,38,25.6,24.3,25.4,21.5,18.2,20.2,25.2,25.4,18.1,23,18,26,1.7,21.6,3,4,14.5,10,8,15,6,80,23,17,17.6,0,11,25,19,3,12,16
1989-10-01,1.4,13,26.7,27.1,120,43.5,31,55,35,40.5,37.1,35,58.1,29,64.3,39,3,43.1,110,41,12,72.7,30,58,48.3,12,41,51,22,74.9,57,59.1,30,48.7,16,24,136,60.8,107,8,15,62.5,58.8,53.3,8,9,17,32,29,58.8,80,92,9,46.1,16,57.1,0,8,53.8,20,34,49.1,55.4,51,17,35,38,34.4,35.1,62.6,36.7,21.8,0,6.6,2.5,52,30.5,59.4,57.4,37,55,25,30,55.2,26,80,51.8,34.3,120.6,55.4,53,55.4,119,24,20,32.6,21.3,20.8,20.5,8,20,32.4,29.2,5,5,10,18.8,69.2,58,60,42.8,80.8,85,94,54.5,54.1,105,87,64.7,64.7,52.9,61.5,38,47.8,63,35,52,54.5,51,60,16,18,24,41.7,60.5,30,8,19,42,40,53.6,32,31.1,18,17,38,21,46,20,92,130,7,123,8,91.5,93,36.8,12.4,9.3,19,16,38,36.8,30.2,50,52,50,39,30,46,27,38,9,53.6,59,97,23.8,58,52,20,23.8,23.2,15,28.9,32,34,45.4,53,56,45,18.4,19,40.7,60.9,39,48,55.7,46,39,29,39,0,4,7,0,15,4,0,28,42,0,43,2,19,27,26,27,9,0,95,10,27,4,43,22,41,20.1,16.4,29,30,36.5,29.1,45,45,42,53,21.3,18,27,38,18,28,19,33.2,35.2,5,10,13,27,0,22,28,18,53.7,39.7,21.1,45,33.2,24.7,38.8,22.9,13,40,17,0,39.2,24.8,32.6,30.8,49,48.4,52,58,55.6,68,68,73,46.4,61.5,42,34,46.3,69,52,44.4,43.5,22,37.7,58.8,48.7,40.3,29,45.9,30.8,26.7,56.5,25.8,15,38,31.3,34.5,37.1,33.3,25.5,31.5,29.3,33.4,35.2,37.6,49.6,38.8,30.8,38.3,35.8,32.7,28.7,27.8,33.1,27.4,30.7,46.5,33.4,35.5,40.3,49.6,39.2,50,43.2,32.6,39.8,48.8,41.6,35.6,36.3,62.5,40,31.1,44.4,60,40.2,26.1,22.7,22.7,17.9,26.5,32.7,21.6,17.3,39.4,20,15,39.7,42.1,43,50,39.2,33,52,40,36.5,45,100,43,41.8,42,32,30,26,40,47,42
1989-11-01,34.3,20.5,42,37.7,69,55.7,66,101,54,61.6,65.4,42,63,69,76.5,101,58,66.2,9,70,44,99,38,60.9,72.3,59,81,125,112,84.2,108,72.6,71,60.2,40,55,94,80.5,30,46,52,72.7,75.6,62.7,50,50,61,0,99,75.5,107,124,50,74.4,79,63,26,98,70.4,32,69,64.6,77.5,169,146,42,108,64.9,59.4,106,80.5,88.1,0,45.5,14,89,62.4,87.4,68.6,85,74,38,35,59.9,122.5,48.5,61.6,66.5,64.4,62,39.4,88.9,79,72,50.8,44.5,44.8,47.5,38,8,63,45.6,48.4,6,31,44,37,90.1,78.5,101.6,67.7,74.7,80,62,71.2,76.1,80,113,94.7,82.8,78.7,75.3,63,78,38.5,62.5,46,50.5,44,40,86.5,110,91.5,65.7,68,46.1,47,33,12,69.2,84.5,56.3,46.3,56,94,30,40.9,63,36,88,83.9,36,30.5,37,71.3,69,60.1,23.2,9.9,47,43,81,85.2,42,80,32,60,81,57,69,24,43,64,82,114,189,51,144,32,77,51,43.3,79.2,72,34.5,39.1,80.4,220,116,144,57.6,75,65.3,83.4,39,107,76.7,50,32,62,32,51.4,67.3,36,76,52,84,109,58.2,118,91,127,98,105,48,59,52,113,122,169,65,89,53,63.8,156,75,69.8,51.1,69,74,73.9,55,22,13,61,52,50.8,25,59.4,48.8,13,24,16,47.4,62.9,31,24,63,12,24,19,0,39,85.2,60.6,57.9,91.1,77.8,56.9,82.3,75,44.4,34,121,77,67.1,49.9,49.6,67.4,44,98.8,221,96.6,86.7,86,86,47,80.3,75.5,57,38,51.3,67,32,57.4,68.8,57.2,63.9,76.2,78.5,60.4,38,64,55.5,65.5,74.1,43.6,15,96,70.1,47.1,54.2,55.1,43.4,61.3,61.2,76.4,60.9,60.6,77.5,73.4,64.7,85.2,59.4,61,56.2,48.5,63.2,51.3,74.4,66.7,66.8,60.5,70.6,73.8,59.2,73.2,73.9,63.9,67.5,76.4,64.2,61.6,79.1,83.5,59,72.1,94.2,109,82,71.9,63,64.5,57.9,71.2,65.7,62,55.2,65.5,11,65,86.2,102.9,71,93,64.3,60,97,102,63,155,127,102,73.8,89,48,44,50,47,36,48
1989-12-01,38.8,70.5,72.9,22.5,153,298.5,104,140,113,106.6,105.2,120,107.8,80,109.1,200,26,112.7,83,125,19,119.2,92,95.7,92.2,48,263,163,267,94.7,176,105.1,122,84.3,232,124,81,95,377,32,190,103,109.5,85.3,67,165,54,15,35,108.4,124,131,151,108.5,82,97.2,38,55,100,99,115,96,93.5,35,141,120,175,120.4,114.6,113,112.9,121.7,0,59.1,87,180,77.7,107.3,105.5,29,66,136,85,112.8,212,75.5,106.1,96.8,66.2,84.5,58.3,121.7,49,68,70,85,51.4,95,58,95,85,66.6,59.2,54.7,28,47,72.4,115.5,139.9,129,104.5,119.9,126.4,38.5,111.7,117.5,118,89,124.8,122.5,136.7,124.5,166.5,123.6,53,94.5,65,91.6,127,143,58,49,36.5,101.8,122.5,95.8,47,32,53,58,128,90.8,111,75,79,117,41,264,151,140.9,200,48,89,99.7,87.5,128,124,36.2,13.4,73.5,48,107,172.7,117,126.5,145,193,120,83,134,193,175,122,149.3,121,98,194,165,145,132,194,214,135.3,129,225.7,213.6,138.2,257,127,161,126,210,128.2,155.9,126,80,144.4,147,164,143,164,51.5,103.2,54,0,80,105,57,104.7,158,105,106,100,51,53,48,69,143,186,338,220,185,147,144,202,151,129.7,119.7,204,166,190.4,144,169.2,265,217,176,142.1,102.7,176.1,154,118,97,156,119.8,166.9,33,45,141,162,121,270,154,77,93.7,166.9,132,197.2,160.9,137.6,183.7,66,113.9,207,161,169,146.4,113.5,153.4,142.2,128,175.5,257,132,159.9,93,93,104,131.5,142.1,154,84,141,153,145,138.9,146.7,99.4,134.5,167.1,145.2,143.8,21,155.7,147,133.2,160.1,161.5,146,130,120,93.3,121.6,117.3,104.2,102.3,146,134,149.4,139,156.8,137.4,137.5,137,141.7,126.9,148.2,130.3,123.3,89.4,195.9,98.7,156.8,152.8,133.1,136.9,95.9,105.6,139,144.6,130.1,155.2,127.7,123.2,179.8,133,82,44.5,207.6,204,174.4,159.7,155.9,145.7,125.2,145.8,147.3,152.8,118.5,149.5,182,113,123,228.9,86.5,124,126,59,135,166,69.5,198,125,124,112.7,133,50,95,112,0,106,108
1990-01-01,227.7,48,88.6,94.8,119,148.5,263,106,181,134.2,143.5,172,150.4,115,150.3,127,24,125.5,323,209,117,168.4,129.1,290,152.8,147,137,117,157,152.3,156,161.2,82,140.2,157,118,134,163.5,149,103,170,164.5,167.6,166.3,116,104,138,199,108,147.1,213,113,62,165.7,203,152.2,90,235,173.7,70,260,165.3,151.5,197,113,203,210,130.3,125.9,99,139.9,33,52.7,44.2,114,189,104.7,187.8,192.1,202,191,125,139,174.7,246,189.5,183.7,136.4,188.6,127,182.9,190,159,141,54,170,14,79,84.9,81.7,116,32,100,75.6,61.5,49,82.6,45,219.9,181,149.2,168.2,185,328.5,180,180,226,203,161.4,208.5,232.4,35,145.4,170.7,166,94.5,163,140.2,179,183,84,69,55,145,186.5,121.3,40,126,138,135,192.2,145.6,133.7,114,83.5,195,89,267,191,226,375,87.5,126,67,163,164,118,39.1,34.9,148,59,71,201.7,248,125,74,86,94,62,96,190,163,70,112,39,63,235.9,127,74,63,235.9,222.9,148.5,138.3,172,172.7,146.6,92,53,102,130.7,168,105.7,114.4,60,140,139.8,93,99,124,99,64.4,149.6,175,187,122,133,130,145.9,189,210,192,122,217,221,208,305,139.9,206,76,158,264,123,122,243,200,146.7,138.4,246,98,214.6,181.4,178.4,230,251,184,183.1,121.3,181.8,189,206,226,162.7,129.6,186.4,54,52,131,210,141,221,329,151,90.2,160.7,147,188.1,159.1,155,209,144,126.6,40,233,283,140.9,112.4,143,119.2,62,133.5,92,120,122,93,93,80.6,108,104.5,80,67,125.6,170,74,93.1,130.7,146.4,93.4,131.4,106.1,139.4,6,150.2,147.6,164.2,131.5,221,191,192,142.1,100.5,135.3,115.9,112.5,111.3,158.2,151.6,156.5,147.4,145.2,118.9,143.3,169.1,141,145.1,156.8,194.6,130.3,93.4,208.3,86.3,124.3,154.9,120.2,122.8,107,88.7,107.5,171.5,119.5,126.9,105.8,100.1,204.5,176,166,27.4,238.7,269,268.5,168,154.4,163.5,142.6,177.8,173.1,155.4,138.4,127.8,240,163,68.3,83,74,133,88.5,62,101,68,70,30,35,109,16,54,81,46,36,68,40,51
1990-02-01,119.1,58.3,55.7,79.1,177,127.1,71,130,34,109.8,201.4,135,183.5,178,157,148,17,122.8,338,115,89,170.3,109.4,316,169.5,165,100,193,124,194.1,203,189,320,148.8,114,120,188,204,82,145,255,176.2,161.3,175.3,213,112,173,216,32,155.6,148,95,81,180.8,181,173.1,190,262,189.2,56,205,170.3,183.5,272,87,242,105,141.6,47.5,57.3,137.2,117.7,62.3,84.3,89,274,109.6,168.7,179.6,129,136,221,147,155.6,80.5,191.5,168.2,132.6,136.3,137,106.7,255,178,223,105,43,80.3,132,147,132,89,77,91,80.8,61,67,80.7,392,193.8,161.5,157.3,185.7,125,255.3,195.1,241,122,130,153.3,197.6,197.2,176.6,140.3,166.1,99,148,104,109.4,55,100,89.5,26,43,123.1,84,106.1,18,70,26,55,158.2,112,136.5,119,102,128,67,147,48,74,292,109,62,58,101,99,120,45.8,31.2,141,85.5,118,141.3,141,95,156,141,30,62,65,73,62,78,106.8,55,112,90.6,79,156,78,90.6,101.6,113,235.9,67.9,83.2,127.4,128,164,48,89.5,184,74.9,99.9,68,60,142.8,126,25,155,25,60.6,139.4,224,27,15,142.7,62,141.9,128,75,105,87,72,213,83,117,72,85,54,110,102,128,98,130,74,110.2,99.4,135,149.1,127.4,110.7,100.4,130,151,82,96,104.7,109,115,98,154,94.6,98,118.8,114.3,34,71,77,140,103,96,126,82.2,153.8,108.9,119.5,139.4,131.2,259,130,87.8,49,202,89,94.6,83.7,87,87,97,115.6,128,84,91.5,56,56,66,72.5,77.2,161,42,105.2,119,156,83.8,95.4,111.4,74,126.4,88.2,114.4,11,173.1,101.6,142.6,101.4,75,105,139,129.9,90.5,99.4,101.2,64,87.5,114.7,132.5,113,117.9,108.8,110.3,125.8,120.1,121.7,100,130,153.7,95.3,66.8,165.6,59.8,113,110.8,110.2,102.9,93.2,75.9,100.8,117.9,109.9,102.1,105.2,83,178.5,137,83,12.8,168,171,93.5,111.7,123.1,115.7,100.7,111.3,119.9,105.3,83.5,86.6,110,122,0,93.8,67,68,86.7,96,53,54,50,30,86,70,54,64,111,118,108,90,81,82
1990-03-01,46.1,26.5,99.4,66.2,166,79.3,130,242,148,109.8,137.4,56,141.2,30,139.9,100,30,111.5,92,176,33,167.9,135.5,90,129.6,170,98,59,138,159.6,215,161.2,120,111.1,274,261,106,171.4,82,119,97,127.8,122.5,142.3,108,154,36,96,121,149.2,224,103,245,130.9,149,147.4,31,96,149.6,214,55,119.7,133.2,136,202,112,95,123.8,160.3,160.4,100.5,116.8,26.5,30.9,34,127,92.4,155.8,139.1,129,173,127,182,140.9,198,162,160.1,131.4,222.1,170,155.2,232,233,146,59.5,34,26,50,26,44,75,11,80.1,22,50,71,79.7,157,194.1,240.5,147.8,185,190,186.1,165,182,158,161,151.6,177.7,174.3,138.9,140.8,150.5,3.3,89.5,135,98.5,130,176.5,162,60.5,56,121.1,151.5,120.5,111,123,121,107,161.3,146,124.9,43,32,193,120,266,124,192,203,35,63.5,191,196.1,198,261,32.3,15.5,42.5,71.1,237,169.4,112,183,133,107,140,113,187,79,69,40,169.9,161,238,97.1,167,133,94,97.1,115.6,101.3,200.6,96.2,118.9,151.4,158,233,130,103.8,107,135.9,170.4,127,150,172.3,138,126,95,126,66.7,137.4,286,122,96,123,170,132.3,119,60,234,79,228,201,194,247,31,75,68,124,139,73,102,137,56,111.6,110.1,304,167.5,164.3,127.8,108.4,89,168,74,126.3,98.1,140.2,137.7,91,87,126,121,163.2,118,66,80,84,99,103,105,136,96.1,171.7,122.5,174.1,150.8,144.7,172.3,134,100.8,147.2,142,177,139.5,95,157.2,140.9,108,186.8,158,133,178.9,160,110,149.1,144.8,174.7,174,70,184.6,218,133,178.6,128.8,114.9,141.8,206.8,140.1,147.7,126.4,173.3,118.6,143.6,146.7,88,85,158,131.7,90.4,123,118,101.9,99.3,133.6,130.5,133.6,139.1,143.2,141,139.4,141.8,163.7,108.6,167.9,159.1,120.6,87.7,183.9,100.7,150.9,134.1,165.5,127.7,100.5,129,160.4,140,145.1,165.1,128.3,131.5,199.5,258,162.6,16.3,187.8,147,180.5,126.2,120.5,114.5,104.6,127.7,127.5,118.1,86.9,133.4,153,141,4.5,70.3,323,324,176.3,383,271,374,314,215,187,175,152,99,137,83,68,37,25,23
1990-04-01,23.6,22,26.8,29.5,127,30.3,18,170,20,55,57.1,3,89.3,45,73.3,27,20,57.4,128,45,0,103,60.2,97,78.9,0,30,35,17,93.8,10,90.7,41,85.2,0,41,158,88.1,32,24,82,87.5,97.8,88,15,182,49,79,43,91.1,122,257,49,77.2,74,99,27,30,84,68,45,85.5,95.7,63,26,15,13,54.6,29.6,29.3,56.5,23.6,18.8,15.3,16,29,51.1,90.6,90.8,120,120,63,84,79.2,18,104.5,84.9,61.6,93.4,191,1.6,190,116,132,25.5,47.9,35.8,31,12,28.2,25,22,44.8,32.3,20.5,33,34.8,108.7,110.4,184,62,123.8,96.2,102.1,96.2,14.3,128,135,82.6,91.7,115.3,88.7,60.1,80.6,163,67.5,51,53.7,22,17,19,28.9,33.3,53.5,33.5,44.7,46.5,32,104,61,78,52,54.8,40,22,76.1,74,113,109,129,473,32.5,75,56,112.5,114,41,22.1,9.7,27.5,33.9,99,51.2,45,139,39,49,69,52,62,35,28,0,76,147,172,38.4,135,39,31,38.4,28.2,19,72.9,32,43.2,61,81,91,28,23.4,18,64.4,81.9,119,116,68.7,78,34,22,34,0,41.6,48,0,24,37.6,21,44.4,51,0,35,32,37,34,37,45,0,29.3,10,0,0,0,0,45.8,155,25.4,27.4,50,45.8,51.6,34,41.8,0,50,29,28.7,29.5,28.2,32.5,22,19,32.6,38.2,41.1,39,20.4,23,46,32.5,54,0,29,88,42.1,23.6,70.4,55.6,34.6,59.4,33,33,50.8,19,34,53.5,31.6,38.5,45.5,38,63.1,81,37,66.6,81,81,67.6,64.7,77.9,96,27,74.7,79,39,82.9,56.2,34.1,49.8,78.9,65.4,49,43.9,58.7,41.3,34,78.7,25,20,18,39.5,35.3,45,43.4,40.7,45.1,48.5,50,44.9,47.8,62.5,60.4,41.8,60.3,47,47.3,43.1,44.6,46.6,35.5,38.6,61.7,51.1,49.7,52.1,64,44.5,66.5,62.3,41.7,61.3,60.6,55.8,52.5,57.2,86,67.5,3.5,60.5,60.1,56.5,40.3,34.1,32.9,29,35,42.4,32,24.5,54.2,23,18,20.3,23.9,102,71,55.4,145,41,80,90,55,37,40,13,0,12,16,45,50,28,32
1990-05-01,6,3.5,7.8,4.2,31,57.7,8,36,56,30.8,22.3,0,35.7,14,37.9,29,0,31.9,10,29,45,49.5,25.2,18,30.9,0,56,16,27,38.2,44,38.5,0,39.7,13,32,17,41,80,0,10,31.1,42.3,37.7,0,30,0,10,86,30.9,34,0,46,27.2,31,33.7,0,5,32.6,26,29,30.6,39.7,0,10,0,11,19.2,31.8,29.9,38.8,35.3,3.1,6.6,6,8,18.9,43.3,27.3,38.3,23,24.6,15,25.4,14,34,28.5,27,50.5,22,63,25,10,23.5,4,28.6,14.1,15.1,19.3,16.3,12.7,22,16.1,16.9,5,6,11.1,40.1,35,60,7,68.8,25,33.9,38.6,26,54,42,44.7,38.8,29.3,47.7,22.9,32.9,66.1,14,16,31.2,19,37.9,32.5,11.6,17.5,23.2,29,18.4,28.6,52,23,27.8,34.8,18,33.1,20.1,8,42,15,36,14,46.8,76,13.6,36.3,22,27,29,32,17.7,8.4,7,12.4,12,29.1,37,60,88,28,35,34,86,18,18,7.5,58.3,77,119,0,51,88,13,0,14.2,33,3.9,13.6,11.1,42.2,15,70,32,12.9,20,42.4,68.8,106,57,44.4,107,100,65,100,5.6,10.9,0,0,5,11,0,14.3,13,0,5,6,0,2,4,7,0,13,30,5,4,9,2,19.1,22.7,11.4,10.8,0,20.1,30.3,19.1,30.5,0,15,12,14.5,14.8,15.4,18.3,0,0,19.1,21,23.6,28.9,14.1,20,15,19,18,0,16,58.3,30.7,17.8,28.5,27.9,17.8,28.8,28,16.7,28.2,31,14,35.3,20.9,28.1,29.2,16,43.4,44.9,42,59,59,59,67.3,59.4,80.9,117,71,86.4,83,88,78.7,50,13.5,40.6,59.8,52.1,38.5,17.2,30.7,29.3,24.6,57.3,11,10,3,22.1,32.5,35.5,28.2,25.3,36.8,22.7,24.3,31.6,40.6,39.6,30.1,23.4,33.7,31,33.2,21.7,27.6,26.2,33.1,21.4,46.8,32.8,30.7,44.4,38.7,37.8,68.8,46.8,29.5,39.1,40.3,42.3,38.6,25,47.1,36.6,2,36,42.1,22.5,19.9,21.1,19.3,12,17.3,22.4,16.1,9.1,42.1,10,32.1,57.2,74.8,59,113,81.7,89,116,167,87,0,154,171,79,51,95,119,131,119,75,123
1990-06-01,0,0,0.2,0,5,4.2,0,16,0,5.3,18.3,0,13,0,18.3,0,0,5.9,0,0,0,12.4,10.7,0,5.8,0,5,9,5,15.3,0,12.3,12,13.1,0,0,5,7,0,0,25,9.5,14.1,12.7,7,0,0,0,0,15.2,11,0,0,12.6,0,15.8,0,0,7.7,1,4,9,14.6,0,0,0,0,3.4,0.2,0,21.7,0,4.4,0.7,16.3,21.8,23.2,20.9,14.3,19.7,16,18.3,8,15.4,10.5,1,11.8,10,25.6,15,8.6,23,17,5,6.5,25,11.4,10,15.2,9.1,9.4,27,10.2,15.2,5.8,8.7,14,18.5,18.9,34,4,24.9,75,19.1,14.1,5,15,14,28.2,14.3,19.9,24.4,6.7,31.6,8,9.7,2,12.5,12.4,1,10.9,6.2,9.8,14.3,21.2,10.8,21.9,12,12.2,13.8,16.5,11,34,11.7,2,19.5,4,22,24,26,12,12.5,12.3,12,24,25,13.2,19,14.6,3,8.7,22,2.8,8.1,0,0,0,0,0,0,0,0,0,4.9,0,0,0,0,0,0,0,1.1,7.5,1.5,1,0,9.7,5,0,0,5.5,0,4.3,11.6,0,0,12.1,0,0,0,0,7.2,3.9,8,0,0,1,0,11.3,10,0,1,1.1,0,0,0,2,0,5,0,0,0,0,0,3.2,11.6,2.2,1.7,0,7.4,7.9,7.4,2.9,0,2,8,5.1,6.8,2.5,2.1,0,0,2.8,2.2,9.7,23.5,2.5,0,0,4.6,0,0,0,38.5,9.6,3.3,5.2,5.9,4.8,10.4,0,3.7,5.9,0,0,2.3,3.8,5.5,5.7,0,6.8,5,11.5,5.4,0,0,4,7.9,9,0,0,4.7,0,0,13,15.2,6.2,7.8,15.1,8.3,9.5,3.8,14.8,8.9,11.3,11.4,0,0,0,12.6,8.1,11.6,8.1,10.2,9.3,13.2,10.6,5.6,11.3,8.7,13.1,11.1,11.5,14.8,9.2,8.4,10.9,7.9,8,7.9,16.3,7.3,7.4,13.5,8.7,15.1,6,9.7,12.8,13.1,14.1,17.6,13.4,11.3,17.2,0,0,11.1,14.3,4.5,14.4,13.4,7.1,5.7,9.3,12.4,6.8,4.8,4.4,0,10.2,1.5,0,0,0,6.1,0,0,0,0,0,0,0,0,0,0,20,0,0,0,0
1990-07-01,7.3,15.4,15.9,11.4,47,0,20,7,0,5.3,21.9,0,15.2,0,10.9,0,0,7.8,5,0,0,15.6,6.3,0,6.1,0,0,0,0,18.7,0,28.3,35,10.5,0,5,25,16.8,6,0,25,7.8,11.6,15,8,0,6,25,0,15.8,4,2,0,19.3,0,16.7,8,0,17.9,0,8,5.9,13.4,0,0,0,0,4.7,13.8,14,36.8,4.6,12.7,19.3,16.2,20.9,22,15,14,24,11,8,3,5,9.5,20.5,15,1,15.1,20,26,13,10,19,5.5,22.2,16.4,12.6,7,10.3,16,20.1,14.3,3,7,8.6,10.7,20.7,15,22.7,11,8,55,14.2,16.1,18,16,15,24.7,18.3,14,31.8,7.6,31,27,14.8,8,10.3,19,11,13,7.4,10.2,11.6,8.5,8,16,14.9,14,3,15.5,8.1,30.8,5,16,12,4,47,7,25.3,44.3,5,12.6,15.5,20.5,21,5,13.9,9.7,14.5,11,13,28.7,41,18,8,48,21,23,12,44,32,34,21.6,22,15,39.1,18,8,15,39.1,37.4,19.2,13.6,28.1,33.5,19.8,28,16,14,15.4,20,17,23,16,15,43.2,16,20,17,20,0,0,0,0,0,11.7,7.4,13.3,10,21,18,18,22.4,20,7,18,9.9,0,0,17,42,0,15,28.4,0,17,16.7,17,30,23.2,29,18.2,26,44,36,18.9,14.7,22.1,17.9,25,19,27.9,26.8,25.1,0,14.2,12,24,15,28,40,32,50.2,24.3,16.8,17.2,26.8,17.4,3,27,30,32.9,33,29,22.2,13,18.3,20.6,14,30.5,28,20,28.4,26,26,13,12.5,21.1,19.8,20,14.6,15,8,18.1,29.3,11.2,18.2,44.5,18.7,25.2,32.1,39.2,24.4,19.4,41,35,35,41,25.8,18.2,22.7,14.5,23.1,16.9,27.3,21.9,21.4,26.4,28.5,22.6,23.3,32.2,32.5,18.6,17.1,20.4,19.8,14.4,19.1,23.1,17.8,24.7,16.9,25.8,17.5,19.1,23.1,19.5,26.5,36.9,37.4,23.2,30.8,30.2,21,1,31.3,31.5,27.5,24.1,21.9,22,17.7,24.3,25.5,23.2,19.4,29.5,0,16,0.5,6.6,22,31,15.9,21,23,37,19,0,32,30,10,5,18,0,12,6.5,5,10
1990-08-01,0,0.8,5,1.2,0,0,0,11,0,4,13.6,0,8.2,0,14.5,0,0,2.7,0,0,0,9.4,8.7,0,6,0,0,0,0,14,0,7.3,25,10.1,0,0,5,3.9,0,0,0,7,6.2,6.9,0,0,0,16,0,9.7,5,0,0,12.6,0,10.3,0,0,9.2,0,0,4.8,12.2,0,0,0,0,2.4,4.9,4.4,19.9,0,2.6,0.2,16.2,17.6,18.5,21.8,13.5,14,8.8,17.5,59,20,0.5,11.7,14.7,6,8.9,9.9,13.9,16.9,11.5,8,7.1,20.2,12,9.9,15.6,10.4,7,23.4,11.3,13.4,4.9,6.9,13.4,12.5,17.5,12.7,4,19.2,35,11.9,12.6,12.4,10.8,10.1,26.9,10.4,19.6,18.4,5.3,28.8,10.9,4,8.4,9.3,10.6,2,14.3,5.3,9.1,11.2,11.6,12.3,24,11.7,11.4,13.8,12.2,7.2,34,9.5,11.4,5,3,11.8,5,18,27.3,11.2,8.5,18.2,4.5,6,12.3,19.6,12.1,10.2,9.5,18.1,7,10.1,15,0,3,0,3,7,0,4,4,8.5,12,10,0,10,0,5,0,0,7.8,20.8,0,0,16,10,8,7,6.7,0,6.6,15,0,12,11.6,6,17,0,17,0,0,0,0,0,3.5,3.4,4.6,5.8,8,0,0,0,2,1,2,6.9,0,9,22,6.4,0,13,5.4,0,5.8,0.8,60,2,11.8,11.6,6.4,0,0,0,6.3,7.2,3.8,1.9,6.8,0,1.4,4,11.3,11,6.2,0,0,25,2,0,0,27.5,9.3,7.8,6.6,7.4,2.6,0,0,0,4.7,0,6,2.9,4.1,5.3,7,5,11.8,10,21,11.9,7.8,7,0,6.8,9.7,6,14,7.5,2,0,15.2,13.4,6.2,11.2,17.1,9.3,16.7,3.2,11.5,12.8,12.4,14.4,0,0,0,9.5,5,12.2,6.9,9.7,8.9,16.6,10.4,8.8,14.9,11.3,14.3,14,12.9,18.1,13.5,7.6,19.1,8.6,8.7,7.7,15,8.8,9.7,15.2,9.3,11.5,9.8,9.3,11.6,12.7,19.2,15.7,16.1,11.9,17.3,0,3.5,14.8,12.3,7,11.4,15.7,9.2,6.3,13.6,14.1,8.5,8.5,7,0,0,4.2,0.9,3,4,6.1,0,0,2,0,0,0,2,3,0,0,0,0,0,1,0
1990-09-01,2,13,17.9,15,10,5.6,0,0,16,14.2,13.4,5,12.6,42,21,16,5,14.8,2,11,0,18.2,12.6,1,11.9,5,7,5,17,25.7,13,18.9,0,20.8,8,9,12,18.9,0,6,0,19,16.9,17.3,10,12,0,0,11,17,2,0,0,13.8,7,18.3,3,40,13.1,11,0,11.1,20.2,17,0,16,18,8.6,13.2,2.8,40.1,28.4,2.5,2.7,3,13,6,23,8,3,15,18,26,6,9,6,7,59,80.6,6,11,21.9,19,4,10.5,19.2,10,12.8,15,25,13,25,10.7,15,7,8,10.4,16.3,12,11,19,35,50,14,18.5,5,9,6,28.7,16,10,28.4,8.6,12,11.3,20.5,6,15.4,20,20,15,16,17,14.1,10,11.7,27.9,26.4,17.5,14.8,20,8.9,35.5,8,6,16.5,2,17,15,8,43.3,4,13.8,15.2,4,4,9,11.1,9.6,7.5,10.3,21,28.1,9,13,51,0,13,5,36,3,12,19,23.7,11,15,0,15,51,14,0,9.5,40.4,9.8,9.2,5.7,25.1,12,12,15,14.7,42,18.1,19.6,61,8,23.8,43,33,26,33,20,10,0,15.2,15,13.1,9.2,14.6,9.3,14.5,19,15,16,4,12,6,13.8,29,0,34,18.9,50,22,25.1,2,19.6,16.3,58,0,34.4,29.8,18,42,20,8,19.9,12.6,17.2,23.9,18.3,6,22.1,17.2,23.6,20,17.2,38,25,27,12,0,13,43,17.4,26,23.5,27.9,18.8,16,36,30,15.6,36,30,13.4,17.2,15.2,13.9,11,27.4,0,46.8,35.9,28.9,2,16,23.6,31.3,31.3,26,43.2,49,51,40.5,28.4,13,16.7,31,21.2,21.2,20.7,20.9,21.4,19.9,25.7,3,2,7,20.4,19.4,25.2,12.9,15.5,16.1,20.3,18.9,18.5,28,20.5,22.7,19.5,25.7,23,20.8,17.6,20.5,15.7,18.7,18.5,33.6,21.9,21.4,25,22.1,21.3,25.9,25.8,19.8,20.1,31.3,30.8,20,28.2,31.5,15,2.3,33.2,32.7,39.5,25,25.8,20.5,17.8,19.2,24.8,22.5,17.6,19.6,5,40,40.6,54.2,87,88,55.7,80,89,92,91.5,0,80,96,69,53,79,57,67,70,61,60
1990-10-01,44.6,68.5,79.6,73,229,23.1,88,25,35,62.1,109.8,27,113.6,33,86.9,25,0,61.7,172,93,70,98.7,71.1,205,56.5,15,26,13,70,111.2,111,117.7,145,89.8,68,29,104,103.8,73,110,145,82.4,94.4,92.5,58,46,92,112,39,91.9,48,147,80,103.9,72,93.6,77,68,103.1,110,82,63.7,82.8,77,54,75,54,51.4,107.3,229.7,68,47.7,37.3,44.3,36,110,40,54,37,80,105,66.2,69.4,78,98,93,52,141,52.6,58,64.4,43,83,63,77,54,30,47.7,65,67,58,52,45.3,90.5,28,24,46.1,90,95,88,71,4,80,85.5,92.2,26,100,72,84.5,91.9,69,28,66.4,81,63,86,60,59.4,26.1,114,94,50.5,80,77.1,88,48.9,89,52.1,37,75.6,99.1,59,72.6,47,41,148.5,33,103,107,105,185,37.5,44,67,79.5,80,29,23.1,6.1,55.5,42.4,143,119.5,125,81,94,97,73,82,185,94,79,30.5,115.3,150,156,83.7,112,94,88,83.7,104,49.8,135.6,73.4,123.5,109,159,156,92,54.2,54,85.6,137.5,129,101,140,164,111,96,111,0,77.7,35,55.2,98,66.7,70.6,76.6,42,51,54,166,54,50,78.5,68,55.8,18,20,96,78.6,48,59,97.8,60,68.3,60.8,171,58,90.8,80.1,78.8,69.3,123,92,57.6,49.9,88.6,74.5,88.6,81,88,97.9,98,35,42.1,61.9,82.2,126,92,128,88,87.7,102.1,63.6,110.8,111.3,72.1,122.9,60,40,101.2,68,103,104.3,74.2,94.4,99.5,82,128.4,126,69,115.7,103.7,127,73,107.3,118.7,111.6,95,118.4,165,94,136.2,98.5,78.6,88.3,138.5,92.5,99.2,90,122.2,89.7,103.7,112.1,67,49,37,81.6,74.5,69.2,68.1,66.4,76.1,74.2,82,85.8,85.4,92.9,94.6,101.9,105.1,120.2,65.8,79.4,66,72,37.4,98.4,71.5,84.6,79.1,96.8,78.4,73.5,91,108.3,81.6,111,109.2,109.5,80.3,120.1,152,105,11.1,124.2,114.4,77,77.6,72.5,84.3,73.2,80.2,87.2,81.2,63.9,101.1,106,46,131.5,103.1,110,124,115.4,145,80,151,116,0,163,199,156,199,165,91,166,146.5,79,69
1990-11-01,79.8,20.5,53.2,26.7,54,17.7,132,144,86,64.2,96,60,83.5,20,78.8,41,71,56.7,94,40,24,78.7,78.5,41,58.7,45,17,30,19,92.1,40,76.6,102,70.4,61,43,55,81.2,105,61,50,69.6,97.8,75.4,47,88,46,54,63,84.9,147,38,91,71.5,66,80.8,29,46,82.5,94,62,58.4,73.8,86,22,115,2,57.6,79.8,82,77.8,88.4,84.8,106.9,57,51,64,80,81,49,57,47,75.3,141,86,64.5,48,154.5,117.4,115,32,97,79,72,49.5,82,53.8,55.4,36.6,43,45,58,41.6,83,75,66,44.9,80.7,94,81,62,40,100,78.5,81.3,98,59,59,79.9,107.6,67,75,67.3,80,31,119,47,45.8,21,23,14.5,17,37.6,70.4,10,47.5,58,58.4,46,60,90,62.7,76,34,41,26,29,80,110,103,120.7,38.5,62.9,107,115,114,43,29.8,9.2,41,51.4,54,122.7,52,73,112,130,141,159,144,134,88,95,123.6,127,96,124.5,74,112,87,124.5,72.3,64.7,47.9,74,81.8,123.4,175,96,86,61.6,7,95.9,137.2,113,138,163.9,104,179,103,179,94,68.7,48,58.8,78.4,76,67.1,63.6,88,51,93,100,85,96,96,101,50.8,131,94,112,84.9,132,105,104.9,85,76.8,57.7,119.4,138.2,103.5,98.4,75.8,86.9,56,100,72.4,60,89.5,79,91.6,70,85.9,97.7,99.2,35,52.7,63.7,85.7,22,61,74.3,26,87.8,149.2,72,106.8,109.9,74.9,113.8,68,45,135.5,71,72,133.1,67.6,111.5,112,65,143.1,175,96.6,137.9,127.5,152,47,110.6,116.2,134,113.3,103.3,120,112,112.9,113.2,88.6,106.9,160.5,115.5,118.2,117.9,151,97.9,122.6,144,68,56,222,97.6,63.2,81.3,73.5,80.1,81.8,93,97.3,97.1,106.1,104.2,118.7,101.6,111.9,151.3,79.3,92.2,93.6,106.9,55.7,125.3,86.4,103.3,90.4,109.1,92.4,74.6,95.8,132.5,89,133.2,128.6,119.4,103.6,118.8,136.5,95,10,123,117.6,61.5,86.7,81.1,84.6,80,82,86.5,88.5,61.5,120,114.7,65,5,67.6,104,98,83.3,53,27,107,69,0,42,52,52,49,26,76,48,58,38,40
1990-12-01,13,35.1,95.4,60.7,121,70.7,176,72,41,83.4,140.5,12,100.9,111,101.1,67,84,81,132,93,77,126.4,85.2,72,104.2,47,45,35,95,122,61,112.2,246,99.7,37,53,132,124.1,104,64,60,117.2,123.5,103.2,33,149,203,111,94,89.2,68,61,53,102.5,71,96.3,63,12,101.1,49,42,106.3,112.1,57,0,25,62,94.4,93.8,79.1,107.8,90.6,53.2,47.2,48,124,86,152,73,95,109,110,153,293,101,69,97,68,105.1,136,125,144,172,81,19,124,18,75.9,43.7,68,69,24,57.6,88,31,44,57.5,144.2,136,156,115.5,20,95,140.3,122.8,123,141,159,121.6,151.4,130,101.7,107.4,123,99.5,119,54,69.2,29,55,80,23,56.7,102.9,44,92.5,173,75.6,68,60,112.4,83.3,105.1,46,28,140,65,173,92,85,149.5,40.5,96.2,55,112.5,109,53,33.3,13.6,44,58.2,119,165.1,145,136,68,227,150,159,43,281,157,63,133.6,35,105,179.5,179,68,86,179.5,204.8,67.3,132.5,128.7,135.9,140.5,102,105,77,122.4,80,118.5,140.4,48,151,184.4,60,56,57,56,60,130,35,79.9,141.4,133.8,90.6,127.4,123,105,125,51,101,180,128.7,119,91.2,78,180,76,139.2,100,133,171.2,79,121.3,107.5,196.2,194,179.5,157.2,138.4,136.9,170,189,133.6,106,165,144.1,158.6,86,139.3,105,176.2,144,88.5,114.8,142.8,33,172,145.9,173,100.7,163.2,118.8,155.7,144.7,135.6,537,81,88,144.4,100,116,149.5,93.3,138.7,137.4,120,152.1,102,170,132.8,146.1,142,104,98.1,100.4,90.4,89,92.8,31,68,76.9,129.1,110.9,124.6,141.2,116.2,150.5,139.6,189.5,132.9,148.2,143.6,155,149,164,124.9,90.2,129.1,119.1,107.9,109.9,158.9,143,136.8,136.2,154.3,126.7,135.8,134.5,152.6,121.1,127.7,152.3,126.2,96.5,192.8,94.2,134.7,139.7,120.9,130,79.2,81.2,135.6,132.4,141.9,156.2,130.9,122.6,160.1,142.9,102,10.5,171.6,178.3,189.5,148.4,137.4,135.8,124.8,142.4,137,135.4,106.7,122.1,204,64,93.8,44.9,73,65,61.7,50,33,48,63,0,33,60,8,26,24,43,55,74.5,45,48
1991-01-01,106.5,99,78.3,73.1,196,105.1,69,61,96,83.4,88.2,75,90.8,38,96.5,99.6,20,84.7,45,78,39,131.6,111.6,32,107.5,107.7,106,234,103,91.4,99.1,95.9,80,89.1,78.4,98.8,63,110.9,161,38,79,100.7,107.2,90.5,72.3,286,47,30,144,114.1,112,96,71,84.6,84,84.7,47,158,91.4,134,85,97.7,94.4,49,88,81,32,98,148.8,88.2,101.2,90.7,0,39.7,62,71,80.8,78,80,56,70,95.5,71,130.2,63,112.5,55,124,73,111.1,110,121,96,94,97,176,26,99.2,36,46,127,51,58.2,49,58,50,73.6,114.5,125,104,116,61,185,128.8,113,115.6,78,93,129.9,125.8,102,136.1,117.7,44,110,69.5,65,75,75,60,75,67,43,99.8,109,97.1,79.6,70.8,45,87.3,112.3,89.1,119.6,89,62.5,164,58,167.6,116,139.5,141.7,91.5,109.9,71,119.3,100.8,81,38.4,20.3,62,32,44,170.6,148,159,151,286,149,132,160,159,204.5,36,183.3,186,199,177.7,149,151,164,177.7,151.2,143,90.2,100.9,91.3,163.2,217,183,146,116.4,78,107,177.1,170,283,163.3,212,129,85,129,145,58,68,71.8,73,84,84.1,82.9,127,110,117.2,35,113,43,105.8,67,79.5,122,59,49,108.8,34,37,156,229,101.6,94.3,57,98,150.9,149.3,117.7,128,167,113,119.7,96.7,149,125.2,133.4,73,136.4,110,142.1,141,88.3,102,120.9,27,127,134.9,98,93.2,181.5,132,166.8,171.6,150.6,368,101,100,156.4,160,175,163.6,103.2,151.9,153.2,136,189.8,217,114.8,189.9,184.1,319,152.8,139.4,127,162.4,109,149.3,184,140,156.7,143.4,86,151.9,190.7,140.7,158.1,151,173.6,147.1,130.1,162.9,156,140,154,111.6,76.4,115.5,107.3,102.6,107,144.6,128,137.6,134.7,149.4,141.2,143.3,128.8,161.5,107,144.6,141.9,131.5,84.9,149.5,111.8,157.4,156.3,167.6,138,95.6,129.7,157.6,141.2,144.8,171.1,134.8,122.2,172.1,154,288,12.5,179,243,168,131,139.8,122.6,104.3,119.3,115.8,126.6,80,160.1,171,133,128.5,196.5,104,111,142.1,132,120,145,155,95,168,159,201,177,154,169,114,113.5,150,137
1991-02-01,124.1,94.5,54.9,70.6,35,62.7,89,64,76.3,78.3,58.3,22,57.4,29,76.8,69.9,105,82.9,59,30,41,95.6,92.4,51,70.2,84,51,20,39,73.8,66.6,67.6,52,64.8,56.1,74.1,52,74,117,6,45,80.7,82.4,64.1,47.6,162,25,34,96,62.8,65,19,73,65.5,91,66,11,62,65.6,113,37,70,73.4,47,42,26,38,75.1,96.7,171.8,117.8,171.5,0,80.3,99,96,85.1,97,69,82.2,109,154,78,102.5,84,85.5,85,79.2,147.5,86,28,166,83.5,89,96.5,120,68,96.1,45,61.6,162,79,49.7,62,79,107,54.3,100.3,75,78,92,53,185,90.6,98.2,92.9,82,61,123.4,104.2,72,105.8,89.1,73,27,72,46,61.1,57,65,73,16,94,97.1,44,72.9,79.8,71.4,41,84.6,86,77.8,106,69,104,139,88,89.7,135,96,103.2,63.5,94,73,101.1,81,51,26.2,19.1,79,63,75,172.4,170,107,35,86,180,164,33,83,89.5,65,105.7,112,92,105,156,35,139,105,182.3,105.4,90.2,82,103.7,127.3,116,92,119,134,96,126,124.1,17,157,90.5,28,51,54,51,0,77.5,81,74.4,41,89.9,92.2,73.9,128,101,100,45,97.4,68,95,47,94.1,120,50,94,89.7,108,155,139.3,115,116.4,103.7,100,76,136.2,140.2,117.7,118.6,225,102,142.5,94.4,127.5,122.7,111,84,113.2,80.3,121.6,76,91.3,114,110.8,23,83,109.8,148,103.7,93.1,138.5,162.7,174.9,132.6,199,95.9,80,89.5,140,302,112.8,89.8,110,119,143.4,203.5,151,104,115.7,108.7,149,85.7,94.2,51,61.5,65.7,51,36,35,55.4,115,90.8,106.1,91.9,119.3,95.5,91.3,86.9,107.8,104.1,117.9,59,55,95,85.8,62.9,86.8,88.5,80.5,81.2,101.7,119.3,103.5,96.4,127.8,99.7,96,86.6,95.3,87.5,95.6,101.9,94,61.7,121.9,61.7,130,131.4,126,137.7,75.5,79.6,94.7,107.7,108.8,109.6,84.8,77.4,170,260,179.9,11,193.8,202,158.5,140.5,146.2,144.1,111.9,126.7,139.7,146.4,100.6,88.7,159,98,47,77.1,38,22,51,8,39,28,39,45,52,51,74,44,34,12,25,49,84,92
1991-03-01,84,78.4,53.5,67.9,101,179.1,64,48,105.5,111,90.8,58,114.9,109,112.8,109,91,103,43,245,80,142.3,110,116,129.2,111.8,152,75,324,128.1,111.4,114.3,181,113.2,103.5,110.1,94,141.7,84,242,117,130.1,106.3,119,72.9,230,162,137,86,127.4,109,86,147,116.8,136,109.8,100,125,126.4,131,146,113,127,137,110,110,101,137.5,116.1,144.2,105.8,122.8,48.1,85.9,34,168,103,88,75,100.4,150,44,102,123.1,129.6,168,107,65,75.5,75.5,115.7,119,108.9,66,93.5,75,6,87,21,27,43,37,72.9,61,23,33,67.5,144.8,190,133,149,57,265,144.4,131.7,146,281,240,147.3,136.6,158,116.9,109.7,246,93.5,85,161,92.7,19,160,74.8,65.4,123,110.5,132.5,97.9,77.9,91.7,78,199,130.8,123.3,120.4,86,86,195,61,156.5,171,147,160.5,66.5,104.6,147,116.8,96.5,208,29.2,19.9,77,87,30,108.9,68,105,86,43,86,59,77,21,0,73,119.2,121,179,47.3,87,86,72,47.3,48.8,82,121.6,77,76.1,113.7,123,158,80,64.3,20,81,134.7,76,132,99.3,118,151,94,151,152,104,0,79,155,106.9,84,99,119,72,107,70,103,156,89.1,72,66.3,102,112,55,82.1,64,64,100.5,168,77.4,80.2,186,90,94.8,89.3,76.2,75.4,81,66,75.8,84.3,83.1,86.2,66.9,80,80.8,85.4,92.4,92,65.1,74.7,78.7,30,114,67.3,39,77,76.1,74.9,117.6,114.3,91.5,129,70.8,60,78.4,87,134,86.5,73.4,90.5,94.7,71,132.2,122,116.8,106.2,104.2,126,97.4,101.5,93,106.2,93.9,102,94,86,104.8,101,80.4,86.6,95.9,87.5,85.1,78.3,98.6,83.9,96.7,117.6,18,25,98,93.5,60.3,67,69,69.7,75,79.7,92.6,89.7,77.4,93.2,94.7,81.8,93.8,80.5,73.7,101.9,107.3,72,55.1,119.8,65.3,100.5,79.8,97.4,98.2,67,94.1,108.8,83.5,111.2,103.4,90.3,78.6,132.4,114.5,112,14.6,130.1,88,82,87,95,87.9,76.2,92.1,97.4,93.3,64.9,87,43,92,12.7,16.6,70,78,77.3,59,87,135,54,45,93,60,49,48,40,131,30,19,74,63
1991-04-01,55.4,32.5,23.4,26,52,41,34,85,51.8,43.3,69.7,84,57.3,98,53.1,46.3,119,49.3,127,36,97,73.5,47.7,42,51.9,47.3,57,60,70,73.2,47.9,64.9,74,53.5,49.2,57.6,27,59.3,15,40,63,56,58.7,58.4,46.3,81,0,14,52,63.3,65,70,33,64,29,56.9,0,136,62.4,31,50,51.8,56.2,67,25,45,63,42.5,55.2,74,48.8,23.1,0,11.4,10,62.2,39.2,72,56,43.1,55,0,40.8,56,59.1,82.5,57,7,38.6,63.1,64,68.8,78.2,76,23.5,53,22,32.1,24,11,10,31.4,35.5,24.5,5,9,25.1,79.9,61,73,43,38,195,76,64.8,66.7,102,84,72.1,76,56.6,71,39.6,84,57.7,75,43,46.7,5,42,43.4,23,29,51.7,52.6,35.1,39.5,38.5,54,45,69,51.1,41,52,25,110,35,74.9,41,111,92.7,46.5,62.1,33,62.2,34,70,21,8.4,17,18,57.9,89,28,86,85,71,58,59,63,47,98.5,7,89.9,67,81,124.8,60,85,71,124.8,78.1,91.3,30.3,67.6,112.6,84.9,102,64,70,48.2,31,42,89,82,67,89.5,83,66,66,66,0,10,0,33.3,8,44,40.6,38.8,51,14,44,0,48,25,42.4,20,39.6,53.4,18,30,47,36,0,65,159,40.1,47.2,67.1,26,74.3,51.7,66.9,46,78,12,49.1,38.7,60.8,44.8,49.5,38,60.9,58.5,61.4,30,36.8,44.2,55.1,27,60,58.8,79,87.5,81.2,52.1,108.8,87.8,54.6,284,49.2,55,82.7,103,132,77.3,55.6,57.7,61.7,69.8,98.2,102,45.8,88.5,90.7,78,67.9,74.9,92,85.6,77.3,75.2,125,85,90.6,78.5,37.4,68.7,78.6,69.9,67.2,64.3,71.4,59,48.9,82.2,18,33,34,47.9,38.7,46.9,41,44.3,60.8,69.3,63.7,73.1,68.8,76.5,75,65.4,80.2,76.4,47.1,48.8,33,44.9,38.1,52,68.6,81,67.5,70.8,70.9,57.3,71.4,80.2,60.6,83,87,76.6,72.2,86.8,120,87.8,14.7,84.9,156,104.5,54.9,51.1,52.4,46.9,54.7,61,53.5,40.1,83,79,73,43,22.4,90,102,76.9,82,68,137,54,110,78,69,0,38,29,18,34,16,18,13
1991-05-01,1,1,11.9,3,113,16.9,42,13,21.5,21.4,57,12,55.6,21,32.3,25.2,10,32.4,83,12,18,55.3,24.1,32,23.7,21.9,13,15,16,63.6,26.4,54.3,122,40.1,21.4,22.6,75,46.8,0,10,70,35.3,40.2,49.4,37.7,16,5,80,12,43.1,27,52,16,50.5,21,55.6,53,30,56.6,9,23,32.1,49.3,76,4,6,15,18.5,16.8,24.5,39.7,37,0,8,3,34.4,24.8,60,22,10,22,0,24.5,31.4,33.1,33.5,17,8,16.7,6,75,7,35.8,36,18,72,14.8,15.5,15,5,14.6,19.6,17.4,8,8,9,16.7,42,34.2,22,20,15,83,39.5,34.1,29.3,18,63,35.2,39.1,32.3,57.6,22.8,95,76,18,11,24.3,21.2,24,29.6,13.6,17.6,26.8,33.4,15.9,23.7,26.3,25.3,40,32.5,25.3,35.9,16.2,16,24.7,3,23.2,6,38.3,51.8,14.8,30.4,16,29.1,25.3,25.4,11.9,5.7,7,9,11,46.9,87,26,32,71,54,63,26,96,48,44,45,30,24,44.5,22,32,52,44.5,50,31.1,18.4,45.8,47.1,39.3,52,24,18,32.1,19,59,48.9,40,10,82,41,55,27,55,0,22,24,23.5,21,30.9,30.2,38.5,13,33,17,23,39.1,30,39,40,36.4,13,47,48,52.6,56,65,55.5,6,37.7,25.5,52,137,60.9,50.5,60.8,33.3,57,82,28,23.7,49.8,41.4,46.8,40.2,47.4,43.9,49.4,10,24.1,8,43.6,0,46,47.9,42,70.3,83.7,29.5,53.5,47.5,35.9,120,28.6,40,66.8,26,35,48.7,37.3,36,37.3,16,54.9,52,22.8,43.1,53.6,22,33.3,26.4,36,37,25,34.2,37,32,35.6,50.5,36.9,27.7,77.6,40.5,56.6,65.6,80.9,43,41.1,56.6,65,60,153,51.9,37.7,38.2,27.4,31.9,33.7,39.4,57.9,46,52,63.2,59.9,46.1,59.3,66.6,33.5,39.1,26.7,38.7,28.1,42.3,43.5,41.2,50.5,38.9,59,38.2,35.1,46.1,36.1,58.9,61.8,52.7,36.7,50.9,53,48.6,46,62.1,55.2,49,43.5,36.3,40.9,37.5,45.2,44.5,43.2,30.2,59.4,47.8,19,39,53.8,38,29,24.5,23,23,0,26,0,27,23,25,35,10,16,34,60.5,43,41
1991-06-01,11,0.4,3.5,0.5,39,11.9,70,62,13.5,12.8,28.7,3,35.8,1,17.7,15.8,0,13.3,4,14,0,31.5,12.9,12,12.3,9.8,12,7,18,39.8,9.5,46.8,52,24.1,10.9,13,32,32.1,20,27,40,19.8,27.4,28.5,17.2,0,5,60,13,24.7,43,7,0,27.7,0,28.8,0,0,29.9,3,0,11.8,24.4,5,0,12,10,6.6,29.6,53.4,44.8,29.2,0,6.7,9.9,20.6,15.1,40,12,14,13,34,15,15.7,14.6,17.5,16,21.5,20.1,22.8,20.6,32,18.1,39,22.4,43,13.9,6.6,13.5,7.1,8.8,5,12,12,2,5,10.4,18.7,18.8,23,6,30.8,30,15.4,16.6,16.5,20,23,32.6,18.3,20.1,37.4,12.1,31,19.4,9,18,16.2,15,3,28.2,9.2,15.6,14.1,14.4,9.8,23.4,30.7,18,17.6,17.5,10.4,32.8,11.9,12,11.5,2,7.2,6,25.3,31.9,8.6,13.8,13.4,14.8,16.3,1,9.8,7.4,20,12,20.4,20.5,9,2,48,28,19,45,59,22,21.5,0,34.4,52,26,19.5,8,48,12,19.5,11.9,16.1,65.8,18.8,14.8,28.7,12,27,10,14.7,24,40,31,107,15,60,49,0,51,0,0,37,36,15.2,44,15.9,14.2,21.2,10,27,12,3,24.9,33,23.5,36,6.8,5,25,12,16.4,0,10,25.3,8,9.2,6.6,18,56,25.3,13.5,19.3,15.8,13,58,10.8,8.9,16.3,15.2,21.9,15.4,23.2,21.7,23.5,0,11.5,10.8,17.6,19,13,10.5,17.2,42.9,37.7,12.6,18.2,17.7,15.1,16.9,14.6,18,41.8,8,48,38.7,15.8,20.4,20.5,22.4,27.3,0,11.5,27.8,41.5,20,29.8,29.9,37,26,18,37.6,73,48,47.2,39.7,18.3,25,55.4,27.6,41.5,30.8,54.5,27.4,23.4,40.6,18,5,64,28.1,32.5,32.5,17.8,25.1,20.1,28.6,28.1,27.4,36.3,38.9,34.1,22.9,30.3,36.5,28.4,21.7,23.2,26.8,23,22,44.3,23.7,27.3,27.3,29.8,25.2,35.3,35.2,29.8,29.9,39.5,43.1,27.1,29.8,9,26.8,20.2,29.9,29.5,13.5,19.8,19.6,19.3,15.4,20.1,24,18.7,9.5,32.1,25.8,11,20.3,43.9,77,94,49.9,52,81,111,59,55,61,76,40,63,31,61,35,51.5,65,59
1991-07-01,0,3,0,0,0,0.5,0,27,3.9,4.8,14.6,0,11.8,0,12.2,3,0,5.7,2,2,0,12.3,5.6,0,3.6,3,0,0,0,8.8,4.8,10.1,0,11.6,4.1,3.1,4,8.9,0,0,25,4.2,7.9,7.8,7,0,0,0,0,14.4,16,6,0,11.4,0,8.9,0,0,8.7,1,0,4.7,10.5,0,0,0,0,2.1,10.6,10.9,21.4,2.2,0.5,2.1,13.2,15.7,15.4,25,13,18.1,15,13.2,12.4,18.3,10,17.5,10,13.2,28.3,7,11.7,8,15.5,15,3.5,16.4,15.3,7,10.5,7.5,7.9,20,9.5,9.6,4.3,4,10.9,13,19.5,9,6,16.5,35,13,9.3,12.5,20,19,25.1,12.7,15.3,22.3,5.6,51,8.7,6.8,8.6,8,9.9,18.5,12.8,3.5,8.3,8.6,10.1,11.6,20.6,12.2,12.4,9.8,12.3,6.1,31,8,5,8.2,4.4,14.2,7.5,16.2,29.7,8,7.4,15.7,7.8,9.4,8.2,18.1,12.5,9.3,5,13,10.2,8.7,16,6,12,11,10,3,6,0,0,12.4,30,13,1,17,6,9,1,9.7,11,4.8,6.1,6.3,13.8,26,0,10,6.5,0,7,12.3,0,5,15.2,0,0,5,0,0,0,15,5.6,2,3.6,7.2,5,15,0,4.8,3,4,2,6.4,1,2,0,12,0,0,4.7,0,6.8,2,3.8,3.1,0,4,11.8,6.6,3.8,5.8,7,11,2.8,5.5,3.8,0,3.8,0,0,5.1,8.6,21.3,3,1.7,5.4,15,6,3,2.6,27.6,10.4,0,7.6,5.6,3.3,3,4,0,10.5,14,11.1,6.9,4.6,8,8.3,9.5,13.7,26,14.2,12.8,14.4,30,9.7,7.3,14.3,8.2,13.4,6.3,1,6,14.7,18.7,8,13.5,29.2,12.8,17.4,9.6,17.9,13.5,9.2,23.1,3,0,13,10,10,16.2,9.4,13.1,13,15.9,12.9,10.9,15,13.5,13,17.7,15.4,21.1,16.3,9.5,13.7,12.5,12.5,8,16.6,10.8,10.5,15.1,12.4,15.2,8.9,13.8,15.8,17.7,19.6,24.6,17.4,15.6,3,8.8,14.7,15.6,17.5,8,9.2,10.8,7.8,6.1,10.2,14.6,7.7,5.4,8,7.2,6,0,19,1,1,7.8,0,5,3,0,0,17,14,1,7,9,160,3,18,0,12
1991-08-01,0,11.4,0.5,0,6,1.3,12,0,5,5.8,18.4,0,13.2,0,10.3,7.5,0,7,8,7,0,15.3,8.1,10,3.6,5.1,0,7,1,12.1,5,23.5,26,8.1,5.5,5.8,9,14,0,0,12,6.2,10.8,14,10.9,0,15,8,57,11,8,0,5,19.3,14,12,13,7,12.6,8,0,5.4,16.6,45,5,0,0,3.6,36.3,53.1,38.5,28.8,0,1.6,7,14.7,14.3,22.1,9.9,10.2,15.6,14.8,13.1,18.2,9.2,12.6,10.9,15.3,0,24,15.4,16.4,12.1,8.7,0.5,19.5,12,7.8,9.9,6.3,5,13.8,9.4,8.9,5,6,8.4,11.6,19.5,16.2,4,21.8,20,12.2,12.8,11.1,15.2,10.3,26.8,12.6,15.6,22.9,7.2,7,15,9.8,6,10.6,5,25.6,22,7.2,8.4,8.3,8.7,7.9,26.8,29.2,14,6.8,12.5,6.9,30.3,5.4,7.3,8.3,7.5,24.2,5,21,26.8,9.4,8.5,5,8.9,11.7,8.8,14.8,8.4,9.8,2,9,30.6,17,28.5,35,50,19,36,15,28,0,0,40.4,30,40,6,51,35,29,6,33.3,14.8,10.2,30.6,24.1,30.3,29,41,39,13.8,20,22,36.8,39,20,40.4,28,57,28,57,2.4,9,13,8.6,13,11.4,7.3,15.9,0,14,13.7,0,17.4,46,16.4,26,6.7,0,16,15,0,13.3,5,18.9,5,11.5,10.3,0,19,24.2,23.1,9.7,12.3,27,36,17.8,15.2,22,17.4,21.6,19,17,18.9,24.7,15.8,13.8,11.1,18.8,23,35,11.8,19.8,57.5,29.2,18,17.4,25.5,17.8,28,18.3,13,31.1,35,27.3,33,20.2,23.8,22.6,24.3,36.1,40,42.3,39.6,44.2,38,30.6,35,41,39,37.3,40.7,27,35,44,38,12.1,25.7,57.2,27.8,36.8,25.2,31.9,30.1,21.6,50.2,35,28,32,25.2,26.5,32.4,18.1,22,17.1,23.3,25.6,20.3,34.3,34.2,24.4,26.2,32.1,26.1,27.6,17.3,24,19,24.5,17.6,40.4,23.8,26.7,35.6,30.8,26.3,44.2,31.6,23.6,31.8,40,40.3,23.6,34.1,47.5,38.2,4.6,34.4,41.2,35.5,20.6,20.7,17.5,15.5,19.1,20.3,20.1,12,24.7,25.8,15,21.3,44.1,36,70,49.7,52,56,64,38,85,68,61,52,51,43,20,58,62.5,46,54
1991-09-01,0.4,0,0,0,26,6.6,2,5,17,11.7,26.9,5,33.8,0,14.6,14.7,50,12.4,0,6,0,34.2,14.6,0,16.8,11.8,6,40,16,25,8.2,32.4,96,24.2,8.5,10.6,47,33.1,19,8,55,18.2,28.1,29.6,11.3,20,0,33,39,32.8,46,0,5,28.1,71,27.7,22,29,36.1,16,0,14.8,34.5,30,6,0,0,8.4,11.8,9.7,34.7,6.8,11,10,9,19.6,12,24,13.6,12.8,10,16.2,16,15.3,11,12.5,13,1,3,12,14.6,13,20.2,5,4.5,23.8,14.3,10.9,13,2,11,16.9,11.8,10.3,5,6,9.7,13.6,21.7,17.4,6,33.7,55,12.4,14.7,18.4,24,17,27.4,12.7,19,29.8,9.2,8,16,10,8,20.9,13.3,25.8,28.3,8.6,14,9.8,15.5,1,30.8,28.3,18,11.2,15.1,9.3,36.2,15,8.8,9.9,6.5,13,10.6,28.1,38.7,15,12.9,5,12.9,12,9.5,11.3,8.4,12.4,5,15,20.8,5,19.5,53,17,59,58,42,13,0,0,32.4,86,39,3,14,53,1,3,2,24.9,30.3,2.6,0.7,28.1,40,39,10,9.8,0,19,26.6,108,27,40.3,46,53,53,53,7,20,29,0,7,10,10.5,16.7,0,0,11.1,0,13.7,50,14.4,13,4.3,0,24,0,6,2,0,13.2,41,7.8,6.3,45,7,24.8,16.6,13.1,9.2,5,5,10.4,10.5,11.4,0,11.9,4,30,16.1,18.5,23.4,9.7,10.3,9.8,13.3,0,6.1,14.5,38.5,20.3,17,22.3,17.2,14.5,16,12.6,4,20.9,13,21.5,26,11.2,16.2,15.7,16,28.4,29,30.2,37.1,40.4,42,33.5,30,42.1,46,44.9,51.7,77,53,60,32.5,13.7,27.9,44.8,27.1,28.6,21.5,36.5,20.9,23.4,38.2,6,5,20,15.8,27.2,30,20,19,20.6,20.8,15.3,17.4,26.4,26.4,21.7,19.2,24,22.4,22.3,17.5,20.4,21.8,24.9,13.1,43.7,20.1,18.6,26.6,22.5,25.6,49.3,27.5,23.5,24.8,33,33.2,25.6,23.3,16,24.1,0,24.6,27.2,9.5,17.5,15.9,14.7,10.8,14.9,19,13.8,9.4,28.5,15,38,15,77.3,94,90,66.4,95,92,108,109,70,128,78,40,36,53,104,130,34.5,116,107
1991-10-01,5,18.5,23.8,16.5,139,65.9,41,32,42.4,31.9,54,67,52,87,51.2,41.9,5,39.5,89,29,28,55.9,38.4,25,39.4,40.3,71,30,65,72.5,32,75.8,128,47.6,35.8,38.3,48,54.5,33,36,107,45.7,52.7,50.1,44,31,13,90,38,46.9,52,7,26,66.3,54,60.8,30,32,64.7,57,47,41,53,74,44,42,75,33.6,109.1,127.9,51.5,30.8,51,52.7,20.5,46.4,24.6,55,50,31,47.6,46,43.1,53.4,47.1,41,42,64,17.3,13,41.8,15,48.9,48,28,36.2,4,31.1,24.2,40,30,36,34.5,32,28,28,23.6,43.8,51.1,58.4,56,57.5,105,59.6,46.3,51.1,41,52.6,56,57.1,39.5,69.8,30.5,56.2,39.5,72,14,35.6,10,41.3,37.3,21.6,29,45.1,40.1,25.5,38,33.1,32.8,40.5,49.4,39.4,34.4,42,28.8,37.6,20.5,21,29,52.7,76.6,42,38.7,26,42.6,41.6,24,16.4,5.2,55,58,137,59.7,47.3,93.5,111,82,75,80,89,46,67,9,83.1,99,97,55,93,111,51,55,53.9,50.4,53.8,35.3,20.5,66.3,123,97,89,30.3,19,96,98.6,77,93,69.5,130,184,127,184,15.1,55,29,25,60,38.2,27.6,39.4,30,38,35.6,22,36.5,48,40.1,38,24.6,12,42,10,12,3,7,55.4,16,29.6,26.5,44,50,65.8,36,46.1,32.3,49,58,34.2,31.6,40.9,36,35.2,42,10,46.7,46.4,60.1,24.8,33.5,39.3,34.5,54,39.8,52.6,69.2,61.8,38,69.4,58.5,34.6,14,28.6,25,60.9,37,51.3,61.2,37.2,48,66.7,58.9,80.5,123,65.8,96.2,86.8,109,75.5,101.7,108.8,106.1,108.3,107.2,107,121,98.5,62.4,37.2,56.8,77.8,81.9,53.6,51,59.1,41.1,39.9,82.2,49,43,72,42.1,41,42.6,44.1,37.2,49.9,46,55.5,54.3,52.8,70.7,55.7,48.8,55.8,47.8,42.1,43.3,38.5,40.9,35.3,47.4,63.4,64.9,52.7,66,66.2,51.7,85.9,73.3,49.8,68.3,64,59.7,63.1,71.3,77,62.6,23.3,62.1,63.2,64,42.9,36.8,37.6,29.2,41.3,48.5,42.6,28.2,67.1,50.8,24,6.6,48.3,109,122,79.1,99,101,102,92,130,73,127,101,85,87,68,50,46.5,106,99
1991-11-01,20,46.3,18.2,7.7,77,15.2,11,67,25.9,24.3,52.4,83,39.1,13,31.1,25.3,0,27.5,30,14,0,43.4,24,0,30.3,24.1,9,37,11,54,23,56.6,27,40.2,21.4,32.6,61,47.8,94,5,58,35.5,43.5,36.3,43.2,46,20,14,34,36.5,28,7,10,50.6,21,42.7,25,35,39.8,7,12,29.2,37,25,0,52,5,20.2,99.4,137.8,50,89.7,10.5,5,19,41.7,23.8,47,22,39.2,36.4,50,33.4,32.2,39.5,32.2,16,10.5,31.4,74,33.3,79,32.7,52,15,61,17.5,25.4,16.2,23,14,35.6,24,27,3,3,17,35,34,32,23,43.3,59.4,44.4,38,35.9,9,27,35.4,47.8,31.3,66.8,23.4,48.1,26.8,30,5,25.3,12,40.1,42.4,21.2,56,34.5,34.2,24.7,30.7,35.1,29.8,30.6,36.1,27.3,38.8,20.2,18.1,32.3,20.4,39,53,36,58.2,21.5,26.3,10,27.4,29.3,31,15.8,6.1,20.4,19.7,69,80,110,100.5,58,82,57,68,74,51,77,50,84.1,223,84,58.5,79,58,74,58.5,57.2,81.8,93.9,75,60.9,76.5,168,84,103,51.3,90,48,80.7,72,50,77.2,57,89,71,89,51.4,74,40,41,150,53,44.1,53.4,26,43,48.9,69,53,28,50.2,34,33.5,53,30,54,49,42,82,69.4,37,54.8,42.9,134,90,92.8,60,65.5,42.4,117,37,45.4,40.3,82,22,62.2,70,92,58.7,65.5,47.4,38,45.1,58.8,49,62,64,60.2,87.4,76,57,97.8,75.4,53.8,42,49.8,50.9,70.9,100,69.3,71.6,56.4,58.7,63.1,68.3,99.2,168,74.3,91.3,79.8,75.6,77.7,80.3,80.8,81.3,78.7,82.4,84,58,76.4,75.7,42.1,65.6,74.3,76.9,70.1,71.1,66,64.6,56.8,78.8,49,62,38,58.8,42.4,43.5,35.3,39.1,54.5,57,60.3,63.4,68.7,74.8,73.2,61.1,68.6,67.2,36.6,55.7,27.4,34.3,31.2,63.5,74.7,68.7,53.4,67.7,68.3,52.8,63.1,83.6,50.7,66.1,78.3,70.5,70.2,80.7,93.5,90.6,7.8,88.4,89.3,58.5,59.5,59.9,56.9,53.8,62.8,60.6,65,51.5,85.9,62.5,76,159,154.8,70,115,85.2,112,155,124,63,74,154,118,83,151,158,104,51,103,120,120
1991-12-01,119.1,124.5,167.1,207.5,235,150.9,286,497,178.1,106.1,203.8,224,194.6,102,154.5,137.8,30,120.3,137,118,61,197.4,145.2,106,133.4,159.6,150,60,139,154.4,155.7,163.4,283,115.2,142.7,152.8,178,198.3,33,32,421,128.9,144,159.5,125.1,39,107,103,247,135.8,70,215,28,197.1,88,166.7,93,65,160.8,178,106,138.4,159.6,143,156,110,80,137.9,134.2,96.7,149,88.4,75.5,126.6,94,186.4,112.5,147,130,163.7,197.1,110,149.8,150.2,175.3,151.4,117,172,192.6,145,185.9,45,166.1,149,149,62,78,132.7,106.8,86,128,108.5,97.9,115.5,83,90,99.5,186.2,242.8,207,45,188.7,177.5,228.5,186.4,166.3,151,144,188.6,182.1,206.5,183.9,152.5,159.1,14,113,133,117.3,133,109.1,72,108.6,98,139.3,162.1,54.6,171.8,106.2,135.8,144.6,210.6,178.8,142.8,129,95.2,173.3,138,196.1,111,267.1,271.9,129,161.7,28,167.2,140,138,52.3,36.9,192.5,101,84,246.7,234,199.5,68,275,219,221,84,228,250,251,186.1,229,183,336.5,179,68,245,336.5,221,165.2,315.2,264.9,229.6,204.4,222,164,172,164.6,215,159,188.5,248,193,258.3,88,146,87,146,51.5,258,41,24,347,172.3,138,171.5,207,262,191.8,201,172,246,178.8,189,151.3,174,212,185,204,291,311,247.4,56,165.2,150.4,33,332,239.3,197.3,216.8,198.6,329,233,177.3,184,224.1,224,190,304,206,151.2,231.7,99,147.7,176.7,217,162.9,276,212.1,210.3,126.9,209.7,230,199,236.3,211.4,256.2,166.7,225.5,242.4,185,219,244.4,202.1,199.9,201.3,199.7,208.1,228,182.7,237.4,210.8,165.9,146.4,163.3,195.4,166.2,149.4,159.7,80,68,172.7,188.6,152.9,159.1,249.6,181.9,200,197.7,237.7,199.8,235.7,236.9,309,315,368,154.7,121.3,173.7,147.9,156.7,157.5,189.9,167.7,179.5,174.7,177.6,167.3,179.2,223.6,194.9,198.8,181.4,251.6,165.9,118.6,192.9,169.5,200.1,179.3,186.9,172,133.5,120.7,202,221,166.1,204.3,190.3,180.1,238.1,388.5,259.4,29,307.7,287.2,248.5,180.7,172.2,173.5,146.7,193.2,196.2,167.7,139.5,214.3,217.1,154,171.6,255.2,193,157,172.7,232,207,266,383,170,263,174,185,127,291,256,283,308,253,299
1992-01-01,77.5,95.4,80.5,39,100,234.2,86,234,115.2,111.7,89.5,61,101.4,99.8,132.9,134.5,20,113.3,96,77,116,145.1,127.7,4,129.6,152.6,158,128,102,93.3,125.2,103.7,140,120.3,94.2,110.9,52,99.4,188,68.4,85,141.3,135.2,114.7,54.2,255,47,10,238,109.9,94,20,75,88.7,56,110.3,16,160,115.4,79,31,117.7,128.2,14,111,47,95,127.5,87.1,110.8,130.7,85.8,112.1,96.9,87,145,115.2,154,141.9,129.1,156.2,149,135.3,178.3,154.4,137,94,114.8,162.1,152,145.3,61,152.2,110,106,152,62.6,116.3,78.7,138,107,95.5,8,93.5,75,54.5,79.8,142.9,180.2,198,153,30,143,223.2,178.4,151.1,226,194,156.2,183.3,137,205.5,108.6,162.3,128.5,204.5,73,128.5,127,136.3,86,81.8,78.1,128.9,114.4,78.3,116.2,104.1,149,148,154.9,123,138.3,61,134,155.5,86,262.8,170,149.1,187.1,64.5,89,75,130.1,86.6,87,43.2,33.2,89,95,115.1,156.1,212,59,45,85,65,46,47,42,75,56.5,95.5,32,51,63,79,45,83,63,67.3,59.2,50.4,135.1,162.8,114.5,206,51,62,99.2,141,55,54,86,38,96.7,50,33,70,70,64.4,97,8,74.1,75,104.2,90.2,85.1,41,43,110.1,96,105.8,32,97.4,92,83,102,46,124,166,57,50,138.2,295,98.8,119.8,125,122,135.5,114.8,106.8,115.2,197,54,127.6,117.8,116.5,240,97.7,176,170,77.8,111.2,115.6,79.2,97.8,113.1,100.1,243,95.4,134.1,92.4,107.2,106,146.5,156.9,127.8,268,101.2,82.5,84.5,131,113.1,83.3,90.8,92.2,81.5,98.8,124.3,206,93,80.7,59.8,43,44.7,64.2,58.8,48.2,61.1,54,52,45,57.8,100.1,89.2,60.6,90.2,87.2,76.4,70.6,124.6,108,110.5,88,67,66,121,129.5,72.3,79,102.7,66.6,76.9,94.3,116,92.4,91.7,119.6,93.9,102.5,105.2,96,84.8,115.5,122.6,95.7,63.8,131.6,54.4,114.3,139.2,102.6,104.5,82.5,65.8,78.7,102.4,94.8,102.6,83,64.4,161.9,245,152.8,8,192.6,195.8,204,127.6,132.8,9,106.4,12,115.3,110.5,90.2,78,94.5,62,86,97.8,81,75,80.9,72,63,0,35,410,81,94,206,184,179,177,101,53,240,170
1992-02-01,199.1,110.5,210.6,206.3,82,182.7,49,229,160.1,140.2,113,30,170.7,123,156.6,157.2,70,179.6,38,69,104,191.4,167.3,90,183.8,180.2,198,22,138,153.6,154.5,183.5,48,156.6,140.3,180,141,215.7,86,115.1,95,183.8,168.7,189.6,119.5,139,25,55,124,152.8,212,25,137,145.7,39,191.5,51,70,186.4,153,47,166.8,161.4,104,192,25,64,159.4,46.8,64,146.1,39.4,0,159.5,207,38,131.7,430,234.1,178.7,212.6,293,176.3,178.4,166.2,212.4,323,362,412.7,535,177.2,153,190.8,359,107,164,101.9,134.9,100.2,152,143,145,111.1,123,173,211.5,91.8,234.7,224.2,265.9,257,640,117,262,260.5,231.1,439,422,174.2,216.4,459,220.6,168.1,177.7,157.7,331.5,212,151.9,150.5,155.5,184,102.2,171.2,175.6,184.9,89,144.5,151.1,217,130,212,177.3,147.2,151,51,202.9,257,291.6,366,208.4,213.9,153.5,203,137,183.2,107.8,206,41.8,59.9,263,148,163.4,206.6,151,79.5,67,159,67,72,42,125,257,106.5,107.8,52,62,112,129,67,145,112,64.8,128.7,60,148,157.4,140.7,178,62,124,139.7,169,86,41,70,70,112.6,43,49,67,71,60.6,109,105,54,135.2,135.5,115.8,119.8,389,292,135.2,132,132.2,55,136.3,84,125.3,155,83,130,145,118,185,186.9,207,129.2,148,236,71,170.3,161.4,140.6,122.5,149,108,147.8,123.5,153.9,112,122,171,135,110.4,153.4,133.3,108,122.4,135,139,160,141.5,167.9,94.4,125.9,286,188.9,179.9,152.3,259,123.3,109.3,100.1,172,168.3,112.1,116.6,136,110.5,151.3,161.8,178,126,113.4,106.3,74,78.2,88.6,85.1,70.4,89.1,103.4,29,67,86.2,118.6,120.5,87.7,99,98.3,114,118.2,136.9,128.3,131.2,116.9,165,167,88,138.8,92.4,116.9,118,83.4,90,128.3,122.7,127.4,138,157.7,109.5,133.8,127.2,113.3,133.3,141.5,166.1,109.2,78.5,196.2,71.9,136.5,179.3,130.1,145.3,105.3,79.8,111.3,166.3,120.9,136.4,110.2,81.2,245.5,198.5,203.3,18.5,247.6,234.8,118,130,158.8,311,151.3,224,48,160,132.1,145,138.8,135,0,90.5,97,194,111.9,131,138,160,139,229,177,161,116,244,241.5,183,117,96,101,78
1992-03-01,115,122,19.9,37.7,162,39.9,126,183,90.9,91.3,106.9,65,127.5,72.2,119.3,86,75,88.2,97,115,75,126.6,90.3,22,96,74.2,26,58,69,102.3,112.3,124.4,287,90.6,88.9,84.6,102,114.8,27,87.3,125,102.5,115.9,117.6,85.2,120,162,107,135,98.8,80,31,49,107.8,13,102.5,79,38,113.7,44,33,93.2,97.1,63,100,43,29,96.4,65.6,54.5,114.7,83.5,33,69.1,18,93,75.6,102,123.6,92.7,103.7,100,110,131.6,114.1,95.6,62,65.5,101.4,214,114.9,207,102.2,65,90,99,46.7,72.2,60.3,59,37,50,62.9,73.5,47,88,64.9,138.1,144,145.7,61,200,310,129.2,121,127.5,124,137,110.3,145.3,115,132,108.3,116.4,83.6,102,36,89.1,103.8,97.3,24,54,108.2,105.8,80.2,185.5,94.9,63.5,192,240,128.7,103.1,122.9,18,48,124,23,138.1,52,140.1,144.5,14,148,49,111.6,101.9,48,39,14.3,71.5,75,112,210.2,190,62.5,96,152,47,74,94,104,200.5,91,133.2,77,60,137,115,96,204,137,184.2,100.4,253.4,132.6,158.9,134.1,226,60,100,126.8,126,174,104,215,37,167.3,90,59,84,107,66.7,164,108,85.3,200,171,117.9,142.3,357,236,153,160,163.4,128,150.8,175,118,271,219,212,161.3,118.8,120,208.3,28,130.2,125.4,296,89,198.5,165.5,145.9,144.8,262,148,150.1,119.8,172,155.3,158.1,305,116,119.5,171.5,96,113.8,127.4,157.4,133.7,197,144.3,157,103.5,163.6,132.4,189.2,177.2,132.6,251,100.7,126.7,146.1,128,164.3,149,123,160,136.2,151.9,160.7,226,151.2,149.7,142.6,31,92.8,103.1,110.8,110.2,92.5,123.6,95,96,125.4,141.5,132.8,123,174.7,117.5,156.3,125.3,158.4,151.5,160.6,154.6,97,117,114,129.8,100.7,146.5,136,113.7,105.5,161.9,147.9,156.6,142.1,159.1,131.1,158,151.3,148.4,135.8,164.6,137.2,141.4,106.5,205.4,89.4,143,145.8,116.3,138.8,97,92.8,136.6,161.1,129.7,172.3,136,114.2,190.1,194.5,220.8,208,244.2,221.5,203,227,157.5,153.8,136.9,143,69,158.9,137.6,119,162.3,100,74.5,131.6,172,218,143,220,130,171,169,191,288,282,99.3,71,141,180,172,114.5,192,177
1992-04-01,82.4,62,73.8,93.7,119,79,94,39,107.3,98.1,130.8,11,130.5,94.3,158.4,113.5,100,111.2,170,45,87,138.5,117.8,147,139,122.5,86,73,88,178.2,132.1,150.5,111,133.4,120.7,125.3,158,156.2,96,82.1,127,146.1,137,137.4,64.6,129,0,72,110,118.2,155,84,105,131.7,167,145.3,43,161,152.4,109,92,125,130.3,121,162,14,83,113,57.5,66.1,124.2,102.7,126.5,123.5,153,26,114,212,161.4,148.8,161.6,50,129.2,140.2,152.3,154.5,190,131,336.7,151,153.8,153,151.4,140,55,30,68.1,95.6,74.5,144,119,38,87.1,67,112,134.5,78.4,172.3,224.3,207.3,295,191.9,226,224.9,194.3,169.9,207,128,148.4,169.2,179,159.9,102.3,168.9,115.3,156.5,188,123.6,104.1,134.5,36,62.5,126,129.4,119.9,99,99.4,100.5,127,188,144.5,150.5,123.5,116.5,41,92,143,207.1,150,158.9,181.2,207,35,105,143.6,109.1,119,27.2,18.2,122,83,118.3,110.1,119,34,41,90,23,34,54,50,0,73.5,62.9,34,33,56.5,13,41,70,56.5,68.9,76.4,88.9,79.3,98.5,78.3,39,15,8,83,75,38,37,32,15,81.3,69,89,62,59,23.4,84,166,80.7,111.5,100.5,95.7,94.6,51,94,104.9,59,92.2,79,94.2,78,74,130,64,98,83.5,103.4,65,123.2,27,97.1,100.7,85,112,120,93.3,88.1,90.2,106,88,94.8,86.4,92.5,96.2,78.4,78,95,49.5,78.1,126.1,68.5,82.9,66.8,85.2,76,62.1,75.7,70.4,69.3,66,133.1,99,85,68,72.2,55.5,60.5,97,65.6,52.7,65.3,55.3,53.4,67.6,76.5,39,60.9,61.3,51.8,32,32.8,47.8,51.9,46.7,56.7,52.3,49,41,50.6,70.7,80,35.4,76.9,54.3,81.8,78.8,103.3,79.3,100.8,54.1,44,45,130,88.4,59.1,58.9,78.4,41,60.9,82.2,100.4,64.3,70.7,80.4,83.9,78.3,87.2,67.8,82.2,98.1,107.9,81.4,60.3,124.2,43.7,69.3,68.6,64.7,71.1,68.3,49.7,62.3,88.9,69.2,86.2,68,56.7,123.7,72.5,130,20,143.6,136.8,87.5,85,123.8,110.3,93.3,94.5,125.9,113.2,71.7,66,66.7,76,6.1,25.8,133,35,48.5,22,15,30,118,81,26,28,30,56,39,58,35,36,28,25
1992-05-01,0,1.2,1.9,4.2,10,17.8,18,76,21.9,15.6,21.7,8,31.6,9.5,25.6,17.6,10,18.3,2,10,0,38.9,19,0,17.5,15.4,12,0,12,32.8,15.4,28.8,16,25.5,12.9,16.8,35,24.5,23,11.8,0,23.9,29.9,27.7,12.4,10,5,0,14,29.4,32,15,5,20.6,36,31.1,37,20,30.8,3,8,16.1,30,10,0,10,3,13.8,14.3,22.4,22,10.5,13.5,8.7,15.6,25,17.9,19,21.9,29.1,21,24.9,22.3,21.3,24.8,18.9,19,12,15,50,23.3,50,34.8,35,18,27.9,5,13.4,15.8,11.9,11.9,20.1,16.3,11.1,27.5,29,13.4,29.2,25,35,10,40.4,100,32.1,26.6,30.4,14,16,28.1,27.5,43,40.5,18.2,24.8,20.2,9,14.5,21,15.8,30.7,36.7,9.3,13,14.4,28.5,20,25.4,25.4,14,21.1,21.2,10.3,36.9,16,12,23,12.9,32.9,12,34.7,63,11.9,5,5,17.7,20.2,15.4,10.6,9.3,20,12,20.9,13.9,14.7,6,50,20,26,16,25,12,36,0,18.7,15,5,24,0,50,10,24,29.9,12.9,27,20,18,21,10,5,0,5.3,4,21,10,38,0,20.6,10,0,25,24,5.6,12,26,9.6,17.1,12.1,7,16,0,13,14.6,5,16.2,40,16.8,21,7.5,22,20,0,15.4,8,0,14.7,18,11.2,8.6,3,15,21.6,16.8,16.9,13.4,20.4,12,12.6,10,11.7,11,14.1,6,24,14.9,15.9,33.6,10.7,7.7,13.5,11.9,17.3,6.8,11.6,30.3,18,3,19.7,12.4,8.7,12,12.2,7.6,13.3,0,17.3,12.2,7.4,10.8,15.3,13.6,20.8,10,19.8,22.2,21,12,13.1,15.4,24,16.8,29.8,34,28,50,39.6,20.9,13.1,15.4,25.7,14.2,19.1,13.7,25.8,13.2,18.8,18.9,22,25,13,15.4,18,22.3,16.5,16.6,12.8,16.5,13.3,15.1,15.9,14.6,16.9,11.7,18.4,18.1,16.8,12.8,16,16.2,13.4,10.9,28.2,15.7,12.3,16.6,12.3,16.8,23,17.4,20.9,15.4,25.4,29.4,17.2,21.6,10.5,13.1,15.1,18,16.2,13.5,23,13.8,12.6,5,0,16.7,11.8,8.8,15.8,14.7,0,16.5,64.9,77,91,49.5,105,91,80,57,74,62,53,24,30,33,14,115,37.5,76,63
1992-06-01,0,0,0.3,0.8,8,5.4,2,18,8.5,7.7,11.6,6,14.3,2.7,19.4,10.8,6,8.2,0,7,0,22.6,14.3,0,9.4,9.3,3,0,5,18.4,9.2,17.4,5,24.6,6.5,18.7,34,11.4,12,5.3,19,14.4,15.8,16.5,8,0,5,0,0,23.6,12,2,0,19.1,0,19.3,0,0,17.4,7,0,11.5,20.8,10,0,5,0,5.4,2.3,3.4,18.4,3.7,13,9.3,15.3,25.8,21.7,15,19.7,18.4,17.6,28.7,21.3,14.7,17.3,14.3,15,9,19.8,43,18.3,41,26.8,30,2,25.5,13.5,11.6,16.5,10.7,1,22.7,13.2,9.7,12,15,16.5,25.9,25.3,32.3,5,22.7,95,22,25.1,24.7,21.3,23,27.2,25.5,24,27.7,13.1,32.6,14.9,6,7,19,14.7,19.8,17.6,4.7,15,13.1,23.3,8,20.2,17.7,15,19.1,18.2,7.9,30.7,15.8,7,14.6,6,19.8,6,33.9,34.8,11.1,10,13.9,15.3,17.7,12.4,15.6,13.8,12.8,5,19.3,4.2,9.3,0,0,0,0,0,0,4,0,0,6.6,0,0,0,0,0,0,0,1.5,6.2,9,1.8,1.3,10.9,0,0,0,4.9,6,0,0,4,0,20.3,0,0,0,0,7.2,0,0,9.3,11.4,5.5,3.5,8.2,0,10,5.8,0,3.4,12,7.8,6,3.1,0,0,0,3.9,4.2,0,4.1,16.4,4.7,3.9,0,37,9.7,7.4,7,8.6,8.3,0,6.4,4.9,4.7,5.4,6.8,0,0,3.3,12.1,32.2,6.9,2.6,3.2,9.4,5.3,2.7,4.6,25.9,23.8,0,16.2,3.4,5.1,12,8.6,2,13.6,0,4.6,8.9,2.2,7.4,7.3,6.1,11.3,0,9.6,6.5,8.6,8,4.8,4.9,5.8,3.4,7.2,2.8,0,0,10.2,13.7,10.5,8,23.2,8.6,9.5,7.7,18.1,8.7,11.1,12.9,0,0,36,11.5,10.8,9.8,11.5,12.4,9.8,11.5,10.6,5.8,8.5,9.6,10.7,8.3,12.1,17.9,9.3,5.8,12.2,13.6,7.7,6.9,18.2,7.9,8.5,11.7,9.6,10.9,7.4,10.5,15.7,13.9,13.1,23,14.4,12.4,14.8,10.5,12.1,14.3,9.3,6.9,1,9.8,6.6,1,1,11,5.5,3.4,0,5.4,0,11.3,22.9,5,0,4.3,0,0,0,0,0,4,3,0,7,10,5,5,8.5,22,34
1992-07-01,0.5,1,0,0,14,1.7,2.5,5,4,4.8,12.4,7,8,5.5,10.9,5.9,0,4.6,3,2,4,8.8,6.4,0,3.9,3.7,0,0,4,9.9,5.8,11.4,5,6.9,5.3,4.5,0,4.2,30,3.8,0,5,6.4,7.7,6.2,0,0,0,0,7.9,0,0,0,8.7,0,8.1,8,0,9.2,0,0,3.1,8.7,5,0,10,8,3.9,5.5,4.1,16.9,3.5,0,1.1,13.3,16.1,17.2,20,12.4,11.4,14.5,15.6,16.5,17,15.4,7.9,10.8,3,13,12.1,14.3,14.1,10.8,6,11,17.1,11.6,9.4,12.4,9.1,8.4,21.8,11,9.5,5.8,19,12.1,13.4,19.1,16.2,5.5,21.3,50,13.5,8.2,13.3,14.6,13.4,23.9,11.3,16.3,18.2,7.6,28.1,7.5,7.7,9.9,9.4,11.1,16.5,17.2,4.9,9.6,9.6,11.2,11,22.6,11.6,10.5,9.5,15.6,9.1,32.8,7.9,2,8.2,6.5,21,9.3,15.8,23.4,12.1,6,15.6,8,11.9,10.1,17.9,11.1,10.4,7.3,14.6,8.7,7,0,3,14,15,6,0,5,0,0,8.2,9,8,11,0,3,8,11,6.5,11.4,5.2,10,7.9,12.1,18,8,5,5.5,0,6,11,0,0,13.8,0,0,0,1,2.6,3,0,7,6,5.2,4.9,7.1,0,0,5.7,0,4.4,2,7.1,1,2.3,0,15,5,2.3,2.6,0,8,31,2.8,2.6,0,29,7.3,11.9,3.2,9.3,10,0,3.9,4.3,6,1.5,6.2,5,10,4.7,8.1,16.6,2.6,2.5,5,8.8,6,4.4,3.8,30.5,9.2,9,10.2,7.3,3.3,6,4,4.3,7.7,12,7.1,4.4,3.3,7,8.6,9.1,12.2,18,13.8,11.5,12.3,22,5.2,2.5,7.5,5.6,5.6,3.7,0,3,13.6,16.3,7.9,10.7,20.1,10.2,19.4,11.2,16.3,11.2,12.3,17.1,0,0,27,8.9,7.6,11.4,8.3,13.9,11.4,12.8,12.1,8.4,14.8,12.2,13.4,14.9,16.6,19.9,14,6.5,13.1,8.7,12.4,10,16.9,9.3,9.8,14.6,10.6,14.8,8.6,12.9,14.4,13.6,18.6,21.5,16.4,18.2,15.5,12.5,12.5,15.3,14.9,9.7,12.3,11.3,7.6,6.2,12.6,16.1,7.5,5.8,5.9,10.2,11,5,2.4,4,5,4.4,0,0,0,0,5,0,4,0,7,3,0,9,2,0,4
1992-08-01,12,50.5,14.3,12,47,15.3,4,2,11.3,11.9,20.1,1,35.4,8.3,14.3,16.2,0,12.9,0,22,0,30.2,15,0,12,14.5,6,0,12,24.8,13.8,36,53,21.3,15.6,10.9,66,20.8,22,13.9,50,17.1,19.4,18.5,13,0,51,0,16,19.6,22,0,14,23.9,0,21.9,0,0,30.2,12,0,11.3,25.8,0,28,0,0,9.7,27,30.5,41.7,7.9,0,9.5,12.6,27.7,14.5,18,16.1,16.3,19.6,20.4,20.5,14.4,18.6,16.3,13,24.2,25,26,23.9,26.3,22.6,36,14,26.1,14.9,10.3,12.5,10,8,25.3,14.7,10.8,7,3,10.2,21.9,18.5,19.5,16,34.1,70,21.9,19.8,16.6,8,34,29,18.5,19,32.6,12.3,23.9,24.7,51,1,16,16.4,20,32.6,10.2,16.6,12.5,19.9,10,27.5,32.9,35,19.1,25.6,10,33.7,11.1,16,5,2,20.1,16.2,27.3,40.8,2.5,18,14,14.6,15.5,12.2,9.3,7.6,30,21,23.5,31.4,27,26,124,35,13,21,53,16,3,7,37.6,33,21,9,43,124,3,9,20.7,20,22.6,34,39.7,34.8,32,21,32,14.9,23,16,36,137,20,47.4,54,25,68,61,8.7,25,18,12.4,25,15.1,9.3,18.2,24,6,17.6,0,21.2,16,18.5,16,9.3,27,7,10,20.6,14.1,4,27.9,23,19,11.3,52,17,32.8,30.6,20.8,18.5,32.7,5,18.1,10.5,21.8,22.2,25.6,20,35,23.7,25,24.2,16.2,13.6,23.1,17.5,25,11.9,21.5,38.8,32.8,11,25.2,30.1,18.6,3,17.8,19.8,30.8,20,24.2,35.5,18.7,24.3,21.6,25.4,32.9,32,36.5,40.9,42.6,31,33,32.4,38.7,40.7,43.9,49.3,52,124,52,41.8,12.8,30.1,52.6,30,31.5,25.8,42,26.9,26.4,48.2,37,36,20,28.8,27.1,34.7,20.9,27.2,23.2,26.8,23.4,23.8,37.4,35.7,28.1,22.4,28.1,29.9,27.6,26.5,24.7,23,25.8,25.2,40.9,24.2,25.8,34.7,30.6,28.5,40.1,35.5,27.9,32.7,37.9,42.4,27.9,34.6,40.9,38.4,28.4,35.8,36.5,35.7,26,22.1,19,15,21.9,22.8,20.3,14.3,23,25.4,18,0,111.5,58,66,62.9,100,75,100,43,122,94,59,77.5,38,63,76,153.5,54,95,90
1992-09-01,5.5,21,14,8.6,91,24.4,65,15,20.1,22,62.9,36,46.7,31.7,27.2,23.1,32,23.6,10,6,14,44.4,22.9,109,20.6,22.5,23,13,24,60.8,19.2,52.9,62,30.1,22.3,21.8,78,47.8,0,36,87,29.7,30.6,33.9,45.9,29,80,77,40,35.6,49,45,16,51,0,41.2,49,33,50.1,8,59,21.5,33.6,40,6,29,39,14.8,75.3,84.7,55.6,31.9,19.6,1.2,20.6,37.1,19.3,7,20,28.3,25.2,24.8,24.2,17.6,34.2,23.6,6,10,27,34,28.5,29.7,31.1,20,19.2,37.8,16.8,18.5,15.2,18.2,3,24.6,18.5,19.6,9,12,15.2,28.6,26.4,37.9,27,34.1,60,35.8,27.6,26.4,21,13,26.6,35.2,21.7,53.5,19,41.1,25.6,18.5,4,18.9,25.5,40,49.3,21.7,26.3,30.9,28.9,2.5,27.2,32.6,38,28.2,32.5,28.3,31.2,12.9,15.5,4,8,75,26,32.1,47.8,16.1,11,16,23.1,20.3,27.4,20.7,4.7,16.8,16.6,30.1,91.5,85,66,68,70,62,68,55,125,97.5,40,89.4,74,69,117.5,66,68,114,117.5,120.3,51,70.4,114.6,109.5,89.8,67,69,52,54.1,72,72,77,71,57,92.9,73,65,75,75,21.4,74,78,38,72,57.7,47.7,54.1,0,56,54.1,26,64.9,98,66,116,42.6,140,27,95,72.2,16,16,87.2,8,64.9,52.8,89.7,128,99.9,72.5,80.7,63,90.6,69,54.6,57.2,98.8,62.4,93.2,102,139,77.3,71.8,37.6,45.3,56.6,77.2,55.9,100,84.1,67.4,72.3,93.5,62,97.5,86.4,58.8,149,49.8,68.9,89.9,58,91.6,80.5,62.5,78.6,68.2,82.3,100.3,67,86.9,81.7,85.7,75,70.3,70.4,77.2,75.9,73.5,71.3,69.7,68,67.8,80,56.1,66.5,76.9,74,84.1,83.1,86.5,78.6,75.5,93.7,116,110,89,63.1,41.5,56.2,32.1,45.8,63.3,66.4,76.3,74.7,77.3,83.8,82.8,76.6,72.5,101.2,48.9,70.6,36.7,48.9,37.1,77.2,69.4,68.1,71.3,72.8,79.7,59.8,63.3,88.7,56.5,95.2,86.2,78.8,66.3,100,100.8,94.3,105.5,116,100.6,83.9,68,100,82,38,73,68,77,54.2,86,91.5,43,72,133.3,67,109,71.7,83,93,64,72,115,118,75,80,81,90,122,97,90,82,71
1992-10-01,0,0,19,6.9,25,31.5,90,24,24.8,24.4,56.7,49,57.9,30.3,35.9,31.6,15,30.4,24,12,0,60.3,32.9,160,21.3,31.3,90,36,35,68.7,26.5,58,170,39.1,21.5,27.8,9,47.8,111,40.7,65,34.3,48,39.3,44.5,22,33,7,12,44.7,52,63,15,49.9,70,43.8,15,0,53.4,13,55,30.9,41.6,0,12,50,16,22,2.4,7.7,47.2,11.5,0,0.8,21.4,86,23,5,24.4,33.5,28.9,15,27.3,26.5,36.7,27.9,27.5,18.9,30.8,32.6,31.7,35.9,34.9,28.7,3,37.7,16.6,18.1,17.4,19.4,10,24.3,18.3,19.9,11,1.5,16.2,35.6,28.2,41.6,9,41.8,40,40.7,37,33,32.8,34,29.4,45,30.1,63.4,24.6,49.2,30.3,26.2,23.4,30.6,23.1,67,106,21.6,25.6,40,38.8,2,27.6,25.6,26,30.6,34.9,26.6,32.8,15.7,16.3,23.6,17,41,19,39.7,44.6,17.8,13,15,26.3,25.9,32.2,12.5,7.8,27.9,17.1,30.3,77.4,55,41,8,104,34,102,0,82,62,0,63.4,45,57,131.5,29,8,17,131.5,134.3,39.7,21.4,216.6,85.1,57.5,43,57,85,54,15,34,78,75,84,78.4,26,3,30,0,22.5,30,45.8,35.7,44,45.9,34.3,50,50,14,48.4,10,52.3,52,55.7,70,42.1,52,5,18,67.4,42.2,15,86.3,66,72.9,48.3,40,73,83.5,58.3,71,49.9,76.4,71,56.4,45.9,78.2,57.1,69.2,137,120,51.3,69.4,50.1,35.1,41,64,51.9,81,66.6,61.2,86.2,93.1,57,104.8,73.3,46.3,73.8,47,45.7,74.6,50,71.7,66.6,58.6,59.8,56.7,50.1,82,43,74.7,65,59.9,54,46.4,33.9,47.5,45.6,24.9,33.3,31,8,42.8,69.7,44,51.9,77.1,61.7,77.8,87.9,87.4,74.5,53.3,69.3,63,45,58,51.6,42.2,46.6,33.5,40.9,45.6,65.1,71.5,69.4,70,75.5,81.5,72.1,65.3,81.5,39.5,55.5,32.5,42.8,28.3,54.6,55.3,56.1,57.7,55.8,70.6,45.1,56.5,71.5,52.9,85.8,77.9,70.1,51.6,84.5,102.2,83.8,79.7,95.4,89.1,68.3,46,60,76,111,75,60,63,47.6,45,76.2,40,7,4.2,15,6,20.5,0,0,0,5,68,0,11,0,0,23,6,17,7,4,5
1992-11-01,46.1,112,85.4,41.3,190,72.6,173.5,31,87.4,97.1,148.2,60,126.6,65.7,112.6,83,22,97.3,135,99,53,143,87.1,120,107.5,79.7,76,166,109,137.3,94.4,132.2,205,96,96.2,95.6,142,137.2,135,92.4,230,123.2,112.2,124.3,88.8,72,41,190,110,121.6,135,121,81,134,106,114.1,99,65,116.4,103,115,109.7,104.9,174,135,151,95,95.2,106.5,100.2,86.9,71.8,21.5,88.7,62,52,80.1,155,110.7,81.2,104.4,92,93.6,103.5,97.9,92.7,123,104.1,148.8,123.8,96.2,129.5,100.1,38,39.5,63.7,43.8,69.9,49.8,57.7,97,53.5,48.7,53.4,62,79.8,58.8,133.3,138,145.3,88.6,116.7,70,119.8,123.8,131.7,154,174,98.6,138.4,142,99.2,118.9,106.4,82.4,90.5,79.6,80.4,92,27.5,72,45.7,36,102.7,83.5,21.5,70.3,80.2,78,88,112.7,90.7,112.8,73.3,73,60,62,155,71,121.8,147.5,53.5,25,81,105.2,97.9,88.4,29.9,7.6,107,63,89.9,147.2,104,140.5,101,95,70,43,102,97,102,99,131.6,194,148,71.5,116,101,137,71.5,124.5,88.5,64.3,212.3,195.6,136,165,146,156,96.3,103,103,109,65,100,177,133,123,121,67,49.6,90,119.1,60.6,83,113,85.2,113.7,65,75,126.6,90.9,123,118,117.3,184,74.7,67,62,116,119.5,83.2,96,150.6,90,104.5,82.2,178,192,149.3,122.6,107.5,122.3,163.1,135,96.7,86,129.6,121.3,123.5,140,177,105.2,142.3,96.1,75,91.1,121.3,101,142,99.9,126.8,86.6,166.8,147,130.4,141.6,116.5,374,83.1,101,136.5,86,116.2,124.6,86.8,122.4,120.4,117.8,163.3,164,122.7,145.5,141.2,103,108.3,100.7,123,126.8,96.1,97.3,127.2,101,109.5,119.9,105.3,116.1,157.9,106.1,134.7,112.5,151.7,113.9,144.8,143,145,105,222,126.3,85.4,114.6,105.4,94.7,94.9,138.9,134.8,129.8,116.5,137.2,130.3,135.1,126.6,139,97.8,132.9,126.2,112.3,74.4,180.7,86.4,120.3,112.9,125,118.5,98.8,93.9,124.8,113,136.4,134.7,123.9,107.3,147.2,166.6,155.7,133.4,157.1,155,148.1,96,115,141,90,91,113,110,72.7,101,130.7,74,144,144.7,100,123,113.8,118,81,159,99,353,108,125,186,225,158,129,92,157,111,109
1992-12-01,141.9,100.2,79.7,148.8,396,187.7,404,73,160.3,129.7,217.8,98,220.5,108.3,169.6,153.5,177,119.2,180,150,68,202.2,153.9,190,156.3,167.3,294,330,242,181.2,151.7,172.2,360,136.8,152.2,142.4,268,225.1,20,102.8,317,150.5,155.5,182.9,152.9,110,107,209,120,171.2,202,225,183,217.9,149,206.4,62,309,186.4,117,167,168.4,180,128,88,145,5,135.4,101.2,149.8,124.1,149.9,49,61.1,162,76,122.8,139,181.2,143.4,183.2,98,152,156.2,171.1,156,138,94,121.5,163.9,186.9,173.2,146.9,173,137,138,83.3,126,91.6,84.8,114,104.7,114.3,88.2,52,53.5,97.4,189.5,239,200.8,122,200.2,165,242.2,185.6,180.9,204,166,162.9,200.6,193,196.4,150.1,161.3,127,102,122.9,114.1,180,56.5,130.8,102.9,38.5,133.4,149.6,135,150,111.8,138.8,66,205.1,172.6,147.7,115.2,82,104,109,173,125,256,277.3,104,126,183,187.8,142.9,160.2,51.1,43.9,88,52,148.7,239.3,268,126,179,293,154,209,110,256,247.5,179,185.9,174,126,236.5,104,179,211,236.5,306.4,196.9,219.6,251.3,278.5,197.9,225,126,146,167.2,188,255,157,181,185,248.1,124,175,150,98,80.8,146,149.5,109.9,170,172.8,132.5,168.3,226,209,193.6,107,185.5,182,185.8,237,135.2,191,117,167,189.4,148,316,248.6,95,162,155.8,440,295,234,203.3,206.2,186.8,284.4,284,182.9,162.8,209.5,215,190.4,240,288,154.6,210.3,105.3,141.3,154,205.6,162.2,263,208.3,191.2,130.6,195.7,132,209.6,210.6,200.6,305,140.2,260,230.2,242,204.7,235.1,188.8,188.2,179.5,204.6,192.4,225,168.5,206,182.8,94,141.8,159.6,169.6,155.1,173.3,176.1,187.7,178,161,198.4,156.4,150.2,232.4,156.1,181.4,182.1,234.3,197.8,230.5,216.2,223,235,356,164.5,115.7,173.9,155.4,154.8,154.7,194,166.8,184.7,176.6,179.2,149.3,182.9,228.7,193.8,187.7,208,240,188.5,116.2,223.2,159.8,191.5,182.7,168.3,172.7,128,116.7,182.5,218.8,152.7,200.8,168.1,162.6,258.7,327.4,274.3,252.1,304.1,283,202.3,120,205,234,126,125,178.3,142,99,163,199.8,211,207.3,233.1,152,225,196,228,213,219,190,402,439,188,159.5,248,256,334,279,247.5,210,175
1993-01-01,120.2,198.5,155.9,208.6,136,159.4,109,131,156.3,102.6,137.4,111,163.8,39,139.3,154.5,33,131.9,152,191,135,172.3,164.2,93,157.8,172.2,96,90,119,158.2,145.8,167.1,173,145.7,155.2,164.2,110,171.8,67,95,90,143.2,138.7,159.8,119.4,142,90,91,187,156,170,109,205,137.2,338,187.4,98,75,171,209,114,138.6,153,65,221,104,149,120,47.5,48.4,126.2,130.4,81,125.2,202,314,116.3,226,33,175,203.3,140,158.1,179,173.2,187.9,199,266,256.7,219,160.3,218.7,177.2,202,70,212,128,47,86.6,85,87,108,113.9,83.7,121.5,115,99.3,177,137,242.5,241,318,104,263.6,222.2,174.1,246,268,168.3,197.1,189,196.8,157,163.2,157,164.1,227,129.8,159,96,106,97.1,117,162.7,163.3,215.5,138.5,30,140.3,90,175.5,165.4,151.9,134,166,111,93,238,109,200.4,210.9,94.5,11,205,188.6,96,169.2,48.7,53.3,104.5,88,151.8,208.5,70,164,126,168,137,129,144,58,192,242,175.4,198,97,71.9,126,126,116,71.9,84.4,111.2,176.9,75.1,100.6,178.4,220,97,38,122.3,177,115,170,210,189,150.9,130,152,125,211,75.8,115,138.9,85.9,174,139.8,114.2,141.3,127,132,138.1,122,146.8,86,137.4,62,102.5,137,306,71,128.9,100,74,179.8,178,121.8,116.8,187.5,170,166.3,146,130.8,142.1,168.9,84,142.3,123.5,145.3,144.8,131.6,119,81,121.2,166.4,112.1,93.8,102.6,117.8,124.4,98,118.1,169.8,95.5,164.4,70,188.3,167.2,147,121,113.5,51,135,75,157.5,126,111.1,161.3,139.6,142.9,185.6,220,154,186,175.8,159,138.5,138.9,166.7,166.1,132.1,185.4,164.8,126,169.2,143.5,125.9,146.2,202.7,130.6,149.2,139.7,164,146.2,126.6,159,38,47,229,137.4,99.3,125.1,116.1,109.5,103.7,149.2,134.3,140.4,154.4,154.4,141.5,142.6,130.1,150.5,125.3,178.9,196.8,134.4,100.1,187.9,106.3,157.8,165.2,158.3,133.5,108.8,110.2,170,183.3,146.2,182.1,150.3,126.6,232.1,227.3,182,194.4,214.6,217.4,153.7,129,192,95,116,170,55,141.6,131,55,147.1,100,207,136.6,218,227,185,177,325,159,157,240,151,124,46,61,131,76,134,75,175,122
1993-02-01,42,66.5,41.6,45.4,31,24.4,50,15,73.3,64.1,56.9,21,61.1,27,90.5,65.7,67.1,66.5,36,24,51,80.8,78.1,41,64.4,66.4,56,30,45,71.1,68.5,68.3,74,75.7,71.2,72.6,72,66.4,32,0,90,78.1,75.3,65.1,49.1,132,94,51,33,68.1,42,76,52,70.6,53,55.6,16,85,64.2,67,36,67.2,72.8,30,36,15,52,74.9,134.9,125.9,94.6,54.8,48,55.1,21,30,75.4,75,70.3,60.5,73.4,62,68,91.6,79.5,70.7,33,87,57,81,70.4,93.1,86.2,62,51,200,52,100,44.5,43.6,57,56,54.6,37.4,39.5,46.5,44.1,96.9,116,98.1,138,258,214,95.9,82.3,76,24,43,89.4,92.5,172,96.2,67,82.5,56.1,74.5,97,54.9,55.9,115.5,73,47.7,55.7,73.4,64.7,44.5,56.9,60,51.7,233,91.3,73.3,75.9,62.4,67,112,21,93,45,77.8,83.9,64.5,75.7,52,80.3,50,58.8,23.1,14.5,40,40,69,119.2,150,74,26,123,160,146,44,61,48,106,82.9,68,99,68.5,83,26,86,68.5,62,49.5,97.9,73.6,101.1,90.9,76,99,95,76,125,53,45,26,73,69,97,57,202,118,64.4,140,75.3,64.6,116,75.7,73.2,66.2,100,84,87.8,87,72.7,51,75.9,47,65.8,103,143,153,68.4,110,108,110.9,100,82.2,70.9,132,57,98.2,83.5,77.4,59.8,90.8,52,85.4,59.1,79.7,75.7,69.1,51,77,55.7,75.8,93.4,71.1,82.7,70.2,82.3,53,60.1,65.6,80.7,64.5,66,113.2,92.4,70.7,40,54.6,32,58,70,73.9,69,66.5,63.9,75.3,78,103.1,76,74.7,79,82.2,57,65,75.8,67,70.6,69.2,73.4,64.2,26,60.3,72.8,60.8,61.3,73.6,80.2,71.4,66.6,63.5,76.5,66.6,78.9,43,50,67,76.3,49.7,54,73.1,52.6,65.7,72.8,87.1,68.4,69.2,80.1,82.4,76,91.7,65,74.3,70.2,61.3,69.9,47.4,75.6,57.1,65.3,66.3,81.1,75.8,61.7,69.7,81.4,66.3,70.2,88.7,62.5,69.4,109.8,136.1,119.8,121.7,134.5,124,101,78,60,92,80.7,46,95,85,61,84,60.7,39,27.5,98.2,39,45,21,27,12,31,61,23,100,106,60,22,17,36,45,47,83,68
1993-03-01,90.1,112.4,45.7,63.6,91,49.5,32,81,73.3,64.8,65.2,73,78,66,85.7,73.1,79.7,66.8,87,48,26,100.6,96.7,100,66.4,70.7,79,30,75,82.4,62,84.5,56,74.5,72.5,82.9,122,75.2,35,0,45,88.1,85.8,75,49.9,62,12,10,80,82.5,73,69,95,80.5,70,80.7,62,30,86.9,140,55,72.6,94.3,82,115,80,5,73.5,106.6,183.7,94.7,65.2,12,65.6,68,60,76.2,120,70.7,57.7,69.2,77,75.3,10,87.1,75,33,74.3,40.5,122,61.2,96.1,82.8,183,53,55.6,45.2,146,41.1,53,84,60.9,46.8,39.2,25.5,48,47.5,94.2,96,94.9,117,54,119,100.7,93.9,81.9,62,59,97,101,78,104,70,83.7,53.2,70.1,60,52.9,51.7,83,16,49.3,52.1,81,71.2,36.5,47.5,58,54.9,79.6,82.8,78.1,76.9,61.6,52,33,66,269,185,88.4,107.5,27.5,81.6,95,82.9,27,84.3,24.9,14.2,91,49,65,130.8,141,95,68,140,64,137,96,73,150,79,91.7,94,196,56.5,102,68,92,56.5,73.7,39.5,23.9,51.4,60.3,101.6,176,106,66,87.5,102,85,163,52.1,130,88.7,65,46,56,100,63.9,18,62.8,59.9,28,77.1,76.9,70.8,43,50,86.7,79,77.9,162,80,133,65.5,102,132,108,71.1,41,77,109.4,84,84.8,83.1,246,134,111.2,109.5,92.8,78.6,102,92,82.6,58.1,95.3,94.1,91.9,92,85,75.3,95.4,97.2,80.7,97.2,79.5,101.2,59,67.7,84.6,91.4,74.2,64,124.2,119.1,97.1,0,73.8,61,78,66,90.2,82.1,70.9,71.8,88.1,96.4,131,176,98.4,99.2,76.3,144,79.3,87.1,87.8,65.3,67.5,59.3,55.9,68,52.4,98.3,82.9,73.1,82.7,91.8,87.8,82.4,84.2,79.9,95.3,87.1,82,92,118,74.2,53.5,57.6,68,56.9,63,71.3,91,75.1,80.5,89.3,87.4,84.3,82.5,92.1,71.8,75.1,57.2,75.9,39.8,91.2,57.6,82,72.5,95.7,77,63,66.5,87,74.6,85.5,100.9,80.4,78.2,127,136.2,121.6,121.8,137.2,137.1,114.6,97,103.8,104.5,83.1,81.6,113.2,102.5,65.6,70.3,83.9,40,115,141.8,27,27,28,0,36,18,17,0,31,64,36,52,20,17,38,62.5,171,168
1993-04-01,0,0,0,0.3,107,63,58,158,53.9,40.4,84.7,83,83.2,66,74.5,56.5,75,45.5,77,57,63,67.1,43.8,115,44.7,59.8,91,53,43,97.6,53.8,86.8,68,55.9,50.4,46,121,69.6,123,127,110,65.6,65.6,64.5,54.2,20,42,60,106,67.9,44,30,90,79.6,48,71.2,51,82,92.3,150,170,49.6,61.6,113,38,135,82,37.1,19.6,28.5,52.4,13.6,9,9,19.8,55.8,33.5,52,58.9,42.4,45.9,44.3,47.1,52.4,50.4,49.5,45,41.6,24,63,46.9,63.1,71.3,33,3,76,23.4,0,24.9,25.5,7,15,28.1,26.9,2,6,27.2,67.1,56,73.3,52,50,100,69.5,58,63.7,43,61,64.5,62.3,59.3,72.1,43.4,65,41.9,48.4,25,44.6,33.2,63,1,23.1,27.6,56,42.7,64,44.1,63,42.5,18,65.7,45.5,46.7,27.8,23,27,28,40,17,56.9,78.1,15,47.4,90,56.5,32,52.2,25.7,6.8,28.9,24.5,55.6,64.5,153,27.5,58,73,27,53,55,116,46.5,145,77.3,23,41,60,47,58,7,60,96.2,16.5,55.2,79.3,101.6,56.9,44,41,35,52.9,28,27,50,99,30,104.9,71,47,78,40,37.5,37,58.8,36.8,37,47.8,40.6,56,27,51,59,32,53.2,46,55.2,34,43,65,0,114,62,120,80,79.3,2,57.7,38,106,29,85,54.4,69.9,46.2,84.2,91,45.6,43.4,60.8,56.1,63.3,21,93,62.5,66.7,79.1,29.3,30.9,57.4,37.7,85,56.7,62,80.2,99.9,0,81.7,56.4,46.2,0,35.6,38,94.8,30,56,66.6,45,61.7,52,57.2,74.2,44,66.7,60.4,75.7,26,42.1,40.9,50.6,87,45.8,59,66.3,70,74.4,79,52.2,60.2,109.3,60.6,79,81.1,98.2,58.2,74.2,89,80,90,82,59.8,47.5,48.6,46.6,45.9,55.5,60.9,72.9,62.2,67.1,73.2,81.3,66.3,86,88.1,55,56.7,43,60.1,37,65.4,63.5,58.1,57.2,59.6,66.6,43.2,59.8,81.8,60.2,88.8,85,73.7,50.7,86.5,80.7,75.6,78.1,88.2,74.4,71.4,47,26,48,25,52,57,57,40,63,61.1,16,58,78.5,61,64,62,0,61,40,49,60,118,88,63,55,23,18,105,48,104,71
1993-05-01,2,0,0,0.3,20,5.3,11,2,12.6,11.5,22.2,32,28.5,4,24.6,13.3,21.5,19.2,68,0,4,28.7,12.5,17,11.4,7.6,15,0,5,26.2,13.3,28.1,33,20,12.6,11,42,24.6,0,0,35,21.1,25.5,29.1,18.6,0,0,24,0,27.4,0,2,0,30.8,39,27.8,12,0,32,7,130,13.7,28.9,0,0,20,0,6.2,18.9,56.4,43.8,17,8,6.9,0,24.6,14.1,30,14.8,31.2,19.3,24,19,13.4,23.1,17.4,14,21.8,21.9,40,25.1,27.5,27.1,21,5,50,12.5,14,14.7,12,12,11,11,16.8,6.5,9.6,12.6,21.5,23,32.5,15,78,4,21.9,20.7,17.9,21,15,24.9,23,19.7,42.6,16.2,29.9,23.1,17,6,18.8,16.2,62,13,9.5,13,21.6,26.9,2,24.3,29.9,22.2,17.7,23.8,12.7,32.1,9.9,11,29,22,47,19.7,33.3,45.7,10.5,19.5,19.2,19,29,20.4,16.1,7.9,9.5,12.7,18.7,31.9,6.5,32.5,80,27,49,37,40,22,41,13,64.1,69,48,28.1,51,80,3,28.1,94,29.2,21,25.8,48.4,47.8,35,48,55,13.2,18,14,76,110,38,64.5,16,21,38,22,14,3,15.6,10.4,26,12.7,9.8,19.6,28,5,16.3,6,17.6,7,18.4,23,9.9,13,0,18,15.8,6,11,26.5,0,16.3,11,28.7,23,34.7,27,27,16.5,34.1,34,15.1,15.9,25.3,26.4,24.4,10,37,27.6,29.3,30.3,14.2,14.5,21.9,19.7,34,18.6,27.1,52.6,57.3,36,26.2,35.5,18.6,0,18.9,13,51,54,29.6,47.7,24.4,34.9,31.1,28.6,42.9,35,46,50.2,71.9,40,43.2,38,58.6,55.6,48.4,48.2,62.7,80,59.6,49.6,12.5,51.6,74.5,56.4,46.4,35.8,47.1,36.1,28.8,70.8,19,15,47,30.1,32.7,37.2,17.2,34.1,33.2,35.3,30,38.7,45.1,46.8,44.6,34.9,38.7,43.9,32.5,26,35,25.5,27,22.1,51,36.7,39.6,46.9,47,39.1,58.8,58.5,36.2,53.4,48.5,51.6,37.4,28.7,45.1,35.2,31.2,42.3,39.2,34.6,29,20,25,15,18,32,17,13.3,10,34.4,38,8,29,77,16,8,0,95,73,54,12,64,76,65,41,94,28,97,17.5,87,55
1993-06-01,0,0,0,0,0,0.3,0,0,4.9,4.9,11,1,7.8,0,12.4,5.8,6.3,4.7,0,0,0,13.5,10.8,0,9.1,6.3,1,0,0,13.7,8.2,6.9,0,13.6,8.7,6.7,0,4.5,15,0,0,9.9,9.9,10.7,6.4,0,0,0,0,10.1,0,0,0,12.8,0,11.1,0,0,8.3,0,0,5.5,12.1,0,0,0,0,4.6,5,4.3,21.8,0.3,20,0,14.1,38,18.7,21.3,13.5,15.1,13.6,19.1,14.7,15.7,14.7,10.2,17,16.2,20.4,16.3,11.4,18.1,17.5,10,6.5,21.9,14.5,12.7,12.6,13.5,12,20.5,13.4,8.9,1,2.4,11.9,16.1,22,21.3,5,15,60,16,10.6,16.1,16.1,14.5,24.4,18.4,16.6,26.3,6.1,26,9.6,9.1,7.6,13,14.4,19,16.1,5.8,8.8,11,16,10,23.9,19.8,12,9.8,13.5,6.4,33.8,10,10.4,10.7,19,27,11.8,21.3,35.5,10.7,9,16.6,8.9,10,12.4,16.6,14.3,10,8.5,15.5,0,7.4,0,8,0,0,0,0,0,0,12.9,11.2,0,3,1,10,8,0,1,0.3,9.2,0.3,0,0.3,11.6,35,3,0,5.4,0,0,4,30,0,11.3,14,10,20,0,7.4,0,9.4,9.3,0,4.2,3.7,5.9,0,10,2.3,1.2,2.5,1,5.6,4,3.4,5,0,9,4.8,0,0,7.3,0,6.8,3.9,11,0,10.8,7.8,4.8,7.3,17.4,0,5.8,9.9,3.2,3.3,13.4,0,0,4.6,8.8,25.8,6.8,3.8,3.9,7.4,0,3.1,6.5,24.7,14.8,0,11.6,6.9,5.3,3,4.5,0,12.5,0,10,11.4,5.3,7.2,7.9,6.1,9.2,0,10.3,13,12.3,0,8.7,10.3,16.1,9.8,13.4,12.4,13.1,8,19.6,16.5,9.2,11.6,24.5,13.9,19.1,6.3,16.1,13.4,10.7,19.8,0,0,8,12.4,13.8,15.6,9.6,15.7,13.6,18.6,16.3,10.6,10.5,13.6,14.2,10.8,12.8,19.1,15.5,10.1,14.1,11.7,10,7.4,19.2,10.5,9.4,14.3,11.7,13.8,10.7,14.2,15.8,15.9,22.8,23.3,16.9,0,0,0,0,0,0,0,0,0,0,0,0,0,0,0,0,7.5,0,5,27.8,22,5,17,0,0,30,14,0,0,14,7,0,10,0,19,5,25,21
1993-07-01,2,2,0,0,8,0,0,0,6.5,4.2,16.1,0,14,0,14.4,9.3,3,5.5,5,0,0,15.1,9,0,7.4,6.3,6,0,0,18.4,9.1,15.5,0,18.6,12.8,6.3,10,3.3,10,0,6,10.6,12.9,12.2,6.7,0,0,4,0,13.9,0,3,0,15.4,0,17.1,0,0,9.4,1,0,15.5,18.9,0,5,0,0,3.5,0,0,14.8,4.6,0,1.2,16.2,19.1,21.1,22.9,12.9,12.6,11,16.8,22,13.4,10.7,8.8,10.8,11.7,16.7,14.9,13.8,15.7,16,7.2,5.5,21.5,8.9,15.4,13.7,11.8,7,24,12,13.5,1,0.5,13.5,15.3,7,20.2,8,21.3,30,13.4,7.6,11.2,12.1,11.2,28.5,11.5,16.4,23.6,7.9,26.8,10.8,10.3,7.6,13.5,15.9,24,19.8,5.1,11.8,14.8,22.5,8.7,23.1,16.1,12.9,15.4,15.8,12.1,33.3,10.4,3,12.5,2,18,13.4,23.7,30.2,13,11.7,18.2,13.8,16.4,14.9,19.3,12.3,5,10,15.5,0,8,0,1,0,0,1,0,0,1.5,13.1,6.6,9,0,2,0,1,2,2,1.9,7.8,2.2,1.9,4,8.8,0,0,0,4.2,0,0,7,0,0,10.2,0,0,0,0,10.7,3,7.8,12.5,0,3.2,3.1,12.2,10,9.6,5,4.5,4.2,0,5.9,0,3.7,6.1,0,6.6,4.9,0,0,8.4,2,5.9,4.4,11.5,6,10.3,9.4,4.8,9.1,6.2,5,9.8,5.5,7.8,1.4,7,0,0,5.9,5.8,32.4,6.3,5.2,6,11.5,0,6.7,4,43,11.9,0,14.1,12,8.9,3,7.8,3.9,8.7,6,9.5,2.9,4,4.7,5.6,8.8,8.8,0,10.5,5.1,4,11,5.7,7.7,7.9,2.5,5.9,3.5,6.3,1,11,10.5,6.4,7.9,10.9,6,9.6,4.5,8.4,10.2,6.2,11.2,0,0,0,6.8,4.6,8.9,6,8.3,9.4,9.3,9.8,6.6,8.2,7.7,10.8,9.1,9.7,15.7,10.2,5.6,10.6,7.1,7.4,8.1,16.7,8.7,6.5,17.5,8.3,12.9,5.6,10,9.8,9.8,15.9,14.2,12.8,0,0,0,0,0,0,0,7,36,5,2,2,17,4,1,1,9.5,0,0,4.6,0,0,0,0,0,0,0,0,0,0,0,0,0,0,0,0,0,3
1993-08-01,0,3,0,0,0,2.1,0,0,6.2,4.3,8.1,0,8.6,0,10.1,5.4,9.2,4.4,5,0,0,9.2,5.6,0,8.9,5.5,2,0,0,13.2,5.4,8.5,0,12.6,6.1,5.5,13,6.4,66,0,0,7,6.2,9.2,6.6,0,0,0,0,11.6,0,0,0,15.2,0,13.8,0,0,7.6,0,0,4.2,11.6,0,0,0,0,1.9,11.4,16,20.7,6.5,0,0,11.7,23.2,14.8,19.3,8.6,14.7,9,12.2,13.1,14.9,8.4,9.4,12.2,16.9,16.3,13.1,12.8,17.9,14.1,8.1,6.1,34,13.8,9,10.2,8.5,2,20.9,7.5,12,4.4,5.8,9.4,10,19.5,14.7,12,5,40,12.6,9,12.4,11.2,12.6,23.2,10.5,16.3,21.4,5.6,17.1,11.4,9,8,12.3,12.2,23.7,18.1,6.1,6.8,10.3,11.6,9.2,20.5,20.2,13.4,10.6,11.7,11.5,33.3,7.1,9.9,9.3,9,13.7,11.8,17.8,33.6,9.6,8.7,16.5,6.5,8.1,8.2,17,15.4,3,7.7,16.7,0,6.1,25,22,8,34,25,22,0,0,7.9,21.7,32,30,3.5,29,22,2,3.5,0.5,18.9,0,0,0,18.7,19,30,21,6,0,0,25,28,20,16.4,21,27,30,12,5.6,0,5.2,5.9,0,7.6,6.8,4.3,4.3,6.8,4.2,3.5,3.6,0,4.3,1,6,8.3,0,9.9,4.2,0,0,10,6,5.5,7,10.8,0,18.3,10.4,4,8.4,10.3,2,5.8,9.9,5.8,6.5,7.9,0,0,4.4,10.7,26.4,8.8,8.4,4.6,6.3,0,3.4,7.2,29.4,8.1,0,9.4,7,12.4,20,8.8,8.1,9.8,41,13,9,8.3,9.8,10,14,20.6,34,24.3,23.1,28.3,17,21.4,18.4,25.5,27.4,26.5,22,25.8,22,26.9,25.2,6.8,20,34.1,18.7,22.3,8.6,13.6,14.4,12.7,34.8,0,0,0,11,14.2,23,10.3,16,16.4,13.6,12.5,16.6,19,18,14.5,15.3,16.7,16.7,19.4,9.9,16,10.1,12.7,7.5,24.9,18.4,13.1,17.8,13.8,15.4,15,16.1,17.1,20.4,21.4,30.7,17.3,18.5,0,16.6,0,0,13.3,11.3,0,0,1,0,0,0,1,0,0,6.9,0,11,1.6,27,35,27,29,27,20,25,10,30,33,5,4,10,19,10,15,0,0
1993-09-01,10.5,8.6,18.1,0.5,0,5.9,7,0,5.8,7.2,14.7,20,10.8,7,12.3,6.9,8.9,7.9,11,15,0,12.9,9.3,0,8.8,7.8,3,0,7,17.4,10.1,14.4,28,9.2,5.6,8.3,10,10.1,23,93,15,10,9.9,15.5,9.7,0,0,16,0,11.9,6,0,5,12.9,5,13.1,25,0,13,6,0,9.4,14.1,5,0,0,0,4.7,3.6,26.1,34.9,19.9,4.1,4.7,10.5,21.4,15.8,15,13.1,13.5,11.3,15.5,16.6,17,11.8,9.9,12.5,20.4,13.7,17,17.1,18.1,14.9,10.3,10,20.8,16.1,7,13,7.6,5,14.8,12.5,9,3.3,5.1,10,13.9,24,19,16,28,40,12.4,14.5,13.9,5,11.2,26,13.5,22,23.9,9,17.4,16.1,12,7.6,16,11.5,38,28.1,6.7,8.9,12.1,14.8,6,26,21.1,13,14.2,12.1,8.5,37.5,7.5,6,12,6,25,19,19.5,31.3,8,11.2,5,7.2,13.9,10.8,13.5,6.2,12,10,18.5,37,43,51,53,24,22,16,42,9,18,20.9,34.4,42,17,16,38,53,8,16,28.1,11,13.5,22.6,32.3,33.4,18,17,8,14.2,3,26,25,108,67,37.4,11,32,27,24,6.5,16,9.5,10,16,10.4,7.4,12.2,10.4,11.9,13.7,7.5,14.8,16,13.9,10,10.3,11.7,3,15.3,14.1,5,19,20.9,76,12.9,11.2,17.9,0,26.9,23.1,11.2,13.3,29.6,12,15.3,11.4,16.5,16,18.1,25,17,20.6,20.9,25.7,10.9,14.6,17.7,14,28,10.3,20.1,37.9,16.1,6,31.2,25.3,18.5,30,18.9,12.9,23.7,15,22.8,21.5,16.6,20.5,16.9,19.9,32.5,18,35.4,34.6,36.7,38,29,29.4,35.9,36.1,32,28,39.6,53,40.9,31.8,10.3,24.9,42.5,23,26.8,18.6,23.5,23.4,23.9,43.1,9,10,17,20.3,26.2,30.5,18.2,21.2,19.8,19.2,18.2,17.9,26.7,31.3,22.5,16.4,27.9,23.3,23.2,15.7,20.8,21.4,23.1,16.6,37.4,19.3,20.2,30,24.7,28.1,39.1,30.9,21.6,28.7,32.2,37.8,25.3,34,62,54,46,30,51,31,8,14,17,16,12,21,28,15,14,21.8,2,36.5,19.6,60,85,63,0,33,0,80,0,32,32,17,54,27,0,71,15,20,16
1993-10-01,0.1,10,1.4,20.9,212,18.3,104,147,44.5,38.1,116.3,60,104.7,47,64.4,49.8,53,40.3,151,23,45,62.7,45.5,163,42.1,47.8,132,59,29,111.9,46,123,137,58.5,49.6,40.5,171,95,71,93,141,57.6,63,63.5,65.3,23,60,80,52,89.5,155,140,28,107.4,15,88.9,41,59,109.8,29,44,47.3,52.6,15,25,104,46,31.6,69.2,56.4,57.5,16.3,37,26.7,26.3,36,40.3,50,62,51.6,54,44.1,47.9,67.6,51.8,50.7,56.5,56.8,60.6,129,53.9,61.1,62.5,46.4,35,48.5,28.8,22,21.8,34,22,36.1,28.7,31.1,18,26.5,31.8,69.9,39,92.3,37.5,29,30,76.3,68.9,62.1,29,59.3,52.9,69.6,55,57.7,43.7,67.9,45.1,53.9,34,41.6,30.8,52,45.5,28.8,33.1,56.9,43.7,29.5,38.7,32.7,42.4,111,60.8,42,44.7,33.4,35,35,4,70,40,66.3,87.9,26.4,43,28,51.3,48.3,44.9,28.4,6.6,54,25,62.3,40,20,63,162,60,69,154,95,117,43,71.1,116.3,131,135,27,112,162,32,27,34,57.8,173.3,26.7,29,91,133,144,98,49.6,21,39,141,117,83,163.2,168,113,205,91,29.9,105,89.6,49.6,112,96.7,62.7,87.9,84,74.4,78.7,67.6,88.3,105,86.7,116,42.9,61.5,85,81.2,79.9,28,32,82.5,17,42.1,46,88.6,160,85.8,60.3,59.2,64.5,81,112,49.8,45.3,60.9,54.8,73.8,29,16,94,85.8,67,27,38.1,62,50.7,43,60.6,61,74.4,124,15,88.9,81.8,57.7,39,46,58.7,108.9,93,74.6,104.5,56.4,89.9,93.9,90.2,122.1,132,96.4,117.1,112,146,100.2,96,114.2,122.8,107.6,108.6,120.5,162,107.6,92.8,82.5,93.8,149.2,101.6,114.2,96.4,176.9,69.2,108.5,132.3,69,55,188,83.6,62.2,78.7,63.4,70.4,81.4,84.3,80.5,85.9,93.7,88.9,101.1,87.8,101.7,143.7,68.7,82.6,88.3,93.4,58.3,109.4,80.7,89.8,70.9,93.7,73.6,78.6,90.6,111,65.4,120,104.9,107.9,92,103,79,72,60,64,62,48,38,31,54,45,42,41,46,29,34,79.9,54,54.5,42.6,94,84,83,56,66,0,72,68,73,60,60,35,66,0,53,58.5,57,63
1993-11-01,8.6,28.5,8.7,69.9,68,42.6,105,72,54.9,39.7,99.1,20,78,35,72.5,49.5,25,36.1,256,35,15,82,50.6,223,45,60.4,59,32,85,94.7,50.9,83.4,61,48.2,46.7,39.3,80,73,197,25,86,48.9,58.2,54,59.1,105,20,71,44,69.2,94,53,28,83.8,77,68.5,3,65,72.6,82,172,41,51.9,51,48,2,56,39.4,137.4,134.8,84.1,35.8,6.5,26.4,25,15,6,10,30,43,56.1,40.1,47.1,78.4,59,45.7,20,52.4,55,12,40.2,56.1,55.3,52.2,38,52.6,42.2,29,26.5,24,11.5,36.3,24,35.9,11.5,18.5,36.4,67.6,17,64,35,63.1,60,63.2,62.8,60.3,30,28,12,60.7,61.3,71.2,41.6,66.7,40.3,48.3,36,47.8,69,93,98.5,39,66,74.5,6,41,30.5,10,42,57.5,62.4,42.6,49.1,37.4,24,27,29,30,29,71,79.9,16.5,60.3,28,61.2,46.6,46.1,31.6,12.5,37.5,23,62.6,369,181,253,86,243,266,239,117,236,280,137.7,173.8,219,169,229.5,315,86,294,229.5,183.1,210,123.5,184.9,191.2,163.5,260,109,188,161.3,77,244,191,208,224,181.6,92,153,119,90,53.6,138,108,67,106,120.2,90.5,96.8,118,132.2,128.3,133.1,132.7,138,120.4,82,105.8,152.2,55,188.7,169.9,91,104,215.2,44,134.3,121.5,194.3,172,206.8,182.5,192.6,170.8,225.3,148,159.7,112.7,212,172.4,192.8,110,183,148,182.5,76.7,127.1,177.4,182.1,94,166,178,181.6,131.6,192.9,186,203.7,216.9,156.7,160,120.1,156.5,157.7,74,189,185.1,135.7,201.6,191.7,182.2,198.3,260,190.4,195.7,176.9,200,156.8,136.1,171.2,147.6,118,148,135.5,86,148.9,161.3,113.2,159.9,197.1,180.4,176.6,149.2,190.9,167.1,169.5,175.4,205,195,162,135.1,95.3,130.8,116.9,121.3,111.3,166.2,147.2,149.8,146,173.7,139.9,144.4,156.6,157.2,133,139.2,146.5,161.6,101.4,204.5,126.4,166.4,164.1,167.6,150.7,112.6,123.1,159.5,143.1,133.7,185.3,153,151.1,185,372,370,362,328,395,336,174,167,167,180,176,158,180,163,118,179.2,256,108,149.8,134,91,70,74,93,0,84,211,193,171,186,89,128,0,148,83.5,115,134
1993-12-01,9,42.3,135.9,106.1,50,68.7,184,73,73.7,57.2,84.1,55,87.2,82,78.3,66.4,79.1,52.7,62,14,13,89.7,74.5,111,56.9,63.7,45,100,66,86.6,60.2,90.5,56,63.7,70.6,47.6,49,79.8,94,107,140,54.2,74.2,71.7,63.1,265,166,149,55,75,101,40,51.7,95,78,76,107,132,84,60,93,40.1,65.6,98,14,148,27,57,26.4,32.6,92.8,31.5,39,41.3,22,64.3,38,50,52,51.6,39,27,66.2,97.3,69,66,47,71.8,152,44,1.4,75.2,67.3,70.9,31,103,17,102,29,38,62,53.1,41.7,40.7,74,77.5,44.7,77.5,77,98.6,55,60,150,62.5,76.8,71,67,31,94.3,70.5,74.4,70.4,64.1,73.5,50.1,72.3,29,49.5,73,72,56,40,105,90.1,52.6,102,127.5,52,52.2,62,76.8,55.8,75.6,47.7,37,28,37,63,34,41,95.3,26,66.3,65.1,71.1,80,47.8,26.3,11.1,48.5,58,65.6,190,139,90,72,104,106,179,76,112,96.5,124.9,114.3,77,111,139.5,63,72,174,139.5,86.5,91,189,127.1,181.9,137.7,166,111,155,138.5,199,98,103,97,93,134,52,55,84,28,55.4,173,123.8,81.7,198,141.8,104.2,124.4,141,148.1,138.9,112.9,144.1,173,135.3,156,101.2,129.8,85,151,137.5,130,176,181.4,143,141.2,108.9,162.1,84,166.6,167.1,122.5,133.7,158.2,116,138.6,89.1,141.6,78,140.4,103,138,104.2,149.7,84.1,96.7,107.2,116.5,119,104,124.3,130.6,94.2,140.5,136,167.6,155.3,128.3,144.8,81.2,106.5,126.7,80,115.6,125,106.2,116.7,126.1,132.1,163.6,166,125.3,120.6,130.2,54,84.4,78.1,81.5,85.5,74.2,84,71.6,72,83.7,121.3,120.4,119.1,143.5,107.5,152.8,120.5,126.8,126.2,136.3,143.2,97,125,123,113.6,71.1,121.1,104.2,98.5,97.8,135.7,130.3,138.8,124.1,136.7,126.7,133.5,125.8,145.4,105.4,107,104.7,143.6,90.8,181.7,81.7,120.2,137.4,109.3,120.3,85.8,73.3,124.3,124.7,125.7,139.9,121.9,87.1,108,282,259,220,174,189,176,182,175,189,125,123,111,110,101,97,131.5,119,31,75.5,38,49,52,25,44,0,47,70,6,6,33,0,12,0,38,48.5,20,48
1994-01-01,27.8,195,132.2,102.3,20,94.4,178,30,86.3,98.4,75.6,33,71.2,16,75,74.7,73,78.6,76,79,34,97.5,99.9,31,79,77.8,47,44,87,71.7,84.5,80.5,113,83.8,74.7,77.5,26,73.7,129,39,57,90.2,91.2,90.2,60.8,206,60,38,106,77.3,57,61,92,75.3,107,72.8,75,33,76.5,113,185,83.9,81.6,45,46,40,30,83.6,106.5,131.5,121,118.8,115,64.7,41,94.2,92,118,110,75.5,72,111,101,107.6,52.5,76,75,108.5,89.3,118,31,118,90,95.4,112.5,82.5,51,116,104,121,137.7,74.4,49.9,61.9,111,110,62.7,114.4,90,127,132,23,90,89,114.2,104,56,76,82,86.5,66,122.8,95.3,113,64.8,94.4,65.2,83,132,70,170,71,53,89,79,112,164,56,85,80.1,94.3,85.5,106.9,46,71,120,33,120,59,58,94.3,43,90.8,92,109.4,66,93.6,28.9,12.9,62,60,112,291,250,104,230,79,78,67,54,179,94,61,105.7,129,164,142,107,230,151,142,135.4,190.1,100.2,157.1,182.8,136.6,142,164,70,158.9,275,88,128,87,147,107.5,86,74,184,137,65.2,105,98,90.5,101,120.3,96.1,97.5,92,123.5,134.8,138.4,133.6,105,119.7,105,131.3,147.5,90,177.7,162.7,128,198,206.6,105,139.1,144.6,194.6,173,190,194.5,155.4,145.1,198.7,144,165.6,144.1,177.4,76,161.9,260,120,120.3,161.6,98.7,132,146.2,142.9,200,203,147.3,160.8,104,122.7,235,213.6,200.7,146.8,178,117.1,130.7,111.2,204,154.7,119.3,130.7,138.5,133.4,156.6,173.3,142,135.6,123.2,118.8,93,104.2,116,104,97.3,115.2,98,117,230.5,97.3,147.6,115.5,110.9,97.9,115.7,133.7,106,120.5,156.8,146.2,125.5,158,150,212,125.9,86.4,128.2,110.5,98.7,98.7,137,130.8,145.4,135.8,173.1,115.9,137.9,131.3,113.2,128.6,142.5,138.3,133,84.2,188.9,82.2,146.9,174,112.9,162.8,102.5,96.9,109.2,130.3,113.1,149.6,92.2,94.6,118,271,247,225,310,299,280,201,182,159.7,262,196,275,237,209,225,155.8,192,77,138.4,76,90,71,90,79,37,56,50,99,153,112,124,150,71,65,77.5,176,153
1994-02-01,109.5,98.5,117.6,93.8,136,113.9,102,92,136,115.8,123.2,40,134.6,57,137.3,135,129.7,119.1,146,126,35,158.7,127.8,111,131.7,125.2,35,153,74,145,130.4,133.2,116,133.1,100.1,125.7,108,127.5,7,20,120,129.1,137.4,146.5,73.6,138,2,43,148,124.2,101,45,118,126.9,124,140.3,68,47,149.2,181,76,134.4,127.9,125,158,72,28,111.6,65.9,44.5,129.9,94.4,149.8,87.8,116,158.2,132,139,122,178,179,171,110,144,180,156.5,133,59.5,174.4,165,149.2,139,153,142,97,97.7,45,102,92,65,100.1,96.3,82.4,85.2,118.5,111.2,84.6,177,244,210.9,223,127,80,217.7,199.1,137,143,132,222,170,261,189.7,115,230,134.9,150.1,173,229.5,127.7,192,78.5,230,136,221,128.2,187,199,188,89,139.5,167.3,150.6,146.1,158.5,130,139,141,189,149,161,174,139.5,126.8,118,147.4,40,141.2,28.6,20.4,168,104,134.7,151,191,31,51,70,58,51,19,69,38,163,92.1,71,88,64.5,101,51,73,64.5,80.4,60.1,120.3,99.1,87.2,125.8,185,84,43,118.9,128,21,86,74,28,89.3,36,42,57,55,55.4,113,111.2,92.3,92,139.4,108.5,123.8,118,131.1,125.1,117.5,128.6,113,126.2,159,109.2,114,82,138.8,122.3,89,155,170.5,70,118.2,126.3,144.9,126,146.3,153.3,132,131.4,165.5,87,156.1,114.1,122.9,141,108.3,116,118.7,79.3,117.1,124.1,109.2,124.8,108.6,197,122,96.1,138.8,85.2,115.8,127,146.8,152.7,128.3,131,100.7,89.6,86.4,152,115.8,84.2,89.8,92,85.4,108.5,119.3,185,101.3,90.5,87.2,68,51.6,61.9,67.3,54.5,57.6,59.9,63.4,51,65.2,101.9,114.4,71.6,82.6,78.9,89.9,78.7,121.2,104.2,120.4,96.7,83,35,104,134.8,80.7,115.4,100,76.8,90.6,113.1,129.3,95.6,92.9,118.7,102.5,97.7,104.8,99.5,102.5,138.6,149,115.4,78.2,167.7,65.9,106.1,139.1,110.4,101.9,93.8,73.2,83.4,122.2,103.4,109.5,93.1,67.2,105,277,263,229,140,150,161,153,175,157,115,152,171,158,133,135,105.9,44,80,76,91,55,81,93,84,68,70,132,86,127,70,83,153,13,30,97.5,84,83
1994-03-01,8.2,29,74.7,16.1,44,6.4,162,58,28.5,23.7,73.8,25,60.1,0,41,26.7,60,30.2,131,12,15,66.2,25.1,35,26.1,24.2,13,5,21,76.2,32.7,74.4,154,38.9,30.3,24.7,116,64.7,62,34,95,28.2,48.5,41.5,47.7,10,22,22,39,64.7,193,143,28.2,72.9,90,51.8,23,0,59.8,11,61,31.4,45.7,63,0,30,16,24.4,58.8,56.9,75.9,109.9,6,8.2,28.1,43.7,25.9,10,43,35.8,12,29.1,31.1,40.3,17,61.5,17,20,34.8,17,34.7,10,40.5,35,16,107,40,25.6,13,18,28,26.4,23.9,27.5,4.8,5,24.1,37.7,10,45.2,18,18,60,12.5,34.7,14,30.9,33,9,14.5,26,60.9,25.1,25,33.1,40.8,50,65,42,57,50,20,17,67,140,20,16,5,21,32,39.3,30.7,44.8,23,21,51,17.5,28,11,13,59,12,31.8,29.2,31,31.8,27.3,21.4,7.4,19.5,22.1,40.3,107,72,93,99,80,72,76,110,75,64,42,91.2,96,103,43,110,99,99,43,43.5,86.6,146.5,94.7,82.9,101.2,233,100,100,63.6,0,105,126,95,104,102.6,142,122,110,116,30.4,99,71.1,46.2,72,78.5,58.2,67.3,39,63.8,70.7,65.4,83.6,99,78.4,58,47.8,77.3,75,87.3,71.3,60,90,92.9,30,80.8,65.9,102,75,116.9,96.1,86.6,73.5,96.2,66,66.9,55,102.3,62,78,94,90.7,85.8,82.5,53.2,75.4,70.6,87.8,63,118,82.3,85.2,73.2,84.2,96,113,103.5,73.7,172,66,77.1,102.2,51,100.5,90.7,71.9,91.2,102.7,107.4,136.1,133,107.2,103.2,102.3,87,87.1,90.6,97.8,99.5,83,99.9,98,99,91.7,102.2,72.1,85.6,91.7,83.3,94.3,91.5,107.3,87,95.6,112.5,53,55,120,74.3,65.2,60.3,56.9,73,66.7,77.3,85.3,81.2,88.1,99.7,88.5,89.4,92.5,105.9,72,68.5,57.9,69.4,42,80.3,72,95.4,87.2,90.2,87,67.8,80.7,94.3,56.4,115.6,94.9,104.3,72,122.1,142,147,128,145,95,109,117,84,112,64,96,87,83,90,90,92.8,102,26.5,64.3,72,98,101,96,48,87,42,95,68,130.5,18,45,71,99.5,87,49,70,58
1994-04-01,18,10,6.2,2,346,60.2,95,209,37.2,30.9,80.3,27,105.7,106,43.8,27.1,81.4,31.1,380,36,224,69.2,27.5,418,35.7,27,65,20,91,95.4,24.2,94.9,173,52.3,21.4,22.4,77,73.9,47,125,205,44.1,53.9,60.5,33.4,0,122,197,44,63.7,50,10,11,84.7,42,85.8,69,65,86.2,23,27,40.7,56.7,113,21,288,110,32.2,70.2,65.4,42.7,46.2,20.5,13.5,17.8,32,12,33,32,27.3,17,34.8,14,37.4,25,29,24,3,40,46,34.6,33,38.9,31.6,10,44.1,46,21.4,8,14.9,14.8,27.9,20.1,16.5,14,10.8,19,43.4,11,50.6,36,41,80,29.5,38.6,24,40,39,21,24.5,26,51.5,25.7,16,38.6,23.6,20,34.5,3.5,33,31,16,33,28.3,38.4,2,27.6,46,15,28.4,38.5,22.2,35.4,15,19,26,15.9,32,15,7.5,72.9,15,32.6,11,38.6,32.1,29.2,11.8,13.6,17.4,14.5,24.1,23,15,57,58,8,34,23,53,45,20,0,43.4,60,65,8,72,58,4,8,15.1,13.3,41.2,11.5,15.6,36.5,49,70,0,16.4,21,14,88,8,50,71.1,64,61,50,49,21.3,42,36.8,17.9,28,21.9,20.6,34.9,48,31.6,24.2,16.2,30.6,42,29.4,25,16.4,14.4,64,22.6,24.6,0,10,30.3,34,15.3,13.7,31.1,65,42.8,22.7,31.1,20.9,37.6,47,16.2,15.7,19.9,0,20.3,38,18,23.8,31.6,54.7,14.8,14.9,18.6,38,4,19.2,21.7,61.6,49.6,0,38.2,27.8,23.1,43,19.5,24.5,39.3,44,32,41.5,22.1,32.6,21.6,28.7,44.4,49,37.9,51,50.4,50,54,49.1,58.3,60,53.3,56.4,60.6,47,48.2,41.8,26.7,32,69.3,39.8,47.7,33,60.8,34.6,32.6,51.1,26,0,54,36.3,38.2,35,33.2,28,31.4,31.3,32.8,35.6,41.8,42.5,41.6,31.1,41.4,41,35.1,31.3,29.1,34.2,30,24.2,44,30.3,30.6,39.4,47.1,31.2,51.5,44.3,38.1,36.1,40.9,41.1,33.6,35,25,25,20,26,22,25,13,4,15,2,8,12,13,7,6,24.4,7,28,52.2,48,70,100,64,18,53,54,103,49,41,49,37,46,15,17,28,15,20
1994-05-01,14,4,1.1,0,22,17.9,0,17,26.9,26.6,37.2,18,42.7,0,32.4,23.8,27.8,28.5,10,18,12,41.3,23.8,20,27,21.7,5,0,31,49.2,27.4,40,64,39.4,20.5,21.9,0,37.2,5,15,15,43,39.5,33.3,20.8,6,32,5,28,36.1,34,17,17,29.9,21,36.4,0,5,38.3,32,0,25,43.6,7,28,8,5,18.2,17.5,22.9,35.6,9,9.4,3.7,13.5,49,23,48,32,28,39,26.2,13,26.1,48.1,27,31,23.1,46.1,51.5,40,48,34.7,28.1,5,26,26,13.4,17,12.1,10,21.5,13.4,13.1,7.5,9.5,13.5,35.7,43,39.8,18,53,30,55,33,46,33.4,18,99,55,28.9,49.7,23.5,20,30.8,18.7,22,19,20,26,25.5,10.8,20.1,23.9,22,7,25.8,8,24,25,32.2,18.5,29.5,5,5,29.2,12.9,35,7,41.5,56.5,4,28,17,26.2,29.4,21.9,10.5,6.9,6,12.9,24.6,41,30.8,11,63,37,37,46,24,24,26,0,35.7,34,16,29,25,63,30,29,22,12,81.3,15.9,28.1,33.9,83,16,0,17.4,0,76,43,78,17,49.9,39,45,47,37,15,64,30.5,13.2,32.1,21.1,17.5,30.3,59,28.4,20.9,12.3,27.6,64,25.7,44,13.9,15.3,23,18.1,21.6,8,0,31.8,3,16.6,14.2,29.7,29,39.1,26,21.7,17.7,37.9,8,13.1,13.3,19.9,12,22.9,6,20,23,30.4,41.7,12.9,13.2,20.6,18,38,13.8,24.3,47.5,29.7,6,33.6,24.1,16.1,12,19.6,19.3,39.8,35,26.8,39.5,18.4,22.1,20.7,25.8,39.8,83,34.7,38.4,40.7,38,36.5,27.7,42.8,43.1,39.1,46.3,46.3,63,49.6,37.7,18.8,26,58.9,27.9,36.3,27.3,42.8,27.9,27.9,44.8,6,5,12,29.5,29.9,37.4,21.8,23.1,23.8,28.5,29.2,24.1,35.5,35.9,31.7,21.8,32.6,27.8,26.7,25.9,34.1,26.8,27.1,22.6,42.1,22.5,24.6,29.8,30.6,31,37.6,33.6,29.2,27.2,38.2,35,25.5,49,63.5,40.5,60,48.5,44,42,13,16,22,20,36,10,19,15,11,21.8,14,42,69.7,38,35,37,34,81,11,27,45,70,73,24.5,12,51,0,49,22.5,106,104
1994-06-01,0,0,0,0,10,4.6,0,0,11.9,9,9.2,10,10.4,0,18.9,10.3,9.5,11.3,0,0,0,14.1,10.4,0,8.6,9.3,0,0,1,11.7,10.1,13.6,8,16.5,7.7,7.9,25,9.1,0,7,10,13.2,14.5,14.1,5.8,3,0,10,0,17.2,4,0,0,13.4,0,13.7,0,0,13.7,1,0,11.2,14,0,0,3,5,9,6.1,0.1,18.9,4,0.5,0,13.4,38,16,21.1,34,20.5,15,19.7,4,19,21,30,20,37,42.4,15,15.1,20.1,24.8,18.1,7.5,18.8,18,10.8,11.5,8.4,9.9,19,10.9,9.4,1,2.5,8.9,16.9,21,21.2,11.7,44,80,46,13.8,17,16,20,18,46,16.6,28.1,7,12,11.7,9.6,13,7,12.2,25,16.3,5.5,9.8,12.2,19,10.3,21,16,7,13.7,14.7,9.8,32.2,11.3,7.8,12.1,7.8,17.4,22,17,36.3,9.2,11.2,14.2,10.9,12.6,9.8,14.2,12.1,9.1,9,20.3,9,8,10,10,20,10,18,12,0,9,0,15.8,25,26,6,15,10,13,6,6.6,12.4,5.5,6.6,5.3,14.8,17,26,0,6.3,0,0,6,56,10,16.4,0,16,8,15,5.3,6.1,6.8,6.4,4.5,4.8,3.2,12,10,7.3,5.2,3.6,3.7,0,6.1,6,3.4,3.7,11,7.2,5.6,5.7,0,7.7,6,4.7,4.2,6.8,21,14.1,8.4,5.6,9.2,9,6,3.4,7,7.7,3.6,7.3,0,6,5.7,11.2,29.4,3.3,4.3,4.9,0,11,3.4,6.3,25.8,11.3,0,11.8,7.4,9.8,0,5.3,5,11.4,0,10.2,10.5,5.2,8.8,9.8,8.8,17.5,17,11.9,16.7,25.8,31,11.9,10.2,18.2,15.9,15.6,18.9,20.6,10,23.5,17.2,8.4,15.4,29.6,13.3,16,6.8,18.9,11.2,14,26.2,0,0,12,9.1,13.4,17.1,12.7,16.5,13.3,12.5,12.7,9,12.7,14.9,14.5,14.1,12.7,18.3,13.4,7.5,13.4,12.8,13.4,7.1,19.4,11.8,10.7,14.5,11.9,17.1,16.5,15.3,16.1,19.6,18.6,28.8,17.7,11,28.5,26,21,20,17,11,4,5,3,8,5,4,5,6,2,9.8,6,15.3,16.9,31,14,13,22,11,2,19,10,12,12,2,12,15,9,32,10,8,12
1994-07-01,7,3.5,0.2,0.2,0,2.4,0,0,5.5,4.2,11.8,0,8.4,0,12,3.5,3.3,4,0,0,0,9.6,8,0,4.1,5.2,2,0,0,12.1,3.4,7.9,0,8.9,3.1,5.4,0,7,7,0,0,6.9,4.3,6.7,3.9,0,0,0,2,11,1,0,0,10.8,0,8.9,0,0,6.2,2,0,4,9.3,0,0,0,0,3.8,4.6,5.8,21.2,5.3,7,10.8,12.6,22,14.8,23,5,14.3,10,13.5,8,16.1,13.5,6.5,11.2,9,9.8,16,11,23,12.7,8.2,10,17.8,10,20,10,4,7.7,20.9,10.6,10.7,7.5,10.5,10.4,12.9,20.1,18,5,9,40,12,9.5,11,8,6,22,12,15.9,19.8,6.6,10,12,7.3,5.5,14.5,11,8,7,4.6,6.6,9.5,15.8,8.3,22.7,20.7,12.4,9.4,15.7,4.7,33.3,7.6,8,8.1,3.9,11,4,18.3,34.9,8.8,7,16.6,6.1,10.2,9.5,20.2,13.5,8.3,8.4,17.5,17,7,6,18,11,10,16,11,0,6,0,11.4,23,6,0,13,18,9,0,1.4,10.8,0.3,3.3,0.7,16.2,22,6,0,5.4,0,0,18,27,7,8.3,12,18,20,18,5.9,3.4,6.2,5.9,4.3,5.4,2.5,6,4.5,5.2,4,3.2,4.6,4.7,4.3,3.3,6.2,4,0,7.6,5.4,5.2,0,6.8,52,3.2,5.4,6,5,13.6,14.6,4.4,8.5,11,0,6.5,7.6,5.3,0,5.4,0,9,6.1,7.3,22.9,5.3,2.1,3.1,0,2,0,5.6,39.4,8.8,5,17.8,9.2,3.7,20,7.1,3.1,5.9,0,8.5,4.9,4.8,8.1,7.2,9,15.1,22,12.4,14.5,10.6,8,9.3,10.6,13.4,10.1,14.7,17,18.6,18,20.8,14.8,8.2,11.4,18.4,14.9,14.6,5.2,6.8,10.2,11.4,19.8,0,0,0,8.3,11.5,12.9,6.5,14.9,11.5,13.1,11.8,7.5,10.4,13.5,10.3,10.6,12.1,13.3,10.8,7.1,21.9,8.4,10,6.8,16.5,12.7,9.9,17,11.5,12.8,11.8,12.3,16.8,12.4,15.6,20.3,15.6,12,28,18,18,14,24,16,13,7,14,7,6,11,5,3,1,6.7,3,47,43.4,25,22,32,28,25,33,22,34,42,26.5,32.5,30,10,21,28,43,62,36
1994-08-01,0,4,0.3,1.9,20,1.8,65,16,8.4,9.8,13.3,5,13.7,0,14.3,9.5,15,11.3,10,15,0,14.1,8.3,7,7.8,7.7,0,18,3,23.6,7.9,27.5,26,13.7,12.9,8.5,20,17.2,0,14,23,14.1,16,18.2,18.1,10,20,20,1,18.5,12,10,0,22.3,6,17.9,16,0,16.9,0,10,9.8,18,0,0,0,2,8,29,49.1,48.2,9.1,0.1,0.9,17.9,16,16.6,22.8,9,10.6,15.3,16.2,15.7,19.2,3.5,5,9.6,21,17.7,18.8,27,17.8,14.6,10.8,11.5,19.5,7,7.5,11.2,8.4,5.5,16.9,10.4,11,4.6,0.5,10.4,14.7,17.4,14.9,10.2,49,40,14.2,14.4,12.1,11,10,23,13.9,14.8,28.9,10.2,8,21.2,13.1,4,8.3,14.5,25.4,1,1,11.1,17.1,18.9,6,26.4,26.5,7,9.8,14.7,14.4,33,9.7,9.5,8.6,9,14.6,11.2,23.2,35.4,9.7,11.9,14.4,12.5,17,11,14.4,6.9,2,11,20.1,25.5,40,36,89,61,48,44,73,57,47,49,45.8,53,50,65.5,54,89,54,65.5,64.4,32.1,13,46.9,50.7,42.2,38,50,40,17.4,26,52,45,34,40,40.3,50,77,63,76,9.8,25,20.7,18.5,28.6,13.7,15.5,22.6,17.7,27.5,21.5,21.6,24.2,27.6,26,30.1,15,17.1,42,29.1,32,24.4,35,38.1,0,29.1,18.6,37.7,35.5,38.5,39.3,24.7,22.7,40.7,38,28.9,18.9,34,23,39.1,35,48,32.5,33.5,21.9,22.6,21.1,34.2,28,35,49,29.7,71,43.3,30,30,31.4,23.8,1,25.5,33,36,0,36.7,34.5,26.2,32.3,30.1,30.5,42.1,38,39.6,52.5,43.3,45,45.3,46.6,54.9,52,57,57.5,57.4,89,50.9,43.5,15,32.1,53.5,43.1,39.3,38.7,35.5,37.1,32.7,48.6,65,72,30,32.1,30.4,37.5,16.9,24.5,19.7,28.6,24.5,35.7,37.4,40.5,30.4,32.6,31.2,29.5,28.2,26.9,24.6,22.4,25.5,30.5,43.5,32,36.2,40.2,49,34.2,49.9,41.7,27.1,34.1,45.2,38.8,31.5,31,11,9,12,39.7,31.5,28,42,31,35,25,28,0,27,23,26,40.7,28,0,47.6,60,57,65,72,61,115,69,67,60,63,62,66,87,25,55,49.5,55.5,56
1994-09-01,9,5,0,3.7,0,0.9,0,0,6.5,5.4,14.3,0,15.2,0,8.2,6.4,6.9,5.9,3,0,0,18.3,6.7,0,5.6,6.3,0,0,0,15.9,4.8,10.2,0,11.4,5.6,6.2,55,13.4,12,0,0,10.6,8.3,12.9,4.5,10,0,0,3,20.7,32,30,0,14.1,51,14.6,0,0,10.4,4,20,6.4,16,0,0,0,0,5.3,26.9,31.2,24.4,13,4,2,15.8,19.9,5,20,0,14.1,3,11.8,15.2,11.3,7.5,9.9,10.5,15,14.8,11.1,13,15.9,10.9,8.4,10,17.6,85,10.6,12.9,9,1,26.6,9.4,10.9,5.5,2.5,10.4,10.2,17,16.4,5,21.3,54,10,10.2,12.1,11.3,12.8,21.4,10.5,16.7,24.3,6.3,2,10.7,8.6,7,8,15,12,34,4,4,10.3,5,11,9.5,17.1,12.6,11.1,11.6,8.6,33.4,2,5,9.5,6.2,13.1,6,17.5,28,7,7.7,14.9,9.8,9.3,9.3,16.1,12,1.5,9.1,17.9,16.6,9.5,28,11,0,11,17,16,0,13,0,2.8,24,32,3,28,11,14,3,2,18.5,0.2,6.8,6.3,20.6,20,29,50,4.2,7,15,37,28,35,13.8,45,20,37,16,4.7,8.3,6.3,6.4,8.6,6.2,8.3,6.5,7.8,6.7,6.6,3.5,4.1,7.8,7.8,6.1,4.8,5.5,8.7,8,6,5.9,16,11.1,32,9,6.3,12.6,8.8,21.7,14.2,6.5,10.1,10.6,6.3,9.9,10.1,11,3,8,0,6,8.4,10.2,23.8,8.1,8.1,5.7,0,4,0,7.4,21.3,10.5,7,11.3,11.6,11.4,5,12.5,11,10,19,16.2,11.7,6.9,11,13.9,12.8,27.7,25.8,24.8,24.4,26.4,17,15.5,21.2,21.7,19.3,24.9,24.5,22.1,11,21.8,23.3,8.5,17.9,27.3,17.3,18,8.5,13.3,11.6,10.6,29.4,0,0,0,10.9,12.9,15.8,9.5,16.9,14.4,12.4,13.5,15.8,15.3,15.8,12.9,14.2,17.6,18.1,18.2,8.4,14.4,10,10.3,8,17.8,17.8,12.3,19.5,14.9,19.2,18.6,18.1,17.9,18,24.4,25.3,17.5,30,9,7,5,36.6,27.7,19,10,9,12,5,5,0,10,6,3,9.1,10,2,1.9,15,32,9,13,13,35,9,10,8,9,4.5,0,9,0,6.5,0,0,2
1994-10-01,73.2,9.5,23.1,25.1,131,84.6,67,90,89.6,82,86,42,94.4,65,98.3,88.8,86.2,89.1,91,94,125,109.9,107,49,118.1,92,97,95,63,102.2,87.5,106.5,107,104.7,96.6,97.4,87,107.6,77,29,36,139.4,123.3,100.2,70.2,62,25,110,131,107.9,70,55,69,92.9,19,100.4,70,148,102.9,100,30,121.5,110.8,85,141,92,34,78,10.1,41.5,69.5,54,29.8,14.1,35,124,80.2,210,182,94.6,161,134,93,97.5,142,177.5,144,140,160.2,129.4,264,157.1,121.6,91.5,40,60.5,98,30,10,28,43.5,50.3,61.4,45.9,33,40.5,42.8,146.4,158.6,138.1,27,177,45,175.5,131.8,210,167,162,154,192,155.7,110.6,89,99,95.1,92.4,107,81.5,90,100,26,41,26,90.1,77.2,12.5,68,118,100,98.3,103.9,103,86.1,36,29,15,55.7,149,85,118,162.2,33.5,86.5,69,92,134,102.4,23.2,8.4,23,54.3,95.6,166.7,168,56.5,163,76,74,31,129,80,42,43,60,134,102,39,72,163,66,39,43.1,40.2,99,64.2,76.1,86.1,100,103,40,50,19,101,78,155,70,97.3,190,172,188,154,59,68.1,70.6,46.3,86.4,75.5,59.1,68.2,87.5,69.8,75.1,70,70.4,72.6,64.7,58.3,67.5,37,72,87.4,63.6,66.9,43,94.9,28,84.1,73,92.8,77.1,102,74.6,85.2,60.9,98.8,62.8,73.6,59,78.8,68.6,65.2,69,41,77.6,73.9,81.6,56.2,61.7,76,17,78,55,68.3,75.8,71.4,34,106.3,91.7,69.2,132,51,55.4,82.7,10,80.9,76.3,59.5,68.2,68,92.3,93.1,100,91.1,86.7,89.9,55,70.5,86.4,90.3,110.8,97.8,102.9,111.5,163,109.3,88.3,60.7,77.3,89.4,79.2,80.7,82.5,84.9,79.3,84.3,97,53,45,94,61.4,55.7,57,64,56.5,66.5,77.9,80.7,78.3,76.5,79.7,83.6,77.9,88.3,85.1,63.8,65.9,61.8,64,36.5,83.1,61.3,72.6,64.7,77.2,69.8,57.6,75.5,85.8,73.5,97.4,83.5,85.1,68.8,94,124.5,121.5,117,209.5,206.5,157,106,76,101,72,80,0,96,87,67,59.4,39,45,41.2,99,95,78,123,83,138,75,64,66,77,90.5,53,47,50.5,76,39,63,61
1994-11-01,48,69.5,72.9,37.4,99,59.4,74,160,62.8,53.1,90.5,13,87.3,43,82,57.9,81.3,52.6,148,81,0,88.6,62.2,34,50.9,54.7,46,15,49,96.2,63.3,95.9,96,73.2,51.6,58.8,44,91.1,275,132,70,77.5,85,81.6,57,70,67,86,79,86.9,123,111,32,97.6,33,97.1,84,30,104.2,32,54,55.9,79.1,94,69,200,60,53.7,123.2,165.2,85.9,146,29,46.4,61,55,64.8,55,73,61.7,26,28,57,80.8,114.5,137.5,63.4,68,89.3,0,140,75.3,74.1,70.2,76,50.9,99,10,48,25,28.5,48.7,42.9,35.7,28,37,42,78,90.3,92.2,50,54,30,74.7,74.9,48,65,50,63,62,82.7,76.9,52.9,82,61,62.2,68,38,45.4,64,41,17,60,76.4,62.7,31,40,65,100,124,79,62.6,56,36,17,16,40.8,85,49,82.7,89,13,56.3,32,28.6,66.9,53.2,24.7,8,34.5,41.3,58.5,97.6,80,141,27,59,161,127,38,88,85,42,137,133,147,65,164,27,75,65,84.9,41.4,59,104.5,92.5,131.4,212,147,90,75.5,15,94,154,12,239,126.2,37,63,55,57,63.7,70.1,62.9,60.5,70.3,77.6,70.5,73.2,78,64.7,92.1,75.5,74.4,81.9,84.3,77.2,59.2,81,93,95.4,73.9,71.5,76.1,105.5,54,67.1,62.3,91.8,79.6,100.9,88.5,66,77.4,93.7,78.4,75.5,62.8,91.2,33,89.7,59,103,94.6,96.1,88.2,69.9,72.9,99.2,42,92,125,103.8,103.7,99.5,83,129,121.4,83.8,130,67.8,80.5,101.7,125,109.4,112.6,80.2,111.2,119.9,129.2,176.5,212,132.8,130.8,127.3,178,93,101.6,94.3,90.5,82.9,69.1,70.1,27.5,62,118,78.6,118.1,126,119.3,102.8,106.5,118.5,96.8,102.7,121.5,89,87,96,76.5,54.2,64,66.2,77.2,74.8,78.2,95.1,88.6,97,113.6,100.8,96.7,98,118.4,69.2,74.1,72,81.5,41.4,78.6,83.7,101,110.9,121.4,113.8,65,94.4,108.2,75.3,124.7,127.4,108.7,82,140,111.5,103.9,102,128.6,123.4,105,98,59,121,66,53,45,69,57,43,110.8,34,28.5,24.2,48,20,73,30,52,27,35,25,8,46,39,45,22,32,4,47,23,41
1994-12-01,68.8,45.5,55.1,60.9,26,71.7,51,108,95.8,82.4,74.5,14,86.2,75,124.4,86,84.3,94,68,64,0,160,98,16,103.7,90.1,40,122,72,102.2,104.9,111.8,36,101.5,85.2,91.3,43,129.8,62,89,150,116.8,119.3,115.7,73.9,177,44,146,150,120.7,182,116,60,97.1,166,109,73,28,107,41,225,118.2,112.7,255,82,37,40,86.5,73.2,105.6,119.9,104,89,88.1,55,107.9,96.9,82,95.2,76.6,78,88,53,139.9,24,97.3,94,133,37.9,118,76.7,129.6,98.2,114.4,40,57,129,13,52.6,46,93.5,73.1,57.7,52.4,119,70,73.7,129,150.8,154.2,130,121,180,209.5,127.2,113,108,135,120,244,142.7,129.4,104.4,115,84.3,114.6,2,6,86.9,21,48,28,74.4,42,30,89.5,86.1,24,18,93.6,120.8,87.3,122,103,42,56.5,85.9,226,153,128.5,137.8,85.1,98.4,60,158.5,43,93.1,30.6,22.2,51,74.7,121.1,111.3,147,80.5,123,46,78,55,119,91,86,52,39.3,206,155,51.4,187,123,48,51.4,60.6,53,84,72.4,70.1,115,91,155,105,106.7,146,26,189,131,86,110,186,224,148,247,72.2,95.8,87.8,67.2,86.7,93.2,81.7,88.1,95.1,84.5,96.2,99,95.8,97,95.4,96.6,87.1,33,104,120.2,98.5,103,116.8,122,117,103.3,109.7,129,94.2,120.2,121.7,112.9,99.2,141.3,85.8,109.2,93.6,110.9,99,100.4,60,154,87,104.7,113.3,77.8,102.8,100.9,91,163,87.4,108.3,107.2,100.9,142,145.2,138,119,192,91.8,86,93.1,127,106.2,93.6,85.4,96.1,90.3,106.4,133.8,91,113.5,110.5,106.7,161,120,118.3,115.1,132.3,128,147.2,146.8,123,143.4,103.5,90,82.1,100.9,107.7,84.3,79,109.6,104.5,109.2,111.2,82,65,10,123.4,65.8,92.2,96.5,76.8,80.7,93.2,101.3,98.7,84.6,113.1,88.2,98.1,102.8,110,82.8,119.5,104.8,101.9,65.1,153.9,68.9,112.4,104.8,125.2,104.3,97,91.3,103,92.3,110.6,120.1,96.4,80.4,71,163,101,118,159,146,84,164,115,162,75,107,137,142,101,96,89.1,38,38,67,304,185,377,109,215,328,228,231,193,214,181,274,194,191,145,141.5,63,77
1995-01-01,58,60,137.3,129.7,83,72.3,103,54,85.9,96.7,96.6,86,110,63,101.5,77.9,74.4,91,112,180,86.5,132.3,84.8,99,84,87.6,104,110,118,87.9,91.8,99.5,164,86.5,86.9,85.9,63,103.9,243,96,188,100.1,106.6,86.6,83,166,137,195,92,105.1,95,110,50,114.6,184,100.1,76,92,107.3,80,64,88.6,97.7,63,130,80,18,93.8,122.5,116.8,98.2,112.1,20.3,35.7,66,102,49,64,98.8,20,82.1,73,90.7,123.8,155.5,94,43,65,65.9,84,87,64,91.7,90,43,79,44,71.1,50,48,47.5,55.8,53.3,47,44,38.5,58.8,118.5,156,122.5,65.5,138,65,94.5,104.5,71,187,133,122.5,128,128.8,101.3,110.6,93.2,78.7,85.7,82,121,91.8,72,157,6,45,158.5,127,33,12,108,43,86.8,125,89.7,107.5,84,26,156,60.1,291,93.8,139,128.5,49,93.2,50,116,89.3,81.3,32.4,12.2,26,7,71.3,169.4,221,166,99,203,133,164,108,172,256,123,138.8,104,210,87.5,160,99,225,87.5,168.7,111.9,81.7,144,100.2,138,288,210,95,122.5,110,187,152,105,151,141.8,126,135,161,127,51.4,114.2,109.2,81,108.7,108.2,94.3,114.5,113.3,114.6,119.3,110.6,124,114.2,119.4,121.4,91.2,147,106,133.2,125.7,95.9,122,169.5,64,117,109.1,146.7,119.3,153.1,142.2,122.6,126.8,173.3,126.7,129,103.3,157.7,83,141.1,98,120,107.2,147.5,96.1,87.1,101.7,126.9,92,153.4,127.2,138.4,112.3,143.4,105,188.4,159.3,135,110,92.2,104.6,140.3,147,142,139.3,99.9,165.3,147.5,155.3,186.7,285,155.9,161.5,141.8,116,144.4,127.5,140.2,123.7,107.1,115.4,115.8,96,117.5,152.8,100.5,134.7,167.2,130.3,127.8,130.1,127.2,133.7,134.8,143.4,167,230,96,128,85.3,138.2,106.4,101.5,100.5,123.6,138.2,141.3,124.4,146.3,130,135.1,116.9,136.1,109.1,154.7,131.8,141.9,91.9,197.1,102.3,150,147.7,132.9,128,103.6,113.6,136.2,125.3,129.7,167.3,121.1,108.6,357,297,107,140,223,197,162,138,155,153,102,127,84,106,104,128,150.6,108,56.8,91.6,62.5,82,118,68.5,96,46,80,88,87,100,117,101,65,0,159,61,61,57
1995-02-01,40,72,108.5,70.5,250,149.3,115,124,94.6,75.5,138.8,63,145.4,82,121.3,84.6,109.9,78.1,281,65,85,126.5,79.7,290,90.3,90.5,118,95,143,141.9,90.2,131.9,284,100.3,87.5,75.5,115,128,17,74,210,107.2,109.9,110,77.9,24,55,201,111,108.2,109,115,86,134.6,59,125.7,44,102,120.1,81,44,89.5,106.6,94,55,61,39,88.9,77,96.2,94.5,96.8,35,30.1,28,91.3,150.5,141,117,15,81.7,54,74.1,84.4,94.1,87.9,68,110,26.5,57,105,141,85.8,35,21,37.5,38,65,48,30,5,68.7,55.2,42.1,11.5,28,52.1,103,109,131,80.5,96,85,88,112.8,162,70,76,102.9,112.7,123.1,105.6,92.5,102.5,78.8,92.2,83,45,72.4,53,37,71,81,71,76,149.5,45,45,72.9,84.5,105.5,133,89.2,114.5,87,27,53.8,117.6,70,37,96.2,85.5,81.3,86,63.4,81.4,86.4,21.5,9.3,81,87,79.2,130.1,90,94,85,119,92,107,86,114,116,112,101,111,79,148,127,85,104,148,121.7,63.4,114.9,130.6,233.7,95,82,79,127,69.6,83,88,127,64,104,106.7,70,73,82,31,58.8,117,120.1,74.7,121.5,111.8,94,109,108.8,92.2,102.9,95.7,109.1,105.6,101.8,104.9,69.7,77,82,108.7,97.5,75.8,98,112.5,192,79.6,70.5,112.3,107.3,118.8,98.5,86.8,82.1,122.7,95.8,74.6,78.7,94.3,74,107.6,81,86,95,104.3,100.7,64.5,85.8,107,95.6,150,85.3,99,87,115.3,79.8,139.6,110.6,99.8,100,66.1,84.1,100.7,115,95.7,100.2,79.8,81.5,94.7,112,124.1,82,98.7,93.7,104.7,66,68.1,80,77.5,75.8,75.3,68.4,77.6,73,82.1,100,90.3,76.9,93.5,76.2,94.7,97,117.9,96.3,119.2,103.1,156,185,150,117.3,72.4,92,81.3,65.8,83.9,92.9,113,91.7,96.6,98.6,81.2,104.5,97.4,108.2,73.5,101.3,94.6,96.5,65,140.4,66.1,106.8,85.9,98.4,88.2,86.2,69.2,95.3,88.1,115.2,106.5,94.8,73.1,111,139,130,150,163,140,130,109,98,105,44,57,92,70,61,55,110.9,63,39,26.9,94,184,161,153,170,154,90,124,95,126,119,106,36,61.5,33,80,35,32
1995-03-01,69.6,38,104.7,29.8,121,73.4,51,97,67.8,61.5,75.1,57,93.5,59,79.5,64.6,78.2,65.8,124,110,66.6,108.3,79,102,82.5,59,42,44,49,76.7,69.3,96.5,93,87.5,67.5,65.8,82,88.1,112,69,32,102.1,95.2,95.1,55.8,10,87,47,54,94,94,109,61,82.4,117,86.9,61,25,89.2,123,91,88.2,103.1,71,80,59,4,59.2,152.8,128,64.7,44.3,45,31.2,6,122,42,100,140,43,75.7,59.3,72.5,67.3,130,82.6,116,121.5,111.2,91.6,60,100,116,26,46,51.2,26,41,11,24,58.5,39.4,47.4,23,20,16,38.7,94.4,100,197,83,101,80,39,99.9,146,78,63,72,108.3,97,85.8,73.9,82.8,79.7,70.4,21,52.8,90,35,177,6,40,44,56.1,86,38,71.4,88,76,102.5,61,64.5,32,38,155,24.5,73,47,25,129.5,23,30,61,83.4,87.6,63.6,21.5,7.3,86.5,51,70.4,45.1,37,131,71,75,35,76,142,54,21,8,51.8,135,125,34,67,71,61,34,57.6,33.3,25.4,33,30.8,41,83,125,27.5,47.7,53,68,99,114,75,93.4,130,222,129,121,44.8,51.6,52.6,43.3,71.5,58.9,52.8,54.2,70.8,64.5,62.2,49.9,67.6,61.2,56.4,52.7,48.6,102,106,78.9,54.5,46.2,102,76.5,12,56.1,46.2,66.5,59.7,70.5,47.4,61.9,39.1,72.6,55,41.2,35.3,44.6,15,43.6,25,33,54.9,66.2,77,26.3,36.1,52,39,70,46.9,55.8,73.4,69,38.6,86.9,69.8,46.6,64.2,35,40.3,69,93,50.9,67.8,42.7,50.4,61.9,59.5,83.6,83,70.1,90.6,82.7,82.4,80.3,91.9,96,111.2,91.3,105.8,106.6,15,105.7,75.9,54.6,63.9,89.1,78,67,63.4,80.2,49.1,62.2,84.6,46,45,75,61.3,51.8,50.2,48.4,48.9,65.5,64.1,70.7,65.2,64.2,73.2,79.8,66.3,82.5,67.6,57.3,61.9,52.9,57,39.9,63.7,66.7,60.4,59.3,66.9,67.3,55.4,88.5,82.3,55.3,75.8,83.2,73.7,65.7,67,59,53,63,110,82,51,86,71,60,27,41,60,38,23,27,49.9,33,55,75.6,124.5,120,67,95,78,109,100,52,73,78,48,57,32,0,98,124.5,150,124
1995-04-01,0,1.5,0,5.2,15,10.6,8,6,17.2,13.8,19.4,10,26.1,10,20.2,17.8,22.2,18.2,38,0,10.8,32.3,15.5,20,12.3,13.9,2,12,3,29.1,13.5,32.3,44,18.9,12.8,11.9,21,25,9,4,4,16.4,22.4,25.2,13,10,5,12,10,23.1,13,30,0,26.5,33,21.6,12,2,27.4,2,11,13.3,29.9,12,0,18,8,10.5,26.7,15,40.6,5.5,0.5,2.8,35,20,0,25.9,5,2,14.4,24.1,18.6,17.2,8,15.9,14,23.2,11.5,26.3,6,24.2,14,17.2,9,29.8,14,14.3,16.7,12.5,3,16.1,10.2,12.8,6.7,8.9,13.5,12.3,19.4,9,14,30,85,8,17.7,5,3,18.6,30,19.6,21.1,37.2,13.9,28.7,19.7,14.7,18,14.6,5,37.4,87,9.7,15.9,15.3,20.8,9.9,26.2,31.1,19,16.9,21.6,9.5,39.9,12.3,5,20.2,14,5,48,36,53.1,11.6,10.5,21.9,15.8,16.3,17.4,12.8,6.3,3,10.7,20.1,42.6,23.5,12,52,13,8,35,34,0,7,9,41.7,13,1,5,4,52,41,5,16.4,47.5,13.6,6.6,11,5,10,1,0,13.3,45,18,0,51,17,51,61,57,40,29,15,17.3,18.1,14.8,18.2,14.2,12.4,21.8,14.7,19.2,13.8,10.1,16.2,25.4,17.7,18.2,8.2,19,48,20.1,16.1,15.4,37,25.1,15,16.8,11.1,23.1,34.7,36.4,22.1,26.7,16,26.2,23.4,14.3,14.6,15.6,20,18.7,10,6,19.6,26.2,41.7,14.2,16.1,14.7,18.2,21.4,14.3,17.8,66.5,32.6,19,32,25.7,20.7,53,19.5,17.7,40.5,48,30.4,38.1,19.1,25.1,17.9,23,33,10,31,40.9,45.3,36.9,40,31.6,47.9,66.3,42.7,53.8,67.2,39,69.9,45.4,14.1,33.5,62.9,43.8,39.6,26.3,44.9,28.9,18.6,48,12,0,17,23.8,35.9,37.3,22.1,26.2,26.2,26.2,25,26.3,37.4,35.5,34.9,23.6,35.9,33.8,28.4,21.4,24,36.4,27.1,20.6,42.5,26,27.1,30,31.6,32.8,48.1,39.8,27.6,35.9,35.5,40.4,28.8,7,24,31,26,50,47,51,16,9,15,7,10,13,11,7,6,21,44,12.5,48.1,71,60,65,62,87,45,78,138,124,124,43,57,76,0,158,36,73,69
1995-05-01,0.2,3,4,0,34,6.3,5,17,21,16.8,24.2,13,35.9,4,27.1,23.1,34,21.4,70,10,21.8,40.1,18,56,21.4,16.6,7,21,10,44.5,17.4,34.9,39,30.8,17,13.9,19,34.1,0,19,52,25.5,28.1,30.4,21.6,10,26,26,13,31.7,25,42,0,32.6,38,35.1,19,8,35.7,3,15,16.9,30.4,20,6,23,8,17.4,23.5,21.6,42.9,6,13.5,13.8,19.9,16,12,15,22,6,18,23.6,22.7,21.2,19.5,18.9,21,22,21.4,30,40,15,23.8,6,17,11.9,11,44,3,15.2,8,27.8,16.9,23.5,6,11.5,14.2,30.4,29,40,33,11,35,28.5,27.2,27,32,39,34.7,35.5,27.5,42.6,16.9,28.8,28.2,18.7,5,22.5,13,26,56,14.4,20.5,24.6,33.2,14,24.4,23.6,4,25.9,30.7,15.1,29.2,6,24,118,1,79,30.9,127,65.1,14.9,30.5,19,24.1,24.1,17.2,10.4,6.5,19,12,25.5,50.8,42.9,26,58,27,23,57,46,18,17,17,32.2,30,24,30.5,38,52,57,30.5,24.1,27.1,11,25.2,27,45,52,24,27,18,0,35,29,40,35,42.3,35,50,55,32,20.5,30.5,29,25.7,25.1,20.6,25.8,23.5,27.3,31.6,25.1,22.6,27.9,26,32.2,32.8,21.4,13,30,28.7,29.6,29.2,11,41.9,4,23.3,19.2,36.1,29.9,49.6,45.8,30.9,19.9,46.7,24.4,26.1,17.9,34,25.4,28.2,14,26,29.4,33,39.9,23.1,21.4,30.6,26.9,31.6,21.6,29.8,48.3,34.3,28.8,45.1,33.7,26.9,52,24.6,26.4,27.6,17,40.3,30.9,23.7,23.2,23.7,26.3,42.3,52,38.7,44.7,33.5,34.5,36.7,32.5,40.1,41,41.8,48.1,56.3,53,45.4,33.4,14.1,26.3,50.2,27.1,29.9,29.7,38.2,27.9,27.9,45.8,23,25,32,39.6,24.5,34.8,22.4,23,20.5,26.7,28.2,28.1,33.9,34.8,28.7,23.7,38.2,29.9,30.4,27,20.1,27.4,25,26.8,38,24.9,30.9,33.4,33.6,32.9,47.5,30.1,25.3,29.9,37.3,37.2,25.9,43,61,36,40,65,53,67,40,44,44,27,41,45,31,23,31,28.7,26,0.5,1.7,73,50,27,0,60,45,41,30,38,62,20,22,35,0,63,34,10,8
1995-06-01,0,0,0.5,0,3,0.6,0,0,7.6,6.3,11,0,16.6,0,14.1,7,10.5,6.7,10,0,9.7,16.8,12.1,5,7.3,7.4,0,0,0,17.5,7.2,9.8,0,18.2,7.8,7.2,0,3.4,0,0,0,9.4,15.3,12.6,6.5,0,0,0,3,18.8,10,15,0,13.9,0,19.9,0,0,11.9,5,0,13.6,16.6,0,0,0,8,4.4,0.3,1.1,14.8,0,0.1,0,22.5,19.5,18.1,18,3,3,8.7,17.3,18.4,12.7,14,11.8,7,12.1,15.4,16.1,12,18,16.7,6,1,19.1,6,12.9,14.7,7.7,2,23.9,10.4,10.8,3.9,3,13.9,13.8,20.3,17,1,22,37.1,11.9,7.5,18,14.8,5,19.7,11.3,14.8,24.5,7.1,25.3,13.6,8.8,6.8,9,13.3,13.6,35,4.1,11.7,14.5,21.6,8.6,21.5,20.8,11.6,18.1,19.1,9.2,34.5,12.4,7.2,11,2,2,11.1,23.4,32.2,13.3,5.5,21.6,10.9,15,13.4,16.6,14.8,8.3,9,17.5,6.5,7,7.5,4,3,0,2,3,0,29,0,5,12,10,0,18,4,0,0,1.3,8.1,0,0.9,0.4,3,0,10,0,3.6,0,0,17,0,0,9.9,5,0,0,11,14.3,2.9,9.1,13.8,6,3.2,2.9,8.4,5.3,9.6,6.4,4,5,3.1,5.8,5.1,7.3,5,11,7.6,5,4.7,6.7,9.5,0,6.5,7.6,13.8,8.3,16.9,11.6,7.9,11.5,11.3,4.7,9.8,5.7,4.8,3.2,9.5,0,0,8.3,4.2,30.9,10.5,4,5.6,11.7,6.7,4.8,5.4,39.4,11.8,5.1,13.1,10.6,13.9,17,10.1,5.4,6.2,8,6.5,3.2,3.9,4,9.1,6.1,10.7,0,12.7,7.6,8.3,8.4,5.8,5.5,5.5,4.8,10.8,8.7,10.3,9,10.8,9.8,5.7,9.9,11.2,6.2,7.4,4.8,6.5,8.5,8.1,11.9,0,0,0,8.3,5.2,9.8,6.1,9.7,9.6,7.3,6.1,6,9.7,8.9,9.1,12.6,9.9,16.4,10.6,7,10.5,7,8.8,9.7,12.5,10.7,6.3,13.9,9.4,11.2,5.7,11.4,8.7,10,11.9,15.7,12.3,0,0,0,0,6,5,0,2,28,6,2,4,12,6,3,1,7.8,0,4,3.7,4,0,11,0,9,0,0,8,12,9,5,18,12,0,12,11,3,2
1995-07-01,0,0,0,0,0,0,0,0,9.5,4.8,10.7,0,18.2,0,14.9,11,20.2,5.7,0,0,18.2,18.7,13.9,0,7.9,10.6,0,0,0,19,10.4,16.9,0,23.3,8,7.8,0,3.7,0,0,0,13.4,19,16.3,5.3,0,0,0,0,16.9,4,7,0,12.8,0,21.9,0,0,12.3,0,0,17.5,22.4,0,0,0,0,5.3,1.1,0.6,11.9,1,0,0,21.8,21.1,22.5,20.4,12,15.7,8.2,17.9,23.4,12.6,8.4,10.4,7.6,11.6,16,17.7,14.8,19.7,17.3,1.5,5.8,23,6,13.2,15.9,9.5,4.6,26.9,12.3,12.7,4.1,4.7,14.7,13.6,17.8,19.1,5.8,16.1,32.2,13.8,8.7,10.4,12.3,15.5,26.7,13.7,15.3,29.9,8.3,25.2,15.8,10.1,4.6,11.4,14,11.2,27,6.3,16,16.4,25.7,8.5,24.1,20.3,13.1,14.5,20,9,34.4,11.4,10.5,11.8,4.6,12.8,14.2,22.9,30.6,14.5,11.9,19.8,12.8,16.8,12.4,17.9,15,10,11,16.5,1,5.3,0,6,1,0,1,8,0,0,0,3,18,0,0,10,6,0,0,0.4,7.6,0.2,0.8,0.9,4,5,0,5,3.5,0,0,15,8,5,7.9,0,10,7,6,10.8,6.5,7.7,13.6,9.5,3.3,2.9,14.2,7.3,11.9,4.3,4.3,7.1,6.2,4.4,5.6,8.3,8.6,8.2,8.6,6.5,6,7.3,8.5,51,8.5,8.5,14.8,5.8,15.3,8,6.8,11.4,8.4,4.6,9.8,5,6,3.6,11.2,0,1.6,4.6,3.8,29.1,8.4,4.9,2.9,14.4,4.6,6.2,4.6,48.4,17.6,7.2,20.9,6.8,11.3,11.6,5.1,6.8,8.8,7.1,3,6.1,3.1,7.3,8.5,7,12.6,0,11.9,7.5,3.8,8.3,8.1,5.5,5.5,3.9,8.8,5,7.4,4,7.9,8.8,4.1,5.9,9.4,7.8,6.4,5.2,9.8,7.9,3.8,9.2,0,0,0,8,6.5,9.5,9.7,8.2,7,8.5,6.8,5.2,7.9,8.9,10.9,10.1,7.8,11.6,7.5,4.3,7,5.6,6.3,6.6,15.6,6.6,6,14.4,8.8,10,5.9,9.7,8.3,9,15.9,13.8,11.7,6,3,0,2,0,0,0,0,6,2,0,1,1,1,0,0,7.9,0,0,0,0,0,0,0,0,0,0,0,3,0,0,0,0,0,0,0,0,0
1995-08-01,0,0,0,0,0,0,0,0,8,4.5,15.4,0,22.9,0,17.7,9.2,13.2,7.3,0,0,11.2,18.4,14.9,0,8,7.9,0,0,0,18.5,13.4,16,0,22.8,8,9.4,0,3.5,5,0,0,14.5,19.3,15.1,6.4,0,0,0,0,17.6,0,0,0,14.3,0,21.5,0,0,12.2,0,0,16,21.8,0,0,0,0,8.4,1.5,0.4,10.8,0.1,0,0,21.4,17,22.8,22,12.6,14.8,8.4,17.7,22.8,11.6,4,10.9,7.8,12,16.3,15.5,16.2,19.6,16.6,1,6.8,21,6.9,13.3,15.5,11.5,2,27.2,11,12.7,4.2,5.3,15.5,14.8,17.8,20.6,7.1,3,12,12.5,2,13.9,16,11.4,24.9,13,15.4,28.9,7.2,26.6,16,10.8,8.2,12.7,15.7,13.7,17,5.1,15.7,14.9,25.5,9.8,25.4,21.2,12.9,15.1,20.5,10.3,33.8,12.1,11.2,11.5,6.2,15.8,14,24.3,37.5,13.2,12.8,21.7,13.5,17.9,16.8,20.6,16.2,10.2,9.1,15.8,0,9.4,0,1,1,0,6,0,0,0,0,2.7,0,0,0,4,1,0,0,0,7.1,0,0,0,0,3,0,10,3.3,0,0,0,0,0,8.5,0,0,0,0,14.8,5.6,8.1,17.3,10.1,3.7,5.6,15.3,9.3,11.9,3.4,5.7,7.1,3,6.9,8.1,10.1,9.6,8.5,6.4,5.9,7.4,11.6,11.8,7,9.2,9.6,13.9,6.6,15.2,11.7,9.9,14.2,13.3,5.5,13.7,5.8,8.9,5.1,10.5,35,2.8,8.2,5.8,29.2,9.3,7,8.3,14.7,10.3,6.7,10.1,67.4,14.1,11.1,16.8,11.6,11.3,24.3,4.8,4,6.1,11.2,5.8,3.1,5,7.5,8.6,7.2,15.2,3,13.8,9.4,5.6,8.4,6.7,3,12.6,4.3,9.7,6.2,5.1,2,6.6,11.4,4.7,6.1,9.7,9.9,9,3.3,9.7,6.5,5.6,8.8,0,0,0,9.4,3.9,9.3,7.5,8,8.2,8.7,9.8,7.4,9.8,8.2,9.3,8.3,8.5,13.3,9.2,8.9,14,4.8,7.8,10.8,14.1,7.3,7.7,11.9,8,12.1,6,7.9,12.8,10.9,17.5,12.7,11.6,3,43,41,45.5,22,0,0,2,1,1,0,1,0,2,1,0,8.6,0,1,7.9,0,4,8,0,12,6,0,2,13,3,0,0,0,0,15,4,10,8
1995-09-01,12.5,20,7,8.7,20,4.2,4,14,9.4,6.8,11.6,12,14.6,0,14.1,7.5,17,9.9,11,5,9.8,18.5,9.7,9,5.5,6.5,2,11,3,14.4,8.5,12.2,14,12.8,5.9,8.9,18,6.4,0,16,17,10.2,14.9,12.2,6.5,0,28,25,0,20.7,0,21,0,10.3,0,13.3,20,1,12.2,6,7,5.6,17.1,12,10,35,0,3.3,15.5,19.5,17,27,6,0.4,57,19.8,16.2,10,12,6,10,17,15.8,12.1,12,4,13.5,40,15.3,13.8,15.1,18,16.3,9,15.5,20,13,6,12.2,10.4,3,24.7,10.9,11.2,1,3.2,13.4,13.8,19.4,7,10.5,25,50,17,25,18,14.7,11.4,22.5,17.5,15.2,21.8,7.2,21.9,11.1,9.6,3,9.8,4,3,22,4.9,12.8,11.6,18.1,2,22.6,22,12.1,13.1,17.2,6,32.3,3,5,21,10.5,18,12.5,18.7,34.7,10,4,14.4,9.7,13.3,9.5,16.5,3,2,10.7,19.8,11.7,6,18.5,17,18,7,7,16,0,1,0,9.7,9,20,0,19,17,7,0,7.4,10,5.3,5.1,2,6,8,20,6,5.4,0,10,15,16,7,12.8,18,20,18,14,9.4,7.1,8.5,9.1,11.1,6.2,4.7,12.2,6,6.8,7.3,3.3,6,5.5,8.2,6.5,4.9,3.8,10.7,8.2,4.6,6.2,5.9,9.6,28,4.9,8.4,9.8,9.4,16.8,11.3,6.7,12,11.2,6.2,7.1,6.8,11.2,4.7,8.3,0,5.5,6.5,9.8,29.6,7.3,5.7,6.6,8.2,10.6,5,8.8,29.7,8.1,5.7,16.1,8.2,7.4,9.8,8.2,4.9,8,9.2,9.2,6.7,5.4,8.7,9.9,9,16.4,8,20.7,16.1,15.6,13.9,8.7,9.1,15.5,9.6,15.3,13.4,14.7,18,17.6,13.1,6.1,11.4,17.9,12.1,12.4,6.1,12.3,8.8,11.3,19,0,5,9,11,9.4,11.5,10.1,12.9,14.1,11.6,10.6,8.5,15.8,15.7,9.8,11.2,15.6,18.3,12.1,6.4,14.9,10.3,10.7,10.1,14.9,12.2,10.1,13.9,12.7,13.6,11.2,13.6,13.8,16.1,17.3,23.4,18.8,9,20,6,11.5,16,20,16,8,14,8,8,12,19,16,14,11,7.4,10,5.5,16.6,9,28,25,25,20,24,18,15,27,33,25,17,23,0,18,15,21,14
1995-10-01,1,0,6.5,6.9,18,15.1,71,13,11.7,13,30.4,27,32.7,13,14.2,16.5,25.3,15.7,25,0,11.9,35,13.6,17,13.4,14.2,6,29,10,43.4,11.4,32.3,42,22,12.3,13.1,23,28.7,27,33,19,17.9,18.2,27.3,29.5,35,56,31,18,23.9,15,30,0,32.1,18,27.9,41,8,35.6,7,21,14.7,26.8,19,11,30,0,9.1,12.4,27.9,48.1,15,5.2,0,21.5,19.1,15,13,13,22,5,16.2,17.7,12.7,4.5,5,12.7,18,17.4,21.2,23.4,13,20.1,10,2,26.2,10,5,13.7,10.1,10.2,16.1,11.7,12.4,6.3,2,14.2,17.8,17.5,23,10.9,30.4,37.6,16.9,13,13,5,5,27.1,20.9,20.1,40.2,15.5,32.7,24.6,12.7,3,11.9,17.8,29.4,131,11.2,14,18.7,18.6,17.5,25.6,29.2,15,16,18.6,12.2,34.5,8.9,2,8,10.4,11,16.4,23.7,34.6,11.2,5,18.9,14.6,15.2,18.9,15.2,1,12.9,10.1,20.9,29.5,55,41.5,24,78,41,49,47,67,30,7,67,68,32,48,28,24,42,48,59.2,29.7,69.5,64.4,61.5,39,19,32,24,21.6,0,52,59,53,55,79.3,45,48,38,38,10.3,36.5,34.7,17.2,32.8,20.1,19.1,30.6,27.2,32.7,22.5,18.9,33.2,30.2,30.9,39.3,13.4,16.1,45.1,32.7,33.8,19.3,22.4,37,13,26.1,16.2,39.3,60,47.7,32,35.2,27.8,42.8,47.5,18.1,23.8,33.5,32.4,35.8,69,44.4,36.4,33,35.4,19.1,19.5,37.2,21.3,39.4,38.5,39,61.8,76.2,26.6,28.1,34.1,28.9,42.6,22.7,32.2,65.5,29.7,36.3,46,28.4,36.8,39.5,28.1,47.2,19,40,47.7,65.2,50.6,45.8,34.5,48.2,52.9,39.6,51.6,61.5,32,58.1,50.6,18.2,37.6,77.5,55.8,59.1,55.1,61.8,43,32.9,57.3,52,48,113,38.9,29.7,40.2,19.7,30.1,28,35.5,44.1,46.4,46.2,53.3,54.6,43.5,50.3,53.9,27.2,34.6,34.6,31.1,32.9,28.1,46.9,33.1,46.1,44.1,55.3,36.2,48.8,54.6,31.8,51.9,56.5,57.2,35.1,20,55.5,37,47,55.5,34,29.5,34,20,34,12,16,24,15,13,46,48.3,4,57.5,107.4,30.5,12,12,0,41,30,23,20,53,55,56,59,60,0,87,58,106,87
1995-11-01,39,56,57,62,61,31.3,127,93,82.1,87.6,80.8,28,81,19,88.5,78.2,25,81.9,43,51,65.5,117.9,84,52,88.1,68.1,51,24,37,78.4,84.9,81.4,114,94.3,81.9,81,62,70.8,4,71,72,105.9,117.1,87.6,69.5,5,99,61,62,97.1,91,62,40,77.7,14,84.7,39,31,84.2,14,46,93,76.4,110,59,63,20,70.9,99.5,126,95.8,112,75.7,46.5,6,102.1,80,143,115,109,121,77,178,107.8,174,77.5,98.5,131.5,95.4,122.8,142,143,94.6,83.6,33,45,38.7,72,37,56.9,56,49.2,55.1,26.5,39.5,47.5,56.4,113.4,119,60,94,150,95,145.5,140,143,102,77,74,125.5,127.8,102.2,102.6,94.2,72.8,97,66,83.5,135,157,52,53.1,78,131,71.3,114.5,93,60,101,95.4,104,85.5,94.5,75,52,70.5,11,58,56,109.2,132.3,68,49.5,40,99.8,90.8,76.9,27.3,6,94,87,85.5,310.2,117,155,61,125,156,205,47,209,131,101,122.4,178,117,155.5,149,61,226,155.5,135.3,87.5,107.9,196.7,147.5,186,277,117,102,144.7,131,192,189,49,122,158.3,41,103,107,52,54.5,129,107.1,77.4,139.7,140.5,99.2,113.3,158,133.9,146.1,120.8,136.5,122.3,132.7,124.3,110.6,153.4,156.9,186.8,152.7,116.2,152.2,197.5,72,128.7,129,211.1,158,194.9,181.6,156.9,150.2,207.4,138.6,166.3,110.8,204.9,155.9,171.9,198.1,164.8,130.4,177,82.6,124.8,144.5,171.7,145.2,190.8,171.2,174.3,94,169.3,152.9,191.9,207.3,154,249.1,99.5,138.2,142,140,163.5,164.8,125.3,160.7,159.4,187.2,182.1,177,184.4,178,149.6,136,144.7,115.1,137.5,114.3,96.6,97.8,98.5,69,88.2,158.2,106.7,144.8,170.6,142.6,162.7,144.9,160,155.7,141.1,154,187,190,129,141.8,101.4,130.9,120.1,110,103.7,160.6,140.3,160.3,150.7,170.1,133.1,142.6,145.4,157.1,139.8,140.7,130.7,168.3,109,218.5,99.9,154.8,159.4,140.7,149.2,107.9,100,148.5,145.4,138.1,178.6,139.7,133.1,208,314.5,302.5,329.5,296,338,335,237,190,200,104,162,140,153,128,106,173.1,89,86.5,33.3,58,68,0,0,82,133,45,0,70,64,75,89,94,0,100,50,42,32
1995-12-01,6,40,37.8,51,56,43.7,49,41,35.2,36,52,56,40.1,39,58.3,41.9,49.7,40.7,81,15,41.5,57.5,32.4,69,36.5,46.6,39,21,45,64.6,48.3,52.8,38,43.8,45,40.8,42,46.2,160,44,12,46.1,55.2,41.9,42.5,142,34,29,40,42.1,71,35,10,49.2,58,39.2,15,45,45,21,56,39,46.7,69,19,22,5,36.5,47.5,52,67.2,60,44.2,14.8,34.3,25,32.3,43,10,30,15,37,41.2,53.1,63,8.5,46.6,66.5,18.5,39.8,82,43,52.3,44,48,27,30,16,12,27.8,42,40.5,40.3,17.5,33,20.5,24.2,54,50.8,57,41.2,15,40,42,70,43,36,44,30,54.7,44.6,68.5,30,55.5,43.6,50.2,40,42.7,40,35,84,32,41.3,57,137,44.5,36.1,34.9,28.2,42.5,58.4,35.3,38.7,36,19,25,26,16.1,35,52.6,67.2,26.3,34,10,38.9,42,38.7,13.9,1,46,32,52,123.3,68,53.5,60,45,135,88,54,60,74,47,58.9,58,15,57.5,89,60,81,57.5,58.5,52,40.2,78,76,67,50,15,97,80.6,119,60,64,57,40,57.1,54,66,55,45,40.6,62.8,46.4,51.6,58.3,61.4,55.8,52.4,78.2,64,68.1,51.7,64.9,47.4,55.7,46.4,68.8,78.5,61,74.2,56.7,79.6,94.6,99,111,87.7,68.9,89.3,47.1,104.1,82.9,91.6,68.1,83.9,45.6,87,63.9,92.4,84.6,60.1,78.3,68.7,49.5,76.2,94.2,64.5,86.5,68,78.8,77.7,63.5,77.4,90.6,56.7,83.5,109.5,91.5,65.4,83.5,62.9,54.1,53.4,63.4,65.8,58.2,61.9,53.6,52.6,66,78,50,54.4,76.3,57.1,48.9,50.3,51.2,56.9,48.8,53.9,54.1,49.9,35,47.3,68.6,48.6,45.6,67.2,56.2,58.8,62.5,55,78.2,47.7,62.5,49,45,38,50.4,38.2,47.2,46.1,35.3,47,63,78.9,56.4,63.9,80.6,77.6,67,76.9,61,57.8,54.5,33.6,45.5,35.6,57.5,52.7,59.2,63.6,66.2,70.8,58.5,48.8,69.7,52.4,56.8,73.7,45.4,52.9,57,124,93,115,114,83,94,148,98,178,78,127,97,117,97,129,69.3,53.3,24,53.3,74,84,0,0,46,60,79,40,29,56,62,21,76,0,33,34.5,46,38
1996-01-01,87.9,104.5,185.3,153.5,198,171.9,185.5,159,112.7,121,116.2,145,117.8,91,123,95.5,90.8,110.2,263,30,85.8,152.9,117,213,109.2,105.1,99,77,117,106.4,121.6,123.5,124,109.5,112.7,102.4,94,151.6,34,109,148,123.4,142.9,121.8,82.7,102,162,59,152,116.8,155,170,15,140.4,253,121.6,114,20,115.2,191,135,105.1,123,147,103,76,0,105.8,77.7,64.3,117.8,91.5,56.5,98.3,86.9,137,94.1,99,142,124.5,115,169,69,153,134,106.5,83,152.5,129.7,140.7,203,99,99.6,126,146,138.5,6,99,162,138,107.5,59.4,73.8,85,41,70.3,74.9,155.5,164,183,205.5,47,70,115,145,99,134,130,132,141.3,159.7,142.6,118.7,138.9,83.3,120.8,117,119,163,154,95.8,76.6,88,130,25,135.5,107.1,69,101,128.8,139.2,112.3,123.9,113,93,128,102,119,82,147.9,147.3,94.5,103,15,111.1,84,114.1,25.4,4,136,58,182,197.5,281,72,127,144,118,144,90,105,166,150,163.7,135,123,96.5,104,116,199,96.5,159.1,161.2,193.8,177.9,165.7,128,212,103,70,149.4,161,138,78,101,72,124.8,104,86,100,162,58.6,143.6,131.2,99.1,168.9,167,128.3,128.1,166.7,159.3,169.2,142.1,173.5,131.6,163.7,154.7,125.7,176.8,146.6,179.3,181.5,129.3,156.7,206.2,259,139.6,132.8,194.4,133.7,184,183.9,162.1,146.8,206.6,134.8,173.8,115.1,176.7,162.2,167.8,173,138.8,120.4,166.9,103.3,112.9,138.4,149.4,142.8,174.6,144.9,162.9,101.4,133.5,148.9,202.4,182,134.4,179.4,103,126.2,117.3,139.2,139,135.2,121.1,141.8,134.6,155.1,157.3,212,140.4,138.5,140.1,102,95.6,111.5,119.6,103,98.4,122.6,113,119.2,115.5,144.5,140.7,121.2,126.2,121.6,154.7,124.5,131.9,154.3,152,128.2,116,100,199,135.2,87.8,140.8,114.9,101,98.7,149.7,135.5,153.5,145.5,163.6,127.7,149.8,148.3,131.1,128.6,169.6,150.9,130.1,97.8,199.2,85.9,155,167.4,116.8,150.2,105.4,91.5,127.5,154.2,131.4,154.4,103.3,101.8,129,322.5,290.1,208.5,316,276,229,221,148,182,102,129,144,139,152,164,149.6,119.9,11.3,128.2,80,36,61,68,81,95,73,82,138,101,57,68,50,141,82,73.5,140,101
1996-02-01,32.9,66,42,109,339,162.7,233,101,107.6,97.1,115.6,115,148.4,82,105.3,98.2,87,87,298,60,94.9,164.6,101.1,260,101.8,106.2,127,91,123,128.4,105.2,130.3,190,89.4,107.1,91.9,86,147.6,72,92,178,101.8,118.2,114.9,88.5,140,130,270,121,134.5,268,233,63,145.3,205,126.6,91,105,121.2,142,125,103,102.7,102,104,71,61,93.6,172.1,111.7,108.3,88,26,26,55.7,56,77.9,55,103,46,82,45,78.5,96,115,129,98,114,99.9,102.6,93.4,55,101.5,69,77,70,26,50,15,49.5,113,53.6,51.2,122.5,19,26.5,60.4,131.1,132,94,69.5,108,82,108.5,65,103.4,99,110,136,111.2,133.8,109.4,108.2,100.9,71.8,89,69,73.5,130,109,90.7,59.6,63.3,109,57,113.5,64.6,79,71.4,98,120.5,99.3,108.2,22,30,46,87,90,28,135,143.4,26,90,63,111.5,52,93.7,31.1,1,26,30,149,213.8,172,165.5,105,130,197,146,130,156,212,163,218.9,102,145,113,151,105,153,113,115.5,135,98.8,179.6,218,185,211,145,156,147.8,156,144,127,152,152,184.4,124,129,108,144,67.8,140.2,136.9,83.2,156.8,160.1,120.7,145.7,178.5,168.5,170.6,137.6,161.7,143.1,158.1,152.1,117.2,187.7,161.2,188.5,177.6,122.2,155.8,220.1,36,143.5,128.9,209.5,174.6,214.2,183.7,177.9,162.1,238.3,159.5,186.4,112.4,207.4,171.9,189.2,199.5,171.2,144.5,170.8,101.8,130.2,138.3,168.6,138.8,188.5,163.2,174.6,101.4,173.5,164.1,202.7,201.2,156.1,223.2,118.2,160.8,157.1,148.2,166.3,169.1,143,165.3,147.9,184.2,184.7,211,176.5,182.6,161.2,127.5,132.3,126.1,148,133.9,101,120.7,138.1,145.6,120.3,161.3,140.3,140.8,181.9,149.5,157.9,132.5,170.4,163.8,161.2,158.9,134,162,174,142.4,103.4,150,120.9,126.6,108.3,160.4,146.9,172.3,156.1,171.6,137.9,163.7,166.5,162.7,158.8,167.5,167.2,157.2,110.1,215,107.7,180.3,154.5,149.1,163.2,110.2,115.9,143.7,171.2,140.2,188.5,142,136.5,160,263.5,226.5,227.5,410.7,231,205,162,177,167,153,219,113,140,176,192,169.6,163.3,9.5,140.5,108,118,92,105.5,137,152,105,70,145,124,94.5,51,105,162,193,102,264,153
1996-03-01,42,70,60,62,37,104.7,48,16,72.8,83.8,69.1,65,78.2,71,83.6,73.5,73.2,88.1,70,5,67.8,78.9,84.9,61,77.7,72.7,38,58,49,63.8,67.5,73.3,159,85,73.1,84,63,73.9,129,44,25,93.2,85.7,75.5,53.7,115,39,64,44,74.4,37,50,80,74.6,17,75.9,27,7,79.7,53,28,80,91.5,29,80,28,0,74.8,34.8,48.4,106.6,54,57,44,74.5,104,76.5,100,55,17,39,130,39,67,47,34.5,84,89.2,71.2,96.6,65.8,100,85.4,66,43,23,18,95,25,45.6,56,60.6,43.8,23,51,33,48.9,95.7,128,154,35,82,105,102,130,85.8,67,71,128,100.6,94.1,104.5,73.5,94.3,61.4,78.7,53,47.5,50,81,72.3,48,47,76,82,65,60.4,91,59,74.7,94.1,73.1,81.9,97,80,194,103,153,153,103.4,116.4,60.4,95,80,102.2,64,72.8,25.7,9,78,93,75,130.4,140,57,90,51,30,19,135,73,32,53,78.3,47,55,74,50,90,34,74,28.7,82.4,29.5,75.5,116.9,48,49,55,36,66.3,60,42,27,57,32,73.5,81,87,149,110,61.3,70.3,60.2,51.6,84.1,73.1,62.1,62.3,89.3,81.9,81.8,72.4,79.2,70.8,70.8,63.7,64.7,92.1,82.6,94.4,70.9,92.4,90.8,102.9,102,89.1,76,99.7,75.1,117.2,99.1,99.1,74.4,95.8,64.4,89.8,60.2,82.3,83.7,72.4,89.8,84.8,55.4,81.3,98.7,69,87,68.8,80.2,85.1,60.6,77.9,88.6,76.5,76.5,116,108.8,85.2,81.6,67.8,50.3,72.9,76.3,68.7,70.6,58.7,61.1,62.1,66.8,80.1,49,69.9,73,69.1,61.2,54,63.8,75.7,85.8,70.7,82.8,82.7,82.9,73.8,88,68.1,53,79.3,68.9,77.8,72.9,85.3,76.6,78.8,74.5,62,60,169,67.5,56.7,57.8,64.9,46.6,64.9,72.2,92.1,67.3,71.9,79.3,88.5,77.4,90.3,77.7,70.3,76.2,72.3,62.2,39.2,81.2,58.4,74.8,74.3,74.3,74,59.7,61,76.7,69.2,83.7,77.2,65.1,61.4,150,137,147.5,146.5,131.5,138.5,84,98,166,102,106,101,105,136,84,65,62,62,29.2,88.1,91,38,62,63,79,48,81,44,67,62,70,80,48,91,146.5,37,113,104
1996-04-01,32.5,42.5,52.3,5,59,27,126.5,30,47.4,45,71.3,59,58.6,34.2,71.5,43.7,58.7,44.8,61,27,36.1,58.6,47.3,74,38.7,47.1,34,20,27,62.4,48.8,68.2,15,46.5,46.4,41.4,25,59.2,68,39,25,43.2,51.4,52.6,51.2,10,117,35,65,55.3,62,77,26,65.4,21,51.2,35,8,56.4,80,21,31.7,45.7,19,13,30,36,33.7,106.6,115,75.7,77.5,38.1,23.7,28.6,50,35.8,58,64,39,51,50,45.2,94,17,43.5,63,62,56.4,50.7,49.3,58,59.5,54.2,29,41.7,13,22,25,26.9,25.4,40.8,34.3,20,30,35,33.3,61.6,62,127,107.5,63,80,41.5,71,52.7,74,75,60,58.6,48.7,67.5,37,59.3,46.4,56.5,41,30.5,57,46,53,28.9,42.3,56,47.9,40.5,39.8,34.8,42.8,50.9,55.9,39.4,46.5,70,47,58,31,121,68,66.4,73.3,34.7,38.5,26,52.8,30,36.3,26.1,5.6,60,37.6,94,171.1,181,110,156,122,97,115,122,161,149,76,65.9,119,112,117,110,156,101,117,140.8,31,126.3,164.7,169.3,102,109,113,90,113.2,35,93,90,116,146,114.1,161,146,228,157,41.6,86,90,58.8,78.7,96.8,81.3,81.6,100.4,103.5,104.3,92.8,103.8,110.4,91,101,75.7,102.7,102,120.9,112.8,104.4,127.7,137.3,23,105.3,68.8,125.7,98.7,136.1,142.6,104.1,100.8,145.8,109.5,97.3,70.8,123.1,103.1,117.9,118.7,114.8,94.8,122,61.9,82.3,91.1,120,97.5,131.5,99.5,108.1,95,125.5,89.7,131,117.8,100,122,78.2,99.5,104.9,96.6,112.8,116.8,76.4,126.4,112,123.3,135.4,109,123.5,126.2,123.6,114.3,110.1,115,122.5,125.7,103.7,108.7,124.4,125.7,121.5,120.2,91.9,115.4,150.1,105.7,112.6,110.2,112,106.4,138.2,135.1,119,115,118,100.8,74,109.2,95.2,88.7,89.9,98.5,105.9,106.2,103.6,117.6,108.1,99,102.2,128.1,85.1,92.3,87.6,108,73.3,135.3,80.4,123,107.4,113.3,103.2,83.9,92.4,118.6,80.4,110.8,122.9,119.4,92.8,96.3,134.5,154.5,139.5,148.5,156,115.5,132,153,132,112,129,148,138,86.7,137,123.3,98.5,91,36.5,52,45,47,112,43,39,65,47,85,77,72,73,65,75,105,93,57,80
1996-05-01,10,3,4,0,26,99.5,0,35,45.4,37.8,29.9,23,43.4,80,63.2,48.7,8,44.2,13,88,62.7,53.9,39.2,20,48.2,49,112,55,129,43,50,39,18,45.9,36.5,44.4,41,49.5,0,29,10,54.7,62.9,50.6,15,58,5,0,79,43.7,24,13,21,36.6,63,58.9,31,21,45.6,24,39,39.7,51,31,20,20,32,53,12.9,11,19.7,16,0.9,2,27.4,70,27.8,67,55,40,39,17,45.4,40,84,49.7,19,35,56.5,49.1,49.1,67,59.4,42.5,12,24,14,27.6,24.9,23.5,10.9,40.8,30.4,5,14.7,2,18,66.9,62,53,25.5,64,110,26,44,56.3,54,42,128,59.4,45.5,64.1,34.3,45.3,50.4,32.5,50,39,27.2,56,34.2,15.2,36.1,54,58.1,32,30.6,10,25.3,40,66.9,26.7,34.1,27.2,22,67,27.9,72,28,59.3,113.2,21.6,71,21,54.6,40,43.6,10.2,26,15.5,21.4,69,5.1,7,4,5,3,0,0,9,0,0,0,3.8,26,20,2,13,5,3,2,3.5,4.4,14.5,3.2,3.4,6,12,20,0,5.2,6,0,23,17,5,16.9,10,20,0,10,24.9,18.1,18.2,16.9,24,15.9,10.4,18.3,21.8,23,15.9,13.3,14.6,12.6,11,16.7,16.2,13.2,30.2,15.4,8.7,11.5,18.5,19,35,20.5,20.2,15.2,18.4,30.5,20.9,29.7,18.6,17.6,11.9,14.4,9.3,11.5,8.8,11.9,13.6,10.1,8.1,12.3,63,16,6.7,11.8,20.7,14.8,9.5,12.3,38.9,27.8,12.4,43,13.6,10.6,24.9,10.3,9,14.1,10.8,10.8,11.9,5.9,10.1,9.8,10.8,17.2,12,16.8,18.5,20.4,14.5,10.8,5.8,11.4,10.7,13.2,8.5,11.7,14.3,15.2,12.6,9.1,5.4,26.4,8.5,12.6,8.4,18.1,8.1,10,12.7,0,0,11,10.9,11.1,11.6,30.9,17.1,12.5,11.7,18.7,7.7,8.4,10.7,13.6,8.1,19,27.3,18.9,10,18.9,19.6,14.2,10.9,10.9,9.5,7.7,12.1,10.1,16.3,11,10.7,26.3,12.7,15.8,17.1,12.1,11,11.5,9,10,10,11,6.5,4,6,19,4,4,19.1,9,7.8,3,11,12.9,9,19.7,0,0,3,4,0,0,0,5,5,8,3,18,8,10.5,37,15,0,22
1996-06-01,21,8,1.9,6,0,1.8,0,0,17.3,7.9,13.8,0,18.7,0,19.1,11.4,18.2,9.8,0,0,13.1,20.4,15.5,0,11.4,10.4,1,0,1,21.6,15.8,15,0,24.6,14.3,10.9,0,6.8,0,0,0,15.7,21.4,16.8,7.4,0,0,0,10,20.5,0,0,0,15.2,0,17.1,0,0,16.9,3,0,14.7,15.7,0,0,0,0,9,6.9,9.9,13.6,0,19,13.8,17.9,11,20.6,23.4,20,17.8,7,20.3,28.4,35,31,5,20,18,19.4,20.6,19.3,11,22.4,23,18,26.4,10.8,22,17.3,15.3,5,32.9,16.5,15,14.5,13.5,16.3,28.4,23,27.9,4.5,35,50,57,28,17.4,19.1,11,24.4,27.8,16.4,34.2,10,27.9,13.5,19.1,4,12.2,11,3,26.2,6.1,21.5,14,34,2,22.8,17.1,15.1,20,24.3,10.6,31.4,19.5,17,20,11.5,38,26,31,38.3,16.2,22.5,26.5,15.7,16.8,16.1,20,10.1,19,14.2,25.4,3.2,18.3,9.5,8,8,0,0,0,0,10,0,9.4,10,9,15,10,8,4,15,8.2,7.1,0.1,8.7,5.7,9,10,9,0,3.9,34,0,0,8,5,9.2,8.8,13,0,3,11.9,13.2,10.9,16.7,14.5,9.7,8,16.8,9.9,16.8,8.9,8.1,13.7,4.7,11.3,11.9,12.8,12.3,15.3,12.2,10.3,17.7,13.8,18.5,0,16.3,17.1,23.5,8,21.3,23.1,18.8,13.7,12.9,10.5,18.8,4.7,11.9,11.8,16.4,14.5,9.5,8.2,9.4,31.7,16.4,7.1,12.3,18.4,22.7,10.4,9.9,43.9,17.8,17.1,21.6,16.1,12,18.2,9.9,8.1,10.4,13.1,7.2,5.6,5.7,9.6,9.5,9.1,14.6,10,14.4,13.7,8.1,9.9,6.2,8.2,5.4,5.6,10.1,6,10.6,4.9,7.8,8.5,4,3.6,11.3,4.5,5.3,8.7,10.2,9.2,5.5,10.7,0,0,0,10.4,5.6,7.2,12,13.7,9.3,10.9,7.8,8.6,11.7,9.6,11.2,10.6,12.6,15.5,8.4,6.4,9.3,7.4,10.6,8.2,14.1,8.4,7.5,12.1,9.3,10.3,7.7,10.5,12.2,9.9,13.4,16.6,10.2,15,18.5,23.5,25.5,17,10,9,5,24,8,30,29,15,21,7.4,15,10.4,8.5,16.5,10.7,17,0,0,3,6,0,15,6,3,2,10,12,12,18,4,8,30,12
1996-07-01,0,0,0,0,0,0,0,0,8.4,6,11.3,0,18,0,16.4,6.9,18.9,7.4,0,0,17.2,18.1,12.9,0,8.5,7.4,0,0,0,18.3,12.8,15.6,0,25.9,11.8,10.1,0,5.1,0,0,0,13.3,22.4,17.6,9.6,0,0,0,0,16.8,0,0,0,16.1,0,22.4,0,0,12.5,0,0,17.5,19.8,0,0,0,0,6.8,0,0,12.5,0,0,0,22.5,22,22.5,22.9,14,17.9,8.1,19.4,26.6,13.2,11.6,10.8,9.7,11.2,17.5,16.4,15.8,22.2,18,7,7.1,24.1,9.2,15.7,16,9.8,7.1,28,11.4,13.7,5,6.7,15.7,16,16.5,21.7,7,14,33.6,14.7,6.6,9.9,14.7,12.5,23.6,12.7,15.2,29.5,8.4,28.3,13.9,12.6,10.8,10.3,15.7,16,23.4,5,17,17.7,30,9.6,24.1,18.9,13.6,16.3,22.8,9.1,33.7,10.2,12.4,11.5,9.6,14.3,16,24.3,34.4,13.4,13.5,23.4,14.6,19,14.5,22.2,16.4,7.7,12.1,18.3,0,6.1,0,0,0,0,0,2,0,0,0,0,0,0,0,0,0,0,0,0,6.7,0,0,0,8,0,0,0,2.8,0,0,0,0,0,6.9,11.6,0,0,0,16.5,6.3,10.4,16.7,9.8,4.8,5.9,16.1,8.3,12.7,3.6,4.1,7.3,4.4,5.7,4.6,9.4,6.1,8.6,7.1,8.8,6.8,9.8,10.5,0,7.6,8.2,14.1,9.8,12.1,8.8,7.6,9.8,11.2,6.2,12.6,7.2,8,3.7,11.4,13.9,1.4,9.5,5.8,29.9,11.1,5,6,14.2,8,4.3,10.6,60.5,12.2,11.6,20.4,10.1,9.8,23.2,6.5,5.2,6.2,7.4,6.5,3.6,4,8.5,7.9,7.5,12.3,0,14.2,7.7,3.8,11.9,6,4.5,10.9,3.6,9.9,7.1,5.9,6.4,5,11.5,5.2,7.2,7.6,7.6,5.7,5.1,9,8.8,6.1,9.1,0,0,0,12.1,6.4,9.9,8.4,7.2,6.4,10.2,4.7,4.9,12.3,10,11,10.1,7.8,11.3,9.8,7.4,13.8,4.7,5.1,7,15.5,7.6,5.6,12.7,6.8,10.5,6.8,7.2,13.8,10.2,14,13.2,10.4,0,31.5,25,27,27,30,0,0,0,1,0,0,3,0,0,0,6.7,6.5,1.5,15.3,0,0,0,0,0,0,0,0,5,0,10,0,0,5.5,6,0,20,10
1996-08-01,0,0,0,0,0,0,0,0,7.1,5.8,11.1,0,21.8,0,16.1,8,19.9,6.3,0,0,18.7,17.9,14.9,0,8.2,7.5,0,0,0,18.2,10.3,15.8,0,22.3,10,9.8,0,5.4,0,0,0,15.5,19.1,14.2,3.9,29,0,0,5,17.9,0,2,0,12.3,0,23.5,0,0,12.8,0,0,17.4,20.9,0,0,0,0,7.3,1.2,1,12.3,0.6,0,0,21.6,20,18.6,19.5,11.3,15.8,10.1,17.5,22.6,10,12.1,10.3,8.7,12.2,16.2,15.3,14.5,20.3,18,6.5,5.8,20.6,2,12.8,14.8,8,6.9,24.3,10.5,9.9,4.2,5.1,14.2,14.7,17.3,19,6.1,14.7,10,12.6,8.1,11.5,13.8,10.9,21.9,11.9,15,29.1,8.6,24.9,15.4,8.6,10.1,9.6,17.4,14.3,21.9,4.5,13.1,15.6,23.4,8.1,22.3,21.3,14.5,12.5,19.9,10.4,34.6,9.3,9.5,10.7,8.9,14.5,10.4,21.8,36.3,13.1,12.2,21.5,11.9,16.4,15.5,19.9,16.5,9.1,8.1,17.8,0,7.8,0,3,0,0,0,1,0,0,0,0,4,0,0,1,3,0,0,0.1,7.9,0,0,0,0,0,0,0,2.8,0,6,0,1,0,8.7,6.6,3,0,0,14,4.9,6.4,14.5,7.1,2.8,3.6,13,8.1,10.4,2.2,2.8,5.1,5.3,5,3.7,3.7,6.6,8,10,5,3.6,7.5,9.6,4,7.1,4.1,16.7,7.3,11.4,8,5.3,11.2,6.5,5.4,11.9,5.7,5.7,4.1,10.9,7.4,1.3,2.2,4.7,27,11,3.6,4.9,9.4,6.3,4.7,5.4,38.7,11.9,6.9,16.9,5.9,14.4,16.3,9.6,5.3,5.8,8.4,3.3,3.1,5.5,5.8,8,8.8,8.9,0,12.4,6.7,5.4,10.7,7.7,5.8,7.8,4.5,10.2,7.2,8.6,5.6,11.7,10.6,4,6.6,10.1,8.2,6.8,4.5,9.8,10.2,6.5,12,0,0,0,7.1,3.6,10.5,8,6.3,8.1,9.5,6.5,5,8.8,10.1,12.1,11.4,8.5,11.3,10.3,6.2,18.5,6,5.9,7.3,13.8,7.8,6.6,13.8,7.5,10.5,5.1,9.6,12.9,9.3,15.1,12.8,12.4,0,0,0,0,0,0,0,1,0,0,1,0,0,0,0,0,6.7,7.3,0.6,42,0,9,6,6,8,6,0,0,15,13,14,22,14,20,12,35,38,30
1996-09-01,114,32,25.1,19,48,44.4,40,70,46.3,36.3,33.4,25,48.7,45,53.6,39.2,29,47.9,34,25,44,64,35.8,40,38.8,39,26,80,33,63.1,40.4,50.4,35,47.4,34.3,34.4,29,45.3,13,38,43,52.2,58.3,49,30.1,25,77,65,55,50.7,77,13,21,45.4,52,55.4,46,35,53.6,25,35,41.4,49.5,35,23,25,32,38.6,9.6,9.1,42.9,12.6,24,11.6,24.6,55,24.8,50,56,38.6,53,55,48,90,49.5,33,56,64.5,53.9,44.7,47.9,54.7,51.8,38.9,25,50,8,59,27.6,24.3,49,47.1,30.2,18.6,24.5,32.5,18.4,61,68,108,37,47,30,54.9,60,51.5,51,47.8,69,58.1,43.2,63.5,32.4,48.2,42.4,40.1,37,28,36,41,32.6,20.7,34.3,47,58.7,31.5,31.1,23.2,26.9,46.8,62.2,27.6,35.9,43,22,35.1,21.5,58,55,57.8,88,30,25.5,21,40.1,12,28.5,6,4,29.5,26.3,41,38.9,73,34.5,0,5,25,32,0,32,33,25,25,17,15,33.6,35,0,36,33.6,37.4,28,67.7,47.1,48,24,33,16,10,21.3,22,0,32,20,47,40.7,16.9,0,14,0,22.7,35.6,36.6,27.8,38.9,31.7,25.9,29.6,39.2,36.3,29.6,24,37.6,30.8,37.4,38,25.8,17.3,35.6,32,21.4,19.8,25.4,45.6,12,23,26.6,30.6,34.4,47.3,35.5,38.3,25.9,42.8,31.3,19.8,13.1,25.4,19.2,28.7,26.7,30.6,29.6,31.2,62.1,21,23.1,30.6,25.1,27.4,23.9,27,59.8,33.9,25.1,54.3,37.1,32.5,37.7,21.3,25.3,30.1,23,39.1,24.5,18.7,18.2,20.2,25.5,39.4,33,32,29.9,27.8,22.2,19.9,14.8,20.2,19.4,16.4,13.2,13.2,10.2,22.1,28,23.3,12.5,34.2,19.8,21.7,35.1,35.9,25.6,22.8,36.4,36,34,48,36.5,19.8,24.1,39.1,22.3,20.3,25.1,30.4,25.7,25.3,25.1,26.3,25.4,34.5,34,32.6,30.4,20.2,27.8,20.5,31,28.4,20.6,26,27.1,25.1,28.3,23.7,24.1,30.9,30.2,32.4,27.3,19.7,33,41,40.5,40,46,41.5,38.5,10,23,11,25,2,24,20,34,40,24.9,23,6.5,16.4,5,0,0,2,14,0,0,4,18,11,19,10,17,15,44,0,25,26
1996-10-01,10,7.5,5,71,158,23.3,72,38,51.5,54,63.2,90,87.2,77,65.2,52.3,41,59.1,96,48,24,68.8,51.6,106,56.9,48.3,33,44,39,89.8,60.8,86.3,175,65.5,56.7,59.5,74,79.3,0,31,97,81.6,76.2,75.2,52,15,80,87,10,67.4,71,43,38,75.2,41,86.9,72,42,92,17,42,68.2,73.6,17,33,85,0,41.1,44.2,60.6,39.6,37,8.5,23.6,20.1,57,47.4,88,78,56.2,71,68,69,75,70,58,77,63,77.2,84.9,66.1,88,94.6,57,14,15,6,33,73,32.6,25.5,35.5,44.3,7.5,35,26,31.1,96,206,115,63,65,91.8,85.8,99,71.7,89,66,70.2,86,80.3,65.3,52.8,62.1,61.6,47.3,74,54,52,46,45.8,21.2,24.5,68,52.3,46,43.3,25,51.7,62.4,81.8,46.7,38.2,30,57,65.1,37.7,85,80,77.9,94.9,29.7,25,38,66.7,34,53.6,12.9,6.4,14,26.9,55,22.9,18,25,84,21,5,20,88,69,12,10,42.5,89,59,114.8,40,84,28,114.8,65.7,10.4,38.5,65.5,84.9,13,10,59,20,34.8,26,32,53,46,55,69.6,64,88,78,48.5,33.6,43.7,49.9,29.9,49.8,40.9,33.8,51.9,48.2,49.8,41.2,31.2,47.7,47.6,49.2,43.3,34.5,29.6,54.1,47.2,46,30.6,39.6,60.5,34,33.9,28.5,52.4,63.8,63.9,42.1,56.2,38.1,57.2,46.6,32.4,18.6,37.5,33.8,40.5,42.4,47.9,40.4,47.9,70.5,18,24.3,38.1,32.6,45.2,41.8,49,48.8,51.4,25.7,65.6,39.1,34.5,51.3,23.9,31.9,52.8,29.1,36.4,46.9,27.1,33.4,32.3,36.5,43.1,20,38,50,51,48.2,46.1,42.4,56.3,66.9,51.7,62.4,63.4,67.9,57.2,47.6,41.8,35.6,68.8,49.3,46,50.1,71.9,36.3,44.6,49.8,25,28,135,50,38.4,38.5,42,27.8,33.8,47.2,53,43,45.4,52.2,54.1,41.1,58.7,48.7,41.5,43.4,26.6,42.9,31.9,48.5,53.2,44,47.7,45,57.6,37.5,54.4,52.4,45.6,46.7,52.4,41.2,41.5,12,33,30.5,28.5,32,28,30.5,59,39,55,58,48,73,52,41,47,52,36.9,55,64.1,58,91,87,76,50,38,68,0,105,113,68,58,81,99,74,0,63,54
1996-11-01,4.2,28.5,17.5,9.5,103,178.2,20,10,74.2,55.9,67.3,18,86,43,81.1,60.4,77.3,57.1,90,84,52.6,74.6,63.5,84,62.1,69.2,28,35,51,73.3,59,85.4,77,71.7,53.4,61.4,24,76.4,55,22,161,80.8,80.3,78.1,55.2,80,12,85,125,73.9,20,78,75,91.4,111,76,24,35,84.9,79,9,61.9,83.7,20,71,18,20,56.9,77,78,73.2,54,20.4,45.8,31.6,61,60.5,98,37,65.6,34,45,185,135,94.5,61,33,72,81.2,75.7,64.9,98,83.6,62.6,25,81,21,39,22,37.6,47,37.7,44.1,71.5,12,39.5,37.6,76,86,102,41,70,95,93,117,77.1,95,172,73.7,91.7,75.5,80.8,61.6,82,64.2,61.7,47,20,66,39,45.6,35.2,42.1,40,59.3,52,45.2,16,55.3,68.2,85.5,65.4,61.2,38.6,13,58.3,38.6,87,36,75.6,78.8,37.7,57.8,75,76.3,57,62.1,15.9,8.1,30,42.9,73,138.8,40,81,38,70,93,152,62,125,80,31,67.1,129,111,70.9,57,38,42,70.9,69.5,25.3,89.2,69.2,59,81,77,111,64,61.4,66,143,86,129,75,85,75,109,80,81.5,54.8,64.3,65,40.8,73.9,66.2,54.9,61.4,78.4,74.9,72.9,58.2,68.5,67.3,64.3,53.5,57.4,73.7,82.5,88,62.4,73.2,85.9,105,74,86.9,66.5,95.8,61,100.6,86.2,88.6,63.1,92.4,60.4,73.7,55.4,85,72.6,68.7,84.8,77.2,61.5,78.9,72.3,62.4,80.2,68.1,76.4,83.3,60.7,80.5,87.9,72.4,63.2,103.9,101.8,72.7,93.8,57.5,54.8,69.9,62.8,78.8,73.1,64.8,58.6,75,83.1,98.6,77,83,79,82.8,78.9,67.2,80.4,80.6,89.5,64.7,76.8,71.7,76.1,84.2,81.4,52.9,64.5,81.9,71.4,72.8,77,77.2,77.3,69.7,89,77,46,83,58.9,52.6,49.7,54.9,45.6,60.9,68.8,76.1,69.9,69.7,75.6,81.9,75.3,90.4,85.9,57,65.4,35.7,54.2,34.3,71.3,65.5,78.3,67.3,76.9,75.9,54.8,62.1,85.5,61.7,80.9,82.5,69.2,71.7,101,136.5,131.5,139,153,148.5,120.5,96,73,121,81,105,113,105,97,86,76.4,62.4,58.3,110,58,31,67,29,38,25,27,0,91,84,65,64,48,113,123,122,108,106
1996-12-01,121.2,95,64,126,211,132.4,168,176,79.9,72.7,161.7,119,127.5,86,118.8,79.3,122,68.8,155,95,75.7,164.8,70.5,136,60.9,67.3,12,22,17,121,82.5,123.5,293,73.7,89.7,67.1,96,124.4,163,78,210,80.5,98.8,105.9,84.8,90,155,83,67,104.2,147,95,85,120.7,139,105.1,40,43,109.3,64,74,68.7,75.3,122,51,116,5,61.9,157.2,122,105.1,209.8,101.5,70.4,63.4,17,76.4,48,46,54.7,55,23,69.9,190,80,8,46,29,94.5,84.8,64.7,48,75.4,75.7,21,13,17,62,13,54,62,59.5,42.5,28,71,71,57.3,65,134,89,86,38.5,70,101.1,69,84.6,97,104,103.9,115.4,117.3,84.8,89.1,98.3,67.7,73.8,21,37,22,84,82.9,57.1,59.4,7,56.2,29,68.1,10,63.5,89.7,94.2,71.9,89.6,44,66,104,60.4,14.4,108,98.2,99.2,59.1,56.5,85,96.8,118,66.2,10,5,96,52.5,36,170.5,194,81.5,142,143,83,98,156,188,208,196,196,88,59,146.5,130,142,135,146.5,153.5,134.2,161.5,251,221.9,113,101,59,48,151.3,166,111,88,92,95,143.6,179,176,159,122,72,133.8,132.4,74,134.2,145.6,104.7,125.7,141.9,147.2,143.3,131.6,164.7,131.9,146.6,144.8,114.4,141.4,162.2,177,169.4,111.2,142.7,203.6,82,134.2,99.1,198.3,153.3,200.5,172.9,148.9,152,212.3,155.7,143.5,105.8,175,154.9,163.9,174.1,140.5,120.1,164.7,85.5,110.7,118.4,151.3,139.2,173.3,137.7,147.9,109.9,168.4,133.2,201.4,149.2,122.3,181.9,97.2,134.7,141.2,127.4,137.9,149.3,120.6,146.8,123.4,145,151.8,101,135.2,150.3,150.8,101.8,113.6,122.2,138.9,128.9,124,138.7,162.2,152.3,135,146.4,124.5,117.8,159.8,112.2,156,133.4,150.4,149.9,156.3,151.9,233,180,193,133.7,102.4,141,132.8,100.7,99.1,152.9,136.5,161.7,144,154.1,126.3,158.8,135.2,133.6,124.6,151.3,141.1,157.1,103.6,205.9,84.8,150.9,149.4,120.9,138.2,93.7,94.8,129.3,139.7,122.1,156.3,115.7,115.1,84,119,140,126,191,186,177,175,89,180,133,160,184,191,122,123,155.1,142.6,139.5,377.9,246,200,216,301,176,138,242,184,310,341,281,249,269,289,183,231,400,366
1997-01-01,125,149.5,135,62,115,109.3,160,69,150.8,116.2,107.5,128,143.4,113,129.4,154,33,138.4,110,310,25,156.3,149.2,120,147.6,161.2,165,109,151,121.4,142.9,131.6,105,136.9,139.5,158.1,66,133.9,77,59,88,156.8,149.3,166.1,102.9,44,128,221,343,137,44,57,153.7,136,80,153.7,23,36,151.6,202,160,140.8,144.3,87,129,20,67,128.6,114.4,123,154.6,95.7,147,82,140.8,226,117.8,235,328,153.4,111,179,200,220,83.5,304.7,255,177,211.4,185,185.6,235,176.5,150.4,36,30,26,144,53,44,118.6,109.5,44,69,97,106.5,96.3,177,208,213,50,254.2,80,257,197.7,204.4,279,263,181,203.8,229.4,202.1,145.1,162.3,153,156.1,265,186,155,132,206,92.4,123.3,177,154.7,113,127.9,139.5,165.1,152,190.2,175.2,139.4,151,163,177.5,137.9,215.2,201,195.5,229.4,130.6,106.5,295,180.6,47,159,93,12,102,101.5,164,271.8,195,143.5,60,72,64,120,81,155,185,237,59.2,123,65,148.5,168,60,211,148.5,126,175,101.1,127.7,137.7,119,127,65,87,152.8,140,135,76,92,205,71,75,24,61,41,71,140.5,109,104.8,164.3,153.2,107,132.3,171.3,171,154.7,143.5,160.7,139.2,174,172.6,137.3,173.8,163.7,178.5,175.3,122.7,167.8,229.3,122,144.6,153,201.1,134.7,203.1,201.8,171,157.1,223.8,142.6,184.8,135.5,172.7,172.9,156.1,176.7,151,126.7,165.2,107.4,136.2,137.2,162.1,155.8,177.2,147.4,183.8,92.4,154.8,167.7,205.1,175.8,142.1,195.8,127.5,130,103.7,172.9,171.1,116.7,128.9,145.8,124.4,157,158.1,128,151,132.4,114.8,96.4,94.3,116.1,108.8,98.2,97.7,116.9,112.5,126.8,115,143.1,150.4,98.6,112,124.3,156.7,127.8,151.1,155,149.1,122.9,115,134,231,148.1,94.1,140.2,108.7,103.6,102.9,145.5,144.2,162.9,151.6,170,117.7,147.7,149.5,127.7,147,176.2,186.8,125.8,103.9,205.1,87.6,180.6,221.4,134.6,157.6,116.8,98.6,123.5,169.3,121.7,152.3,103.7,90.6,127,246,310,256,312,285,213,223,141,206,141,228,231,181,160,155,160.5,141.1,16.5,95.3,246,180,208,264.3,219,197,208,177,137,109,101,142,144,215,83,120,109,129
1997-02-01,33.9,9.5,69,46,109,148.1,106,127,107.1,97.2,98.2,72,107.4,76,123.6,100.2,61,120.9,165,135,180,125.1,123.3,163,119.5,116.5,181,55,179,139.8,90.2,121.4,115,112,93.7,99.6,84,136.9,142,137,113,146.9,134,102.8,63,155,52,109,295,107.3,193,113,97.7,121,36,120.5,49,59,114.6,141,163,121.9,120.1,92,283,61,35,110.4,60.6,37.4,102.1,129,80.3,73,78.6,97,105.7,131,105,91.6,101.6,103,97,121,103.5,99,100,101,107.3,130.7,126,149,109.2,98,68,112.5,17,48,45,55,100.1,67.2,71.9,38.5,44,54,55.8,141,333,48,42,132.9,105,173,141.5,130.2,172,157,147.2,126.8,165.1,123,92.6,141.8,100.4,113.9,19,63,49,126,46,51,59.9,103.1,84.5,72,79.6,84.3,82.8,111.3,115.2,105.6,114.3,135,81,110.3,65.6,144.8,99,123.6,124.2,67,120,148,106.8,95.8,111.9,34,9,86,71.4,99.3,72.2,121,104,37,46,45,44,58,40,51,57,67.4,54,19,41.5,62,37,45,41.5,60.3,121.2,113,60.9,102.3,90,53,22,68,86.5,123,54,29,11,17,52,56,20,56,79,60.5,93.1,74.9,73.2,109,81.6,70.3,82.4,98.3,91.5,90.6,79.1,80,66.4,85.8,66.6,77.2,90.4,66.8,96.7,66.5,95.7,95.6,104.5,88,89.9,81.5,94,68.9,111.1,88.6,92.8,82.2,92.3,61.2,86.9,73.2,78.7,83,60.9,75,77.1,49.8,75.6,111.5,71.6,82.8,65.1,77.4,80.7,55.3,78.3,83.1,50.6,78.9,124.6,89.9,74.8,83.7,57.1,48.4,57.2,64.9,62.3,60,64.7,55,58,66,84.5,56,70.5,70.1,69.3,49.3,39.9,47.9,51.6,45.5,47.3,54.5,47.1,46.5,51.2,74.5,69.9,47.4,80,67.1,65.7,71.7,75.7,82.4,85.5,68.4,40,55,65,76.6,47.7,51.5,65.6,46.8,62.4,71.1,94.9,69.1,66.6,80.9,79.9,78.1,74.7,62.2,68.6,76.6,81,70.7,52.6,94.6,53.7,59.5,61.9,64.9,75.4,64.7,51.3,77.2,76.6,73.4,86.1,57.2,62.9,87,86.5,102.5,94,123,102,116,98,46,142,72,89,173,127,101,75,55,55.1,0,15.1,18,6,15,36,31,28,32,21,66,25,47,36,0,47,32,14,45,14
1997-03-01,112,62,139.5,40,128,98.6,64,100,72.7,75.2,68.3,60.8,81.3,88,84.4,80.9,116,75.4,50,65,16,81.8,63.9,90,64.1,80.8,174,16,112,71.4,70.2,95,72,64.4,61.3,72.4,12,80.9,190,0,120,68.7,75.5,68.7,54.7,78,38,23,81,70.6,101,4,62.2,83.2,104,70.3,65,58,83.6,67,55,61.7,75.2,72,56,95,86,78.3,43.2,51.5,107.8,85.2,32,23.8,61.9,69,71.8,47,83,56,61,62,72,84,65.5,71,81,55,71.5,74.1,57.6,47,73.2,79.6,44,26,13,40,38.6,35.4,75,67.1,46.2,11,21.5,27,47.2,84,31,25,66,77,90,81.1,76.8,73.2,87,68,102.4,85.9,80.2,83.7,64.4,79.8,53.3,69.1,8,56.5,37,120,87,57.1,56.6,71.7,66.8,7,51.4,60.3,54.4,76.6,82.9,65.6,79.6,50,51.3,92,58.5,99.2,78,89.4,97.2,54.3,100,41,83.6,71.2,68.5,20,10,45,49.4,27,182.8,39,99,178,53,91,70,165,55,93,76,36.2,126,89,42.8,103,178,69,42.8,83.1,129.5,61.2,94.4,42.3,86,164,69,49,89.6,120,64,85,110,100,91,212,197,189,189,78.5,68.2,57.5,48.5,81.3,72.2,66.2,68.5,84.5,71.6,77,71.6,74.5,65.9,73.6,67,64.5,80.9,72.3,85.4,70.8,73.4,89.9,109.7,76,80.9,68.3,102.8,61.2,110.1,98,99,66.3,99.3,62.6,93.2,68.8,97.2,80.4,75.7,90.5,84.7,68.6,78.5,103.1,81.8,94.2,88.1,94.7,100.6,69.7,92.5,97.2,63.4,94.6,129.5,124.1,93.5,144.8,75.8,65.5,64.3,85,104.5,74,77.2,75.2,86.7,108.2,133.6,164,96.6,102.8,96.6,96.2,85.4,99.7,113.3,120.9,113.6,127.7,142.1,138.5,143.8,94.1,60.1,72.8,80.1,90.8,69.5,72.8,70.1,87.9,89.7,105.2,55,57,48,61.8,58.2,57,75.1,61.5,72.2,65.9,85.2,82.6,74.6,103.3,81.3,79.6,94.6,82.7,69.7,80.2,54.5,67.3,40.5,77.5,65.3,92.7,79.9,95.5,89.6,68.2,93.4,89,70.7,84.7,98.9,74.2,69.7,109,229.5,210,209,226,184.5,255.5,103,68,130,58,62,119,56,63,46,74.3,89.8,12,139.9,189,118,167.5,209,119,187,170,100,119,111,153,162,110,92,116,166,133,156
1997-04-01,0,0,0,0,6,2.4,5,1,14.5,8.3,17.6,7,26.5,27,19.6,13.3,8,14.9,0,0,0,31.5,12.8,7,10.3,13.6,3,0,10,32.6,13.1,29.3,0,20.8,11.8,12.6,64,22.8,35,0,8,16.5,26.1,25,10.5,20,0,0,0,24.6,43,15,6.6,22.7,48,19.3,0,0,22.3,0,0,12.3,25.3,6,0,0,0,9.9,4.1,9.4,37.5,5,0,0.3,20.4,21.4,15.1,21,15.2,19.2,17,26.3,26.4,2,23.4,16.3,15.7,25.7,24.5,26.6,22.9,27.4,26.3,19.7,0,32.8,6,22,15.8,13.1,35,21,16.7,13.8,9.9,9.4,12.5,16.6,22.1,21.6,15.2,33.5,165,17,17.8,13.2,16.8,20.6,29.6,19.2,20,38,11.3,32.2,21.7,20.1,6,4,3.8,96,48,14.1,16.9,19.2,25.2,13,29.3,30.4,23.7,21.3,24.5,10.8,40.4,12.8,12.5,18.1,13.3,24.7,8,29.6,44.6,12.9,25,17.4,13.7,17.4,18.1,1,10,17.2,14.3,9,49.1,33,47,36,30,24,30,8,0,11,0,45.9,58,29,2.5,31,36,35,2.5,1.2,27.9,7,11.8,12,40,32,29,34,15.3,5,39,34,28,55,68,22,34,35,73,21.4,15.1,12.8,12.5,15.5,15.4,11.5,18.8,17.6,14.7,14.3,14.2,17.3,19.4,17.5,16.2,12.7,18.6,28.5,20.2,18.2,18.2,16.1,26.4,11,18.1,15.8,26.9,24.1,35.5,25.1,24.9,17.6,31.9,20.4,21,14.7,23.9,19.9,19.7,17.8,23.2,20.2,28,29.9,18.7,18.8,17.4,21.9,26.3,18,25.1,57.6,37.6,23.7,46.8,31.1,21,33.5,27.7,21.8,33.6,29.5,34.7,35.8,21.6,28.2,22.4,28.9,41.9,32,40.4,52.6,52.3,44.2,46.9,32.8,50.5,49.2,39.4,47.7,55.8,56,49,39.9,13.1,33.9,55.9,47.1,42.5,26.3,30.5,29.2,23.8,51.4,0,0,0,27.2,31.1,34.9,17.1,22.9,20.6,23,26.3,26.1,33,34.1,27.1,23.6,32.4,28.4,25.4,22.5,18.3,23,23.8,19.9,42.1,26.7,30.7,39.6,36,32.7,43.3,37.9,29.4,31.8,37.5,45.1,31.1,60,72.5,68.5,40.5,82,78,48.5,13,22,31,14,13,24,11,8,1,23.1,28.6,31,31.8,182,157,169,225,169,165,175,219,150,184,155,87,139,98,132,64,41,26
1997-05-01,8,2,2.5,9,24,7.8,0,45,31.2,26.9,17.2,33,34.2,10,46.6,28.2,12,35.4,27,64,10,46.1,27.2,23,30.9,20.7,17,12,16,33.9,32,26.3,25,36.4,23.3,31.7,0,27.2,6,8,4,37.9,43.5,34.4,12.4,15,32,0,15,43.1,22,0,21.1,31.4,56,35.8,0,10,31.6,9,28,26.4,39.2,22,18,0,0,27.3,32.2,41,16.3,2,20.5,12.7,24.4,40,22.1,39.5,28,34.7,28,32.2,55,35,20,25.7,46,31.5,33.8,35.8,35.2,58,42.3,34.5,15,30.5,16.8,25.4,18.5,17.4,55,32.8,23.2,10,5.5,5.5,12.3,29,30.8,55.6,15,65,80,41,41.1,34.5,41.3,30,85,42.2,41.5,49.9,22.3,30,39.1,22.5,30,31.5,1.2,43,35,11.9,27.8,30.3,53.2,14.5,29.1,28.7,20,30.5,51.4,18.6,31.5,24.4,35,53,19.4,46.5,32,51.1,72.4,20.5,41,21.8,33.2,37.7,20.5,12,26,15,18.9,38.1,0,13.7,53,17,1,0,9,18,0,0,0,6.5,13,21,0,18,17,0,0,0.9,14.2,0,2.5,2,34,18,21,1,4.3,0,0,25,45,20,17,15,46,28,20,27.2,15.9,14.6,18.3,16.6,12.9,6.4,15.2,13.2,14.4,11.4,9.2,10.6,10.4,7.9,12,11.1,10.9,22.8,10.8,11.8,9.5,9.3,13.1,12,14.5,16.2,12.3,11,26.8,17.4,24.1,15.4,11.5,9.5,13.4,7,10.3,7.2,9.3,9.4,7.4,7.6,13.4,50.9,14.9,8.2,7,18.2,8.6,8.1,12.8,40.6,24.8,11.7,39.5,12.2,14.1,19.9,13.3,9.7,9.7,14.1,11.9,9,7,11.1,10.5,8.9,15.7,18,19.8,21.2,21.4,14.8,12.8,14.9,22.6,18.8,20.6,21.4,17.4,16.1,23.6,18.2,6.1,11.7,26.1,11.7,15.1,11.7,18.2,9.6,10.9,19.2,0,0,0,9.1,13.5,17.8,22.1,15.3,13.1,13.3,18.9,10.7,11.9,11.2,14.3,8,17.1,18.7,21.8,9.8,15.6,13.2,15.2,8.1,15.1,12.6,7,18.6,12.3,17.2,15.2,10.6,22.6,10.5,17.2,17.3,10.6,17,0,0,0,0,0,0,1,1,7,0,0,17,0,0,0,8.7,14.7,0,59.3,11,15,11,52,9,0,20,3,5,7,26,25,14,21,14,76,58,61
1997-06-01,0,1,3,2,3,1.5,15,0,4.2,6.2,12.2,0,11.8,0,13.9,6.1,0,9,0,0,0,5.9,5.7,0,3.2,6.1,2,5.4,1,18.2,7.1,13.4,0,7.9,4.7,5.4,0,11.8,6,0,0,6.8,8.9,11.9,6.5,3,15,0,17,9.6,0,0,3.8,8.1,0,13.9,17,0,9.3,0,0,5.7,8.7,0,0,0,0,2.8,7,1,22.8,16.6,0,0.3,11.2,18.6,14.1,20.6,11.3,12.8,14.4,15.8,12.3,22.4,1,9.1,11.6,20,13.4,12,12.9,15.7,14,7.9,6,17,12.8,9.2,11.2,7.2,6.9,16.7,10.4,3,4.2,1,10.3,9.2,19,16,8,18.4,15,12.1,11.7,14.2,12.2,13.7,22.2,12.6,16.5,23,7.2,17.7,13.6,8,11.6,8.8,10.4,80,28.6,7.5,7.2,14.1,15.4,9.8,25.9,23.2,13.9,9.1,15.5,6.6,34.9,8.9,9.1,19,6.6,17,8.8,16.7,33.6,8.5,6.7,13.5,7.1,8.6,11.2,15.3,11.2,14,7.3,15.8,0,11.2,9.5,18,5,19,0,34,0,4,0,19.2,6,4,10,8,18,0,10,7.4,10.6,21.3,4.1,13.2,24,20,4,10,6.7,16,16,5,0,0,19,22.5,28,25,13,6.7,11.6,9.9,9,9.4,7.5,6.6,9.7,8.9,6.9,7.4,5.4,9,12.3,11.3,10.7,4.3,10.2,12.8,10.7,7.7,6.8,5.1,15.4,0,6.7,3.7,10.4,12.6,23.7,11.7,7.5,9.4,13.4,8.7,7.3,7.8,10.5,7.2,7.2,7.3,10.1,8.7,12.5,19.5,4.7,8.3,7.1,6.1,8.8,6.9,10,31.1,15.9,6.2,13.1,9.3,9.7,12.9,7.9,5.7,15.9,12.2,11.8,15.7,6.7,9.9,12.5,8.7,17.1,20,16.1,20.9,27.7,21.3,18.5,17.7,24.7,24,22.5,27.5,30,31.7,37.5,22.4,11.8,18.6,38.1,19.1,19,10.1,22.9,15.9,16.7,34.7,0,0,19,13.6,23.3,27.6,13.6,16.4,14,13.6,15.6,11.2,19.3,18.6,14.2,16.4,17.7,20,23.6,10.5,18.2,18.8,17.2,9.2,28.9,17.4,13,19.6,17.1,19.4,30.2,18.1,18.5,20.4,21.3,35.8,17.8,23,0,1.5,0.5,0,0,0,5,8,8,10,4,42,10,5,3,10.3,12.6,22,93.3,68,35,53.5,54,39,64,77,25,90,53,42.5,22,31,70,24,21,143,162
1997-07-01,0,0,6.1,5,7,15,36,0,7.5,6.7,9.6,3.4,7.7,4,13,8.2,10.4,8.8,7,0,4.6,8.6,8.1,4,4.4,10.4,13,5.5,10,16.2,6.1,11.5,0,5.2,4.9,6.1,4,8.5,0,10,0,4.2,8,6.4,4.4,0,12,0,0,8.7,5,6.8,1.5,10.9,0,12.4,0,0,7.4,5,0,4.5,9.5,0,0,3.5,0,4.4,26.2,25,18.8,9.1,2.5,0.2,14.8,17.4,15.2,18.7,11.3,13.3,9.8,14.7,17.4,17.3,7.5,9,8,16.5,11.8,13,13.1,14.5,13.5,5.9,4,15,9.7,9.2,11.8,6.5,5,17.4,10.7,7.5,0.5,2,11.4,14.2,18.9,21,3,15,15,10.6,9.5,13,9.4,11.9,23.4,12.7,12.3,18.3,6.2,22.9,11.5,8.5,6.7,8.9,9,59,24.3,6.5,7.7,14.4,16.7,14,22,17.6,13.2,10.9,14.1,4.7,32.6,7,9.8,9,6.7,13,7.3,19.1,28.1,9.7,9.5,16.8,8,9.7,9.9,16.1,12,7,7.9,15.3,8,13.7,0,13,5,0,5,4,5,8,0,8,16,8,4,11,13,6,4,14.2,4.8,23.1,11.5,10.8,7,9,8,9,5.2,0,6,0,13,0,5,10.3,13,10,4,8.9,10.1,7.6,10.9,14.2,4.8,5.6,11,6.8,11.1,10,6,11.5,9.4,12.4,12.2,6.3,6.7,11.7,9.2,6.8,7.8,7.2,12.3,6,7.6,8.4,10.3,13.7,20.9,19.2,4.9,10.2,11.3,8.4,7.8,6.6,8.8,4.5,10.2,7.4,8.5,6.6,9.1,29.5,6.7,3.5,7.1,8.3,9,6.5,8.2,37.6,7.1,4.2,14.3,12.5,6,13.5,6.5,4.5,9,8,7.1,6.2,4.4,9.6,8.8,9,13.8,9,11.9,12.1,11.8,12.2,8,9.1,9,8.4,13.9,10.7,11.8,11.9,17.4,15.3,8.5,11.8,20.2,12.3,13.3,8.5,12.3,10.6,12.9,17,5,3,27,11.7,11.5,11.9,12.3,12.9,11.3,12.9,12.2,7.9,15.7,12.3,10.3,9.2,15.7,16.9,14.9,9.9,13.6,16.4,9.2,8.3,14.1,11.7,11.8,14.4,11.7,13.1,12,11.8,12.2,14.2,15.4,20.7,15.1,7,11.5,12,9,13.5,10,8.5,23,5,14,6,8,40,10,7,6,9.4,8.3,66,62.8,16,6,20,17,14,15,15,24,32,26,25,27,27,35,20,27,57,53
1997-08-01,8,1,1.1,1.5,0,0,12,4,5.4,5,8.2,5.1,11,48,13.3,6.9,7.4,5.5,0,0,11,15.8,5.3,0,6.4,4.9,0,3.8,0,13.9,5.2,13.4,8,13.7,6.7,5.3,0,11.8,0,0,20,8.9,7.1,10.2,3.9,0,0,0,0,19.1,21,9.6,5,10.3,14,15.3,0,0,9.9,0,38,7.9,17.1,0,0,4,0,3.1,6,19.5,16.3,7,0.5,0,17.6,19.9,16,19.9,10.6,14.2,14.9,13.4,15,5,8.9,10.9,10.6,12.1,17.6,15.9,12.2,18.1,14.2,7.4,8,16.7,9.2,8.2,13.8,7.4,4,20.3,11,8.9,3.1,5,10.3,11.5,23.1,32,2,17.9,20,16.3,7.4,11.9,17.1,11.5,23.4,11.2,13.9,23.1,7,25.8,12,7.9,6.8,9.3,13.5,13,17,4.4,11.2,12.4,16,9.1,20.1,17.1,12.6,12.6,12.3,8.3,33.9,8.5,8.4,3,6.7,12,3,18.7,34.8,10.1,7.7,17,9,12.3,8.5,17.2,13.8,11.1,8.8,16.8,18.7,8.8,2,3,7,11,4,5,0,4,0,8.3,10,9,0,10,3,3,0,1,1.2,0,1,0.6,19,37,9,11,5.3,0,5,0,12,0,0,9.6,3,0,2,9.7,3.3,5.9,9.7,5,6.9,7.6,9.1,5.5,6.8,5.7,2.2,4.1,4.3,6.6,4.6,3.2,6.5,9.3,8.4,3.8,4.5,8.3,8.3,0,5.4,5.4,9.5,9.7,13.3,11.6,4.6,9.3,7.8,4.8,4.8,13,6.5,2.9,7.3,4.1,4.1,4.7,7.6,28.8,8.2,4.2,3.9,7.8,8.8,3.4,7.9,40,9.7,5.2,14.2,8.8,4.6,9.6,10.8,4.8,9.3,6,7.4,5.1,4.8,8.9,7,8.9,16.2,37,14.7,16.1,9.6,12,9,5.9,11.7,7.1,12.9,9.1,10.5,12.6,13.3,15.2,6.3,11.7,21.2,10.8,11.3,7,10.4,12.1,9.8,18.1,0,0,35,9.7,10.6,11.2,6.8,13.2,10.4,10.6,10.5,12.3,11.5,12.8,10.4,13.1,14.3,17.1,10.8,6,18.7,8.1,12.1,8.2,14.6,10.3,10.7,11.1,11.4,12.2,9.2,12.6,16.3,14.3,20.5,20.3,14.5,28,22,18,15,26.5,24,24,4,3,4,2,2,11,3,2,0,6.8,5.7,11,7.4,14.2,28,21,27,21,25,15,15,30,18,26.5,6,13,16,14,17,8,7
1997-09-01,12,23,2,3.5,18,20.1,30,0,5.7,9.8,11.8,15.7,15,0,13.5,12.1,12.3,11.1,20.5,0,10.1,20.6,9.2,0,6.6,9.3,0,6.7,0,33,10.5,27.5,8,13.1,14.4,8.1,2,16.7,0,0,4,12.6,16.7,16.3,24.1,0,0,0,0,15.6,0,16.7,5.8,21.1,0,16.4,0,0,18.4,0,10,8.7,13.8,12.3,4,11,0,9.9,31.9,37.5,45.4,12,0,0.9,13.5,17.5,17.6,19.1,12.4,11.9,14.2,18.4,47,15,11.4,10.4,4,21.8,15.7,18.3,16.9,17.2,14.5,14.3,16.4,19.8,14,9.6,11.3,9.5,10.2,17.3,10.9,2.5,0.5,0.5,12.1,23,15.7,7,8,31,35,17,10,13.9,11.8,10,31,18.8,17.2,30.7,12.3,25.4,20.5,15.3,10.5,5,15.7,37,77,12.3,15.8,19.8,20.1,11.3,21.8,22.1,15.4,16.1,13.4,12.3,31.6,9,12.1,16,8.1,17,4,26.6,33,11.3,11.1,17.1,11.3,14,13.2,13.4,6.8,11.3,12,25.1,49,50,14,34,32,30,36,60,68,48,40,39.2,35,32,53,22,34,51,53,54.2,33.7,42.6,119,78.4,58,70,32,25,29.6,40,47,0,32,35,37,53,50,62,42,6.8,32.6,28.3,27.8,35.9,24.3,20.3,26.6,24.8,31.1,26.9,23.1,31.1,31.2,34,40.5,21.4,19.2,40.3,35.2,41.9,29.1,25.3,47.9,6,33.8,22.7,43.1,33.7,48.1,46.8,40.7,22.4,47.5,34.8,30.5,23,41.2,34,37.6,36.3,42.3,35.5,36.8,18.8,30.9,24.1,39.4,25.1,39.6,39.7,36.2,47.9,44.6,36.3,30.2,40.7,29.9,38.2,27.6,31.7,32.7,28.2,39.1,30.2,32.6,29.4,28.9,30.3,54.3,70,39.3,48,36.6,33,32.5,33.6,39.7,39.2,43.1,47.3,40.6,35.8,36.5,33.1,14.6,29.5,54,40.8,43.3,43.2,33.9,36.2,26.9,52.9,68,51,43,34.7,23.2,31.2,16.3,25.9,20.9,27.6,34.1,35.5,36.9,38.9,35,34.5,41.7,35,31.1,33,24.1,25.5,28.1,30.8,32.9,30.9,37.1,37.1,46.5,32.5,33.4,32.6,25.4,32,48.3,41,27.5,51,44,58,28,38.5,27,42,44,18,38,22,36,54,44,22,41,45.5,29.5,0.7,9.1,18,3,12,25,10,15,17,22,27,35,10,6,7.5,0,7,0,14,12
1997-10-01,3,11,58.2,12,96,19.1,70,90,37.3,32.3,72.7,39.1,73,125,47.7,45,59.6,37,93.2,93,45.7,67.4,30.6,109,38.1,42,34,28.7,45,71.1,25.8,76.6,72,39.8,32.7,37.4,86,63.7,0,55,87,42.1,51.8,50.4,51.5,30,76,64,31,82.2,104,62,32.7,76.4,34,57.6,58,30,72,9,70,38.6,54.8,58,0,45.7,6,21.2,79.8,118.8,67.7,71,15.5,19.4,21.6,43,27.1,40.5,38.7,47,47.9,25,36.7,30,44.1,34,23,36.6,40.5,39.1,37.4,45,48.7,37.2,21,37,21.8,13,20.1,24,5,25.1,28.4,22,11.5,17,24.4,31,46.4,73,20.5,27,40,52.1,34,43.3,62,70,56,43.8,39.1,64.9,26.4,54.8,39.7,38.2,26,30,27.3,47,48,28.5,30.1,44.1,43,82.5,36.3,31.2,33.1,41.2,47.9,37.7,45,5,27,33.2,15,3,2,50.2,76.5,26.4,39.4,12,42.5,33.8,35.4,24.4,5,27.1,21.3,44,89.6,65,124.5,238,88,156,37,197,103,86,38,77.9,129,124,80,126,238,61,80,120.9,29.5,61.8,61.9,75.2,70,132,124,78,62.1,80,42,149,166,91,78,204,209,225,226,29.1,66.8,58.6,44.6,53.1,63.4,56.2,52.9,78.2,62,70.4,66.4,72.9,71,67.7,76.4,47.7,72.4,75.8,91.2,78.2,70.2,80.8,100.8,0,86.3,58.2,114.7,94,95.7,88.2,70.5,75.4,98.1,83.3,72.8,52,95,76.2,86.4,90.7,90.5,90.7,90.6,61.6,48.7,71.9,89.1,83,93.7,82.3,76,94.2,95,58.6,118.2,105.6,66,115.5,64.1,76.8,108.1,76.3,92.9,105.9,77.3,96.1,107.3,102.2,142.2,132,103.8,125.4,125.3,122.2,129.5,137.1,143.9,155.7,135.3,148.4,167.1,154.6,152.5,115.5,60.6,99.4,148.6,116.7,93.3,96.5,109.9,86.8,104.7,138.2,103,77,82,73,61.3,60.7,56.6,73,75.1,71.9,76.5,90.5,84.9,96.4,91.3,88.2,99.1,115.2,63.9,75.8,57.2,65.9,36.1,89.3,78.1,92.5,87.9,103.2,92.9,64.6,92.2,121.1,69.7,110,112,109.2,85.2,89,117.5,102,104.5,118,125,92,75,57,70,70,91,134,111,85,87,97.5,94.1,57,109.5,209,174,190,196,126.5,195,186,128,153,98,136,113,103,97,271,98,93,119
1997-11-01,12.5,73,61.6,104,137,54.9,125.5,89,59.4,48.4,71.6,41.9,65.9,0,57.7,52.9,62.1,43.7,77.8,90,45.2,71.9,56.7,79,54.1,57.1,84,45.7,69,82.9,47.8,89.4,44,49.8,51.3,55.3,191,73,48,10,64,55.2,65.9,61,52,50,52,73,95,67,69,73.9,37.5,78.7,77,65.6,27,10,70.2,74,15,47.8,61.5,70.8,15,56.1,0,44.1,53.4,54,81.7,68.4,18.2,16.2,35.9,56,47.6,23,60.3,49.2,51.3,48.1,57.6,35,62.7,64,37,41.5,83.2,56,55.2,23,70.7,55.6,11,23,18.8,46,29,26.9,23,40.6,31.7,18,19,26.5,36,105,69.3,85,39.5,34,90,58.4,106,61.7,144,124,70.6,55.9,60.3,64.5,51.3,54.5,54.4,53.5,28,16,39.2,31,46,31,50.3,157,49.5,24,37.8,40.3,47.5,55.3,70.4,48,48.9,18,5,49.9,30.7,95,54,74.7,92.7,32.6,52.9,82,60,54.9,56.4,23.1,6.4,8,29,56.3,125.6,118,102,75,160,136,176,126,101,86,116,102.4,56,106,47.5,110,75,160,47.5,186.6,97,47.3,101.1,113.3,136,194,106,138,123.2,170,133,68,139,96,68,92,119,104,92,50.3,78.2,72.7,65,74,86.8,75.8,62,95.9,101.5,95.1,98.7,94.2,96.2,92,103.3,91.5,109.7,99,116.4,110.6,99.8,125.1,137.3,88,115.3,76,118.2,89.9,132.5,146.6,123.3,106.4,133.5,98.1,112.3,83.3,132.6,110.5,114.6,123.6,114.4,93.4,125,79.7,97.4,109.7,116.7,126.3,129.8,113.1,121.5,97.4,105.2,122.8,167,140,108.4,144.2,92.4,104.8,104.4,110.8,118.2,112.6,90.7,123.2,135.5,135.3,157.6,194,137.1,129.7,138.8,93.7,96.2,96.8,108,93.5,87.4,107.8,93.9,94.9,98.1,131.7,86.8,136.9,135.1,101.7,104.1,109,98.8,112,133.6,137.5,101,118,145,101.1,65.8,114,95.4,86.5,86,90.1,103.5,115.8,106.7,137.8,110,107.7,94.1,118.8,84.5,90.1,80.3,105.2,65.5,140,83.5,139,123.1,119.9,111.8,85,82.3,119.7,90.7,102.4,133.7,112.1,88.5,132,176.5,156,155,145,150,127.5,167,95,203,107,151,206,171,134,98,116.1,109.3,45.8,51.4,88,79,85.5,131,67,97,102,75,109,91,116,87,77,54,55,70,20,50
1997-12-01,104,79.5,164.5,262.5,259,253.2,296.5,94,167.2,105.5,210.1,143.1,215.7,62,169.8,141.6,138.3,109.1,172.2,154,103.9,203.7,133.8,353,135.9,135.3,256,126.4,177,177,149.1,159,444,124.5,153.8,145.6,291,219.3,121,70,296,139.7,140.3,165.8,134.6,41,85,275,189,165.1,139,168.6,105,221.1,136,218.5,137,127,182.7,78,270,144.9,155.1,161.2,171,132.4,81,125.8,241.1,330.5,131.2,139.1,54.1,60,105.4,179,102,131,66,120.6,179.7,197,133.8,92,172.8,120,129,110,164.4,161.1,163.4,131,165.3,130,101.1,30,49,55,76.4,45,23,95.6,88.6,47,34,76.6,95.6,93,262.3,115,88,105,110,200.6,164,177.6,141,120,188.7,193.9,191.5,185.2,144.8,166.3,103,117,70,49.5,123.2,72.5,152,94.7,119.2,121.5,142.7,149,139.1,98.7,121.8,132.6,214.2,160.7,131.7,61,35,145.2,124.1,197,181,249.1,261.3,99.8,152.6,82,180.9,136.9,153.8,16,31.7,106,77.6,129.8,255.7,238,213.5,328,145,109,169,259,215,255,291,151.6,174,242,200,188,328,218,200,294.6,191,216.5,370.4,355.7,206,211,242,219,177.7,186,201,235,272,273,194,303,233,227,226,94.3,170.7,158.5,110.6,210.8,177.2,127.8,180.6,213.8,205.2,193.5,162.3,192.2,207.5,191.9,196,147.2,178.4,188.6,234.7,202.8,173.2,239.5,255.4,63,177.6,157.2,262.6,297.4,249,211.4,216.5,184.5,268.8,206.5,181.1,199.6,218.4,210.6,194.2,243.4,250.8,162.1,227.3,108.2,161.3,195.6,221.5,160.9,241.7,219,206.3,125.9,202.8,180.7,208,212,209.1,235.1,169.9,230.9,234.9,223,199.7,247.9,205.2,198.6,209.4,223.6,210,211,175.2,224.5,207.6,163.2,150.1,183.5,210.7,195.3,214.4,220.4,221.2,195,214.3,200.3,156.8,159.6,262.3,186.1,190.6,193.3,234.1,198.2,247.2,225.9,215,250,268,159.2,118.3,175.1,166.2,170.3,156.3,198.9,169.6,186.3,180.4,188.8,166.1,189.1,229.6,193.5,210,203.6,244.8,192.8,129.5,226.5,157.6,202.6,206.9,201.4,180.8,142.7,140.7,212.6,212.3,160.4,218.9,177.6,174.4,155,288,263,262,309,306,247,232,179,200,151,282,305,235,194,199,218.1,223.3,87.5,92.4,393,375,449,0,471,451,331,383,303,327,334,259,251,186,241,260,143,86
1998-01-01,32.5,4,48,46,149,97.2,182,81,115.1,101,183.8,98.6,193.1,86,141.3,136.5,115,129.3,187.8,78,114.4,155.5,143.3,149,145.3,143.7,136,130.8,74,167.9,144.3,164.4,309,137,153,150.5,113,189.5,26,27,145,141.6,156.6,155.7,108.9,141,126,102,195,154.3,230,116.3,133.1,166.1,99,171.3,32,105,162.5,178,148,145,160.5,148.5,199,128.2,45,120.2,73.3,67.1,110.9,128,68.5,105,111.2,359,102.1,146,387,131.5,297,206,138,97,152,240.5,245,215,190,162.5,165.9,71,174.1,145.3,143,73.5,53.4,154,86.2,142.5,30,97.3,47.5,83.5,73,129,87.7,177,195.8,336,217.5,214.2,115,168,311,214.6,274,306,155.2,130,73,180.4,143.3,149.9,136.7,139.4,191,147,130,135,160,59.1,91.2,150,128.6,178,110.6,120.6,114.5,123,160.9,156.9,133.7,170,10,164.9,106,128,121,186.8,194.1,111.6,138.6,120,160.9,141.7,153.8,20,4,113.3,86.8,124.5,96.5,131,116,62,146,145,131,73,112,72,57,221.8,192,178,38,87,62,75,38,27.8,74.3,76.7,49.1,92.3,219,201,153.5,82,64,175,143,179,193,138,139,146,107,187,80,61.1,120,149.4,73,151.2,129.5,101.6,148.8,124.2,116.6,128.3,91.3,130.4,118.8,123.1,122.1,70.1,101.3,138.1,102.5,122.7,78,89.3,135.1,136,77.8,87.4,143.9,158.4,124.3,102.5,77.1,103.3,132,121.6,76.8,96.2,103.2,116,110.9,101.9,103.5,99.8,149.7,106.8,59.6,62.6,89.8,82.3,109.2,107,117.7,80.9,163.5,90.4,136.6,137.8,113.6,131.8,80.4,89.5,136.4,122.8,111.8,126,94,137.6,141.8,117.7,163.5,201,130.6,177.7,162.9,139.8,147.9,127.7,173.1,152.4,99.1,133.2,147.3,121.2,132.9,123.9,110.6,134.1,190,119.2,145.1,127.8,184.1,115.1,133.5,137,113,85,272,142.7,89.7,115.5,103.1,93.3,104.5,129.2,127.9,126,142.1,135.4,133.9,136.6,143.2,165.8,105.9,172.4,173,119.3,83.2,169.3,104.3,134.5,128.7,148.9,119.8,94.8,105.8,152.3,131.8,153,161.5,133.1,114.3,137,55,137,120,127.5,124,96,59,36,58,48,48,83,59,44,27,130.5,122.6,18,104.3,41,149,104,16,43.5,8,68,43,99,60,152,123,99,75,95,68,85,142
1998-02-01,67.2,46.2,127.4,78,420,155.3,162,216,103.3,112.5,176.1,103.9,179.6,80,127.7,109.3,115.4,102.7,145.5,118,98.8,173.7,100.2,202,123.9,105.8,230,104,151,164.7,124.5,156.5,281,107.1,124.4,100.6,249,173.1,85,115,88,101.9,123.7,134.7,106.5,130,114,230,66,142.8,275,126.1,79.7,146.3,121,142.1,71,75,155.4,42,101,121,115.4,137.5,11,124.8,28,126.3,210.9,174.3,101.5,91.2,52.1,56.2,65.1,167,82.7,95,181,98.9,128,154,156,143,136.3,64,128,90.5,121.4,137.9,114.3,89,116.9,106.8,116,82,34.6,52,61.2,34,49,67.6,73.8,69.5,47.1,66,74.6,150,157,157,107.5,156.3,90,111,154,137.1,110,126,131,89,167,137.8,124.4,134.9,92.3,102.2,80,29.5,191,45,110,62.2,78.5,137,87.1,54,91.7,80.6,88,107.2,146,103.9,114.7,30,58,154,73.4,25,125,136.7,155.8,66.4,90.1,121,104.4,107.5,109.8,24,7,73.5,63,64,194.8,219,117.5,201,126,89,117,277,100,151,84,208,147,181,124.5,141,201,135,124.5,157.3,151.2,145,149.8,153.6,160,134,161.5,78,130.2,108,99,112,197,133,131,256,255,269,246,77.4,141.1,130.5,79.6,151.7,143.9,108.5,138.6,145.5,120.2,145.5,109.9,141.6,130.4,128.7,145.1,83.3,121,151.7,139.6,132.5,104.7,113.5,158.7,72,107.9,92.3,174.9,162.1,160.6,133.8,115.7,124,174.8,135.3,115,95.7,155.3,140.6,146.4,146.8,143.6,110.6,172.2,114.1,93.3,111.3,133.6,125.7,153.6,141.9,149.5,89.5,179.9,129.4,195.5,161.5,126.9,164.7,95,113.7,156.8,121.7,142.8,145.3,115,150.7,135,128.7,180.2,134,133.8,175.2,170.6,140,149.5,157.6,184.9,191.6,181.2,163.8,208.9,169.2,187.4,142.1,118.5,135.5,201.8,135.3,159,135.5,175.6,142.5,142.8,136.5,124,140,117,146.4,94.3,132.8,125.9,109.8,97.8,150.8,141.3,154.9,144.6,149.4,141.4,157,148,149.1,127.5,179.9,157.2,133,105,195.9,94.5,150.8,143.2,168.1,145.1,99.5,124.7,156.1,152.2,138.2,171.7,122.9,123,179,185,160,193.5,198.5,190,173,91,82,109,82,96,150,106,70,70,149.6,152.4,135,168.9,183,156,212,225,206,213,182,199,272,231,241,190,193,210,233,168,152,164
1998-03-01,63,37.4,79.5,71,118,53.2,71,102,77.6,86.3,123.4,68.8,122.6,10,108.5,69.3,103.6,76.7,159.6,90,93.6,117.9,79.5,141,81.5,67.3,78,70.5,72,151.5,76.7,134.4,151,100.5,83.1,80.7,159,124.2,269,3,215,117.6,105.6,100.8,63.2,81,101,290,47,106.1,131,126.5,67.1,122.2,85,123.6,20,25,118.6,30,158,104.8,112.6,121.5,15,105.5,0,66.5,38.4,47.5,76.9,36,34,27.4,55.5,102,92.3,81,110,66.9,84,99,76.6,267,89.5,136,47,96,89.7,107.9,88.2,81,102,84.4,72,81,37,50,47.2,65,36,54.2,56.8,28,35.5,59,52.8,92,124,300,81,141.3,190,110.5,162,104.4,100.5,115,108.8,91,141,104.9,82,106.9,88.3,86.1,77,34,8.4,41,79,40.1,49.9,83.6,71.5,29.5,56.4,71.7,69.2,95.7,93.4,89,78.2,65,54,221,55,116,138,102,128.8,55.8,84.5,48,86.9,90.1,79.1,12,3,62,53.7,79,119.7,94,50.5,82,44,40,27,50,52,39,27,52.6,47,41,64,136,82,37,64,126.1,75.6,124.1,77.5,56.2,41,92,69.9,91,74.3,44,49,35,21,56,53,83,90,68,88,47,92.6,91.7,67.9,109.5,90.5,78.8,91.4,100.5,92.3,86.2,74.2,79.6,84.1,87.5,78.9,69.8,77.4,79.9,91.3,65.4,81.8,74.8,103.1,103,77.8,63.6,94.2,80.8,108.5,87.2,83.3,74.1,89.5,65.9,85.6,53.8,74.7,75,77.3,74.6,84.1,53.8,84.7,90.3,67.1,74.6,71,86.4,82,63.9,75.9,84.2,71.5,74.1,121.8,90,73.8,91.7,53.8,53.3,73.4,57.9,69.8,64.7,64.1,57.6,59.7,65,85.2,92,74.9,80.5,69.8,62.2,51.3,67.5,73.7,60.7,63.5,71.4,63.4,59.1,55.6,82.9,78.7,46.4,83.5,62.7,67.7,88.6,96.2,87.4,88.2,74.4,72,75,102,80.2,51.1,53.6,60.8,44.3,65.6,75.1,95.5,69.5,78.7,84.2,77.3,78.7,91.3,70.9,62.4,76.6,63.3,78.4,56,104.3,57,67.5,64,72.1,69.1,70.9,54.3,82.8,66,79.6,80.1,60.9,60.7,46,138,163,132,153,152,119,90,49,89,76,95,173,92,69,42,69.5,54.1,28.5,9,3,0,7,17,29.5,5,2,20,13,19,18,31,10,37,28,0,15,13
1998-04-01,50.5,39.9,19.2,20,243,12.3,67,104,47.5,50.6,36,42.8,72.3,11,63.2,48.4,75.3,42,93.6,28,43.5,63.6,53.4,128,46.9,43.9,25,38,17,86.5,57.6,90,45,54.6,46.4,58.6,66,68.9,25,14,61,50.9,65.5,63.1,48.3,21,31,94,28,72.8,98,64.8,43.4,87.4,32,70.2,5,8,76.4,48,66,48.5,66.2,68.5,25,44.9,12,37.6,109.2,133.5,65.3,146,41.2,32,29.6,86,38.9,34,69,51.7,43,52,66.3,200,62.9,7,55,60,64.2,58.7,58.5,34,58.9,53.3,63,78,26.9,29,28.5,32.7,22,39.9,34.9,38,27.6,41,32.3,107,61.9,129,70.5,65.2,50,36,90,59.8,127,117,63.4,34,65,74,42,65.8,55.4,59.9,25,21,2.4,70,25,29,40.5,58,60.6,42,42.9,35.4,46.3,59.3,67,45.7,54.1,37,37.8,73,35.7,77.7,41,76.9,88,39.1,56.8,30,59.8,66.1,44.7,27.1,6,42.4,40.1,103,136.5,104,174.5,108,63,144,118,159,75,72,24,107.3,210,215,76,184,108,113,76,82.7,62.5,52,36.5,63,149,171,130.9,165,60.2,75,85,177,199,161,173,113,208,142,155,42.8,54.3,55.1,40.9,61.9,56.1,60.8,54.9,69.6,62.5,75.5,52.2,67.2,62.3,54.6,65.6,52.3,76.2,68.8,79.3,72.9,58.1,71.5,91,12,62.7,51.3,90.1,59.2,95.8,95.5,69.8,67.6,91.9,66,77.4,54.3,89.8,74.4,71,84.8,74,84.1,88,66.6,60.2,70.3,90,83.2,99,77.4,90.8,97.2,83,74.2,105.7,118.1,77.5,119.2,65.9,75.6,83.6,76.1,98.2,104.2,75.7,106,118.2,113,171.1,171,115.5,142,124,147.5,148,127,160.7,148,119.6,126,127.4,118.4,143,104.1,50.6,120.1,109,113.5,83.5,85.4,79.4,78.7,85.9,117.8,70,60,54,62,55.8,58.4,54,76.1,71.5,67.5,72.7,81.2,81.1,104.3,92.8,75.5,92.6,107.2,58.3,70.2,62.5,64,37.2,75.3,88.6,107.2,92.2,133.6,103.5,60.5,116.4,117.7,69,98.7,107.5,103.1,89,142,159,173,138,151,132,122,78,31,90,50,63,96,70,52,43,90.4,97.8,47.1,99.8,124,107,62,115.5,113.5,96,99,119,119,108,144,71,102,99,118,100,123,123
1998-05-01,17.5,16.6,27.6,12,13,7.6,38,8,36.7,40.6,0,38.1,29.6,0,63.8,35,37.8,39.3,38.7,70,29.1,45.3,36.3,35,39.1,31.1,15,39.4,6,52.1,39.4,46.1,14,41.5,37.1,38.2,9,36.3,54,1,5,50.5,47.9,41,33.5,7,9,19,36,44.1,5,40.9,31.3,41.9,10,31.4,3,15,35,23,6,44.7,39.8,41.4,0,26.3,0,27.6,38.7,46.5,52.9,29.1,30.3,35.3,24.3,48,25.2,54,85,44.3,45,42,40,62,46.3,46.7,50,62,51,52.2,49.2,51.8,58.4,52.2,85,54,20.8,35,24.6,52,40,40.9,28.7,46,23.5,37,19.3,21,53,84,81,106,43,102.5,51,49.5,53,50,53.3,80,33,65.7,33.7,51.2,48.3,45.2,36,42,8.5,45,20,18.6,25.8,48.6,45,49,35.3,30.2,34.4,40.9,58.1,29.9,32.8,29.2,45,28,18.6,40.7,24,56.2,83.7,27.5,30,10,39.6,41.2,32.7,8,5.2,29.9,32.3,56,59.5,42.8,41.5,58,32,30,50,99,62,30,38,45.8,70,77,32.9,68,58,43,32.9,37.2,48.4,32,39.7,51,58,95,61.9,65,26.2,44,32,59,92,55,53,76,99,72,75,26.4,35.3,29,22.7,36.5,31.9,21.7,32.8,36.5,33.4,31.3,24.4,28.4,32,32,36.6,25.6,27.4,41.2,34.1,35.6,25.8,27.1,43.2,32.6,29.8,22.1,45.7,39.7,56.5,39.5,51,32.3,53.6,36.8,28.3,25.5,39.1,31.2,38.9,37.7,33.2,37.5,39.1,56.3,26.3,34.7,46.1,35.2,41,30.9,42.5,53.7,55.2,37.9,62.2,54.6,33.6,52.5,30.8,31.8,44.4,33,46.6,46.7,35.2,36.4,42.4,46,65,95,47.5,67.2,54.5,55.9,64.9,59.5,73.5,73.9,67.8,80.6,66.5,59.6,61.3,49.3,20.7,41.7,62.8,55.9,45.5,42.4,47.2,37.2,33.8,54.9,57,77,75,40.2,32.3,38.6,34.8,29.4,39.1,34.5,42.8,41.4,43,58.9,51.1,41.8,47.5,41.8,38.6,31.6,26.7,35.5,29.4,38.1,53.7,52.6,51.5,53.3,59.7,48.2,61.9,58.6,36.2,48.1,51.7,44.4,48.9,59,45,64,61,52.5,48,60.5,27,10,21,30,45,45,45,31,32,42.7,39.1,22,49.3,66,86,51,73,56,57,77,45,51,51,41,36,33,35,26,24,37,34
1998-06-01,5,0,21.1,17,23,14.7,33,15,30.5,27,20,25.1,41.6,0,48.2,32.7,35.2,42.3,48.5,9,31.8,47.8,29.3,26,27.3,28.4,13,24.9,16,39.6,27.8,39.2,37,37.6,27.1,21.6,19,35.3,3,0,25,42.9,46.5,33.8,11.7,9,17,17,18,47.2,16,35.1,18.8,32.5,14,42.3,0,0,43.3,0,0,26.6,41.8,49.8,0,26.6,0,32.1,3.2,13.5,25.6,6,22.5,17.8,15.9,47,58,78,32.9,33.5,44,20,31.2,43,35.8,30,16,30,37.2,39.6,34,44.9,39.3,32.8,15.6,5,5,10,18.1,8,5,33.4,18.1,2.5,15.3,8,14.5,59,31.9,39,26,68,65,43.5,33,37.1,41.3,42,44.6,42.6,26,57.5,20.9,35.7,39,28.7,34,15,1.5,98,14,14.6,27.2,31.6,55.1,18,19.8,26.4,18.5,33,41.4,22.6,33.1,22.6,21.4,15,16.9,43.9,26.1,49.9,73.4,19.4,70,24.4,41.5,33.6,20.2,3,8.8,19.3,18.6,8,27.5,26,20,38,16,0,29,25,16,13,5,17.5,16,18,15,18,38,17,15,11.7,33.5,29.4,15.9,18.2,18,43,16.6,27,10.7,15,13,7,21,12,11,20,22,25,13,17.6,22.5,23.6,18.1,23.8,20.6,17.5,20.8,26.4,26.1,25.9,14.6,26.1,21,25.1,28.5,22.4,13.4,35.5,21.6,17.1,17,19.5,35.2,25.5,27.9,23.5,27.1,24.3,37.1,26.3,30.6,18.2,31.4,19.6,20.5,12.6,18.8,15.7,19.7,21.6,24.8,16.3,23.8,48.2,13.7,14.2,22.7,18,22.7,15.1,22.1,42.1,26.9,21.4,35.7,23.5,20.4,24.7,23.6,18.6,16.7,19,19.5,13.2,8.4,16,16.4,17.7,30,43,27.3,30.6,23.5,14.8,11.8,11.5,19.7,15.9,25.6,21,19.8,23.6,19.1,22.7,13.3,13.9,28.1,11.6,13.8,18.6,31.2,12.5,16.4,20.9,13,72,41,26.4,20.9,21.9,26.4,20.9,15.6,16.6,22.7,14.5,16.8,17.9,21.9,14.2,31.4,30.1,20.9,17.7,17.1,22.1,15,18.6,17.1,13.8,13.3,14.8,13.8,19.2,15.7,19.3,19.2,17.5,28.7,23.3,14.2,33,30,32,32,30.5,24.5,29,20,8,17,1,25,22,25,19,17,14.6,19.2,18.5,18.1,23,26,13,26,11,24,20,17,19,47,20,15,13,14,0,13,12,16
1998-07-01,0.7,0,3.5,5,4,2,15.5,3,5.7,6.5,0,3.7,18.7,0,15.1,7.3,14.2,5.2,13.9,2,11.9,18.2,6.3,10,6.7,3.7,2,4.8,0,16.5,5.9,13,5,18.1,6.2,5.4,7,8,0,0,7,10.6,15.1,12.2,3.7,4,3,6,5,19.2,5,12.8,2.7,12.8,1,14.1,0,0,14.2,0,0,9.6,13.8,8.4,0,15.6,0,4.2,1.5,2.6,23.3,6.5,6.3,6,20,9,13.5,11,10,13.6,12,7,18.3,6,9.5,15,12,6,23,14.5,16.1,16,18.3,9,7.2,5,6,5,13.7,7,1,21.9,11,8.5,3.4,3,11.9,18,31,26,9.4,10,12,10.5,13.5,12.7,8,10.8,21.3,12.4,7,12,8.6,36,14,9.8,7,8.9,4.4,46,20.5,5.3,9,16.1,17.9,3.5,21.4,20.4,12.1,11.7,13.5,5.8,34.6,9.3,10.6,11,8.7,12.9,10.1,21.1,32.5,10.5,19,14,9.6,12.8,11.3,18.1,14.9,11,8.9,21,4,30,2,5,9,0,0,2,0,0,0,3.5,9.5,5,0,1,5,0,0,1.6,7.3,2.6,2.5,2.2,0,2,8.8,0,5.4,0,0,5,8,4,3,6.8,2,0,2,10.2,4.7,8.4,9.5,7.7,2.9,2.5,6.9,4.1,8.8,4.6,3.4,4.7,3.5,5.7,3.7,7.9,4.7,8,4.4,6.4,4.6,5.3,8.1,0,4.9,5.9,10.7,9.5,12.3,10.2,3.4,11,10.1,5.1,4.5,5.3,5.4,3.6,6.9,7.5,2,3.4,5,24.6,6.5,3,7.3,8.7,6.4,4.1,3.6,34.5,15.2,6,15.7,7,7.2,15.9,5.6,4,5.5,5.1,3.7,3.7,5.6,4,5.1,6.7,10.4,2,10.5,12.5,6.8,7.3,5.1,4.6,9.7,3.4,11.2,8.4,8.9,7.6,15.9,11.6,7,7.9,16.1,8,9.8,3.5,10,9.1,8.4,15.6,0,0,0,8.2,5,7.8,8.7,10.2,8.9,10.1,8.1,7.7,10.7,9.5,9.7,10.4,11.3,16.9,11.7,5.2,11,9.1,7.6,6.9,12.1,8.3,7.3,10.7,9,11.1,7.9,11.1,9.9,10.8,17.4,22.9,14.2,4,5,12,8,7.5,11.5,3.5,4,1,5,4.2,3,14,4,2,3,10.2,5.2,9.5,9.3,16.5,1,10,17,7,6,9,5,12,15,9,0,11,27,18,23,24,19
1998-08-01,43,0,7.2,3,42,5.8,0,25,15.7,7.2,10,5.8,25.8,1,17.5,12.1,24.9,9.9,25.1,12,13.7,32.4,14.4,44,11.3,9.2,8,6.9,1,24,14.5,23.4,9,28.7,7.7,12.4,11,13.6,17,34,17,16.3,28.4,18.5,6.7,33,9,58,6,29.5,52,19.2,3.1,20.8,19,22.3,13,0,24.4,0,33,14.6,21.8,20.1,0,26.6,5,7.5,9.1,15.5,19.6,10,16.5,16.5,20.1,24,15,19.4,23,14,17,28,22.6,17,21,14.6,19,26,6.3,19.2,16,23.2,25.1,15.5,9.9,35,7,15,13,7,24,27.1,19.5,12,6.1,8.5,11.6,28,29,22.3,31,11,50,10,16.5,35,10,14,20.7,12,25,30.5,10.5,20,14.2,11.2,9.4,12.4,5,5,24,5.6,17.5,16.8,20.2,2,21.5,19.1,15,20.4,19.4,9,33.6,17,13.5,6,10.1,23.2,14,27,37.7,16.7,14,15.9,12.3,18.8,14.2,20,12.4,17,13.9,19,3,13.1,16.5,22,4,5,7,13,0,0,0,7,29,28,0,38,22,2,0,0.1,12,2.7,0,0,8,10,14.4,16,4.1,0,0,20,27,5,19,23,20,17,21,15.8,9.5,10.5,13.4,10.9,5.5,3.6,12.6,7.3,10.7,5.4,3.7,5.6,4.8,7.5,7.1,7.5,4.6,9.2,8.7,5.1,8.4,8.2,9.1,0,7.7,11.6,9.9,7.8,19.7,12.2,9.5,12.1,7.3,8.6,9,5.6,7.6,3.7,9.7,6,3,4.8,7.6,33.9,8.4,3.5,4.3,11.6,7.2,5.2,6.1,34.4,12.2,6.5,21.3,8.9,9.3,16.2,8.7,5.3,7.9,11.1,6.9,7.6,7.5,7.4,6.7,6.4,12.8,10,18.5,18,15.2,15.9,12.9,8.3,17.1,11.1,16.7,17.8,23.5,14.3,20.6,14.4,6.8,9,14.7,7.7,10.8,6.8,11.6,7.3,7.7,16.4,0,0,21,9.1,10.4,12.2,10.4,13.1,11.8,11,8.7,8.8,9.7,10.9,13.3,9.2,12,14.3,10.3,6.5,17.6,11.5,8.6,7,13.6,11.2,8.7,12.8,11,11.8,13,10.9,16.4,9.5,16.1,18.1,11.7,10,0,9,11,5,7.5,0,6,3,11,6.9,6,20,8,5,3,6,10.4,4,12,19,23,26,18,20,25,22,12,45,22,2,5,0,10,60,0,14,14
1998-09-01,5,5,12.3,3.5,41,1,8,37,11.1,9.1,10,10.8,20.3,5,13.9,12.6,18,8.7,21.9,0,12.3,20.1,12.1,28,9.3,11.5,2,12.4,1,22.2,9.9,26.5,0,14.1,10.8,11.5,33,17.6,56,10,17,15.9,20.4,19.3,12.6,3,2,20,15,19.5,39,17.1,0,19.1,8,19.3,5,0,22.4,0,0,9.5,19.9,19.1,0,14.1,0,10.8,75,107.8,41.8,61.1,3.6,5,17.6,0,16.7,21.2,3,15.6,13.2,9,22.6,32,9,5,4,32,14.7,16.8,18.3,17.4,15,10.4,2,9.5,5,10,6,10.1,18,19.2,14,11,2.5,3,11.3,17.1,17.2,21,15.5,12,30,15,16.1,3,7,7,24.7,11,14.5,14,9.8,19.6,17.2,14.7,8.7,9,35,18,30.3,8.3,14.5,14,20.6,13,26.3,28.7,19.1,12.2,18.1,9.6,32,10.2,13.2,5,7.3,15.3,12.6,25.9,35.1,10.7,10.7,65,11.1,21.6,11.4,14,6.5,17,11.3,22,25,34.7,44,82,25,13,11,44,26,26,11,11.5,46,64,30,74,82,31,30,27.2,13,6.7,20.6,28,48,46,38.4,56,14.6,32,42,40,74,50,61,56,59,66,0,14.6,19.6,17.9,19.4,24.8,18.4,13,18.2,17.6,20.1,19.3,16.1,21.7,18.6,23.2,22,16.9,17,26,26,25.1,25.6,24.6,33.6,0,25.5,23.5,32.5,19,41.2,36.1,22.9,18.3,37,23.9,25.9,14.9,25.1,27.9,25.1,22.4,30,23.4,29.2,22.2,23.1,17,25.1,24.2,32.1,13.3,28.5,54.2,27.4,26.1,32,31.2,20.4,26.8,23.2,26,23.9,22.9,33.3,20.9,20.6,22.7,21.2,28.1,43.7,47,41.7,51,37.6,30.9,31.9,42.7,43.6,44.1,55.7,47.9,51.8,57.6,46,36.1,11.4,29.2,41.6,28.6,28.9,28.9,29.8,26.5,22.8,39.9,27,29,21,27.4,22.3,33.5,15.6,21.8,17.9,21.3,18.2,24.6,32.5,25.7,24.2,21.7,32.6,27.8,26.8,19.6,19.6,18.2,21.6,21.8,39.9,23.3,24.3,41.4,31.7,33.5,54.4,29.4,26,25.5,37.7,35.1,27.5,52,31,33,26.5,28,31.5,38,32,18,25.3,23.2,35,47,42,32,29,25,28.3,31.5,34.4,67,48,61,67,50,69,55,62,119,75,57,45,55,70,120,35,81,66
1998-10-01,44,20,66,31,58,60.8,12,32,74.2,59.8,44,52.1,60,40,66.1,70,57.3,72.7,51.2,80,63.9,101.1,68.9,48,61.9,69.9,72,63.2,61,68.4,68.9,63,38,75.8,60.8,71.7,118,63.6,89,18,38,94.3,82.9,65.3,42.6,110,16,35,86,83.1,99,90.7,50,58.8,89,56.2,3,0,63.8,0,0,80,74.2,76.2,73,44,0,68.3,24.7,36.8,53.6,16,40.5,28.6,33.3,52,47,95,101,32,48,40,62.2,40,58,51,71.9,40,61,95.1,67.3,95,86.4,77.7,38.3,24,6,45,9,31,80,52.1,43.9,13.5,33,48,34,98,105,172,90.5,118,85,105,78,82,93,93,92.1,95,110,12,58.3,75,68.1,64.6,41,57,20,45,79,29.2,33.6,64,54.8,24.5,46.3,45.4,54.8,62.9,76.8,53.7,55.5,72,35,67,64.4,91.5,91,100.8,105.1,38.8,103,22,91.2,91,59.6,12,3,31,36.5,34,39.1,47.9,37.5,51,76,64,9,83,46,6,7,49,26,18,60.5,29,51,43,60.5,29.7,57.1,19.4,90.2,46,29,24,52,60,39,44,25,41,25,47,19,101,64,73,41.5,64.4,43,34.6,31.1,45.6,44.6,35.2,30.9,46,44.6,39.8,30.9,35.4,37.3,36.8,35.2,32.5,32.5,41.9,49.7,38.7,31.5,40.5,56.9,0,38.6,31.4,56.7,37.4,65.2,44,56.9,33.1,56.4,26.4,37.9,28.6,45.4,42.3,39.5,44.4,40.6,36.9,49.6,92.8,26.2,34.1,43.9,35.8,49.5,43,50.5,63.6,47.3,39.2,87.5,49.4,43.8,52.7,35.9,32.1,41.7,35.5,47.7,42.6,34.4,31.2,36.6,38.2,50.5,3,47.7,47,45,38.9,36.9,38,50.7,66,45.8,66.2,68.3,69.6,64.1,55.1,30.5,36.6,60.4,53.4,44.3,44.9,41.9,37.8,37,53,47,71,12,43.7,34.5,38,46.7,25.8,31.3,44.9,52.4,40.9,39.9,56.9,53.3,39,65.7,44.8,45.9,41.2,33.3,37.2,31.6,42.5,53.8,51.4,49.3,51.9,62.4,40.2,68.9,52.8,47.5,39.6,58.9,44.3,39.9,12,52,47,48,45.5,50,65,87,26,47.8,42.5,30,73,41,23,38,50,36.9,72,37.2,80.5,72,56,90,68,85,64,34,122,60,59,27,68,102,83,101,35,52
1998-11-01,7,17.5,15.5,53,151,36.7,85,66,68.6,48.6,36,50.1,80.8,14,70.3,48.1,65.5,51.7,86.7,58,47.8,79.2,56.5,155,51.8,57.3,43,43.3,33,83.2,55.9,86.9,25,54,56,54.5,101,86.1,6,78,97,48.1,76.2,64.8,66.5,194,67,95,64,69.3,64,206,27,88.1,81,66.8,42,0,75.2,0,0,43.4,61.2,80.4,58,64.8,0,54.7,137.8,192.3,92.7,125.6,48,38.6,34.5,73,70.5,34,54,88.5,102,58,57.1,79,73,76,62,72,98.9,60.4,49.1,34,64,55,38.9,44.5,7,21,14,4,44,46.5,29.2,35,24,25.5,40.9,104,37,106,44,75,28,32,77,41,45,58,80.8,34,54,26,51.1,30,43.8,49.1,69,69,30,32,14,39.4,47,87.8,69,45,52.6,40.9,49.9,67.3,75.5,47,51.5,14,34,60,31.2,73.2,60,84.7,107.7,37.7,57.3,30,66.8,52.4,54.4,43,8.7,42,37.3,35,185.1,120,171,212,150,159,116,224,108,91,94,128.2,210,192,65.5,183,212,140,65.5,110.3,71,48.1,120.6,107,193,255,162.9,211,146.5,129,134,177,302,130,173,278,281,337,201,75.8,83,81.9,68.6,80.2,87.8,87.7,73.6,95.5,102,99.6,96.4,101.9,98.8,94.6,119.1,77.9,122.7,120.6,121.1,113.3,93.8,124.2,147.3,73,110.4,83.5,146.1,115,159.6,158.8,126.2,125.2,172.6,117.6,120.4,85.5,153.1,116.7,133.1,148.8,141.8,102,151.1,83.6,103,123.6,129.8,130.1,166.2,127.7,144.1,108.9,137.4,128.6,191.3,184.4,125.2,177.9,97.2,121.4,135.3,114.9,155.4,141.1,99.4,168.7,163,145.1,201.2,256,167.6,188.4,160.9,177.6,161.9,177.7,173.1,175.4,170.8,154.1,168.7,148.6,166.2,159.3,92.5,163.6,184.3,178.6,150.2,134.6,131.2,133.9,134.6,150.6,101,130,162,105.8,69,113.2,99.5,96.2,91,129.7,113.2,137.4,131.9,158.1,124.7,125.8,112.7,139.3,97,113.7,95.7,137.8,91.7,154.2,107.1,158.7,139.6,168.3,132.2,98.9,131.7,157,124.6,113.4,171.6,122.2,123.3,233,201,214.5,200,199,203.5,231,113,55,133.6,122.7,113,186,144,115,83,135.8,138,88.5,53.3,104,61,158,121,142,133,121,114,98,130,93,115,109,75,55,78,62,74
1998-12-01,37.7,4,59.8,26.6,144,50.2,200.5,75,84.7,83,140,58.3,101.8,44,105.6,73.5,82.2,77,128,40,64.3,102.3,76,155,64.8,75.2,54,64,74,112.6,65.5,117.5,134,82.5,74.1,66.5,110,99.4,165,10,155,84.1,84.5,82.3,65.2,85,110,112,104,90.5,94,94.2,80,119.1,72,96.3,104,35,101,0,98,67.8,80.4,87.8,84,82.9,66,64.3,52.5,39.8,100.8,50.4,200.5,76.2,61.1,63,74,81.1,56,52,71,56,65.3,62,66,23,70.4,56,55.4,89.9,62.5,47,82.9,80,68,45,44,126,52,105,70,60.2,48.8,46,86,42.5,56.2,78,156,235,143.5,56,137,96.9,57,62,58,42,96.5,113.6,53.5,42,73.9,52,55.2,79.3,42,79,59.9,59,170,50.1,62,90.8,69.2,75,64.8,69.5,59.2,78.2,90.4,67.1,89.4,93,53,207,55.2,112.5,92,87.4,95.9,55.9,78.7,101,93.5,85.6,73.4,12,11.2,85,58.7,55,212.8,187,73,157,132,102,64,92,120,126.1,116,128,73,122,106,48,124,187,102.2,53.5,131.5,58,64.4,147,137,150.4,85,108.7,54,128,134,111,107,114,130,106,28,78,79.5,42.1,97.5,110.4,73.6,106.3,101.5,82.7,86.4,99.2,93,95.8,88.6,110.9,100.9,106.6,105.2,58.3,89.3,103.7,117.4,103.7,72.3,78.4,220,106.3,74.7,75.5,127,101.8,123.7,104.5,83.2,90,129.3,99.7,90.1,71.8,105.2,102,104.6,105.2,105.6,93.5,114.3,96.3,67.3,76.7,105.2,90.1,118.8,92.3,114.7,98.4,117.9,105.2,148.6,144.2,100.6,146.3,87.9,90.5,105,108.4,109.1,115.5,80.4,105.2,116.6,120.2,152,124.5,118.9,115.7,122.6,84.3,80.3,82.8,98.1,78.7,78.9,87,82,94,90.2,118.6,97,96.5,127,94.1,103.9,97.7,117.8,104.7,120.2,130.4,125,139,120.2,111.1,69.6,88.4,95.5,79,81.8,90,115.8,105,98,122.2,103.8,104.9,103.4,112,85.5,98.3,107.5,109.9,71,148.7,71,121.2,111.1,111.7,117.2,79.2,81.8,102.4,86.5,123.8,122,107.9,73.6,237,203,176,207,214,145.5,77,38,117.1,96.7,57,71,76,47,52,135,111.8,102.8,76,73.5,75,69,76,50,103,106,67,73,58,89,80,72,63,40,96,38,59,53
1999-01-01,61,82,183,183.6,291,274.5,172,227,138.2,142.7,144,135.1,201,111,167.2,157.4,201.4,168,185.8,304,150.5,162.6,150.3,128,195.2,173.2,187,139.9,209,194.6,154.4,187.3,113,158.9,163.1,148.4,156,208.3,15,243,130,186.5,179.7,191.9,130,295,356,337,213,157.4,253,40,272,176.4,82,203.2,0,225,203,96,0,200.8,181.7,169.2,245,139.5,196,167,98.2,81,133.6,79.1,131.6,106.3,135.1,179,143,216,269,102,160,162,110,142,141,259,228,176,215.4,199.2,184.3,216,192.9,161.4,145,133.5,45,111,103,85,200,121.6,101.8,127,61,113,87.6,186,250,324,186,298,230,260,312,265,256,281,171.7,232,221,199,167.2,181.2,161.3,168.4,161,130,75,161,130,87.1,101.5,163.5,160.7,130,136.2,223,155.7,147.2,188.7,173.5,149.6,63,50,175.7,125.8,232.3,206,200.5,221.2,120.8,189,145,181.6,107.4,175.6,4,35.5,90,100.9,171,148.2,100,92,87,76,61.1,69,57,106,129.8,10.5,119,35,43,40,137,97,108,29.6,187.2,92.9,169.2,141.2,116,90,106.3,46,96.2,117,162,44,79,47,41,103,100,64,138,84.4,63.2,127,141.8,96,165.2,156.5,140.2,144.7,148.7,136.3,133.8,114.2,139.8,118,129.9,131.1,95.8,97.7,116,128.3,122.3,107.4,132.3,135,121,110.8,125.7,137.6,112,145.8,135.5,121.3,106.4,158.2,99,126.9,113.8,120.7,95,109.5,123.9,121.3,87.8,119.8,122,96.6,102.2,100.4,123.3,122.1,86,131.8,82.1,115.6,121.8,144.3,134,132.5,141.4,108.6,89.8,83.2,114.5,60,78.7,90.4,88.8,77.6,96.2,101,61,93.5,77,96,68.9,64,73.5,70,66.1,81.2,79,89,100.5,65,41,87,70,84,77,100.3,73,86,71,127,98,152,117,110.5,144.8,74.8,117.5,100.2,69.4,84.8,119.5,126.9,98.5,100.2,102.5,94.9,112.3,112.6,96,100.8,146.7,156.9,109,78.4,168.6,48.2,101.9,133.7,106.1,103.5,97.4,73.2,78.3,132.4,101.6,96.1,92.4,72.6,147,242,146,215,205,209,144.3,142.3,137,149.1,132,147,118,92,98,52,98.5,83,128,33,95,134,111,81,106,71,100,68,82,89,71,106,73,161,39,122,78,90
1999-02-01,56,72,59,94.8,141,110,27,111,98.5,84.3,159,86.1,110.8,115,126.7,109.2,105.5,104.9,131,120,118.4,120.7,102.9,117,98.9,102.4,150,99.7,92,145.7,100.4,119.2,89,112.2,96.6,87.5,144,132,3,53,113,107.2,127.9,102.2,63.4,87,40,125,97,123.5,95,243,72,108.7,107,127,0,119,116.2,187,0,99.4,110.1,110.2,7,106.9,225,103.8,55.2,27.5,102.2,91,76,72,76.1,82,119,96,92,62,75,92,70,110,78,45.5,62,107,70.6,128,110.3,95,101.8,119.8,37,77,14,66,34,51,132,82.1,70.7,86,68.5,42.5,60.8,98,45,430,135,265,125,228,103,116,87,81,90,164,113,110,89.6,133.2,98.5,111.9,35,35,78.5,38,70.3,61.3,64,92.1,77.7,84,71.7,200,74.3,111.3,114.9,90.7,103,91,36,103.4,74.1,137.9,98,114.6,124.2,75,104.3,138,101.9,102.1,96.7,34,15,171,75.4,121,82.7,220,7,0,16,34,24,16,0,64.7,8,109,82,61.5,105,20,18,8,63,16.6,3,39.3,19,9,22,63.3,10,50.8,110,29,77,77,3,52,73,5,17,6,43.1,59.8,61.7,68,54.6,90.6,65.7,66.5,65.3,77.1,74.5,64.1,59.2,69,62,70.3,55.3,66.6,62.7,54.1,78,54.8,54.7,59.9,105,71.7,54.9,67.3,74.3,63.8,76,58.9,73.2,42.7,83.4,46.4,60.3,77,58.6,75,55.9,53.6,60.8,43.2,82.4,133.3,42.4,51.1,50.4,55.9,63.4,48.1,54.1,79.1,57.8,60.2,99.5,78.5,55.7,80.3,45.1,45.2,59.8,52.6,22,59.9,48.5,50.7,50.6,50.6,72.1,65,56.7,71,77,46.7,42.1,38.7,61,44.2,35.8,25,39.7,54.8,39,16,53,39.4,73,51.9,35,75,82,55,27,31.3,131,78,76.4,56.2,46.2,39.1,53,31.7,45.4,64.3,72,59.3,55,67.4,73.3,62.7,83.9,61.4,52.9,63.4,62.9,51.7,41.5,61.2,45.2,56.1,62,51.4,63,50.7,44.4,60.9,74.8,61.2,76.2,54.3,45.3,57,67,71,69,59,26,15,74.8,34,70.7,38,142,74,58,36,122,58,55.7,150,37,45,54,45,30,55,30,50,107,68,129,79,95,155,71,75,47,74,7
1999-03-01,114.7,105.2,96.7,116.2,156,143,399,163,229.5,123.9,51,168.3,167.6,73,153,182.3,157.3,152.4,135.4,294,155.9,212.3,180.5,67,171.9,187.9,163,164.9,128,152.8,155.3,152.2,52,160.7,183.3,193.4,61,236.1,0,136,57,158.4,168.6,180.8,118.7,212,158,52,383,199.2,246,52,218,171,162,168.2,185,81,171.5,160,70,161.2,191.7,165.6,371,127.2,89,142.8,133.4,157.5,147.8,126.4,110.6,94.4,139.6,317,216.5,195,270,206,301,197,110,141,285,238,293,205,332.2,230.7,212.9,195,216.4,165.7,105.5,98,15,118,139,63,152,124,107.7,97,127.6,173.7,111.5,485,479,581,212,227,236,238.6,274,205,398,300,325,205.7,259,121,172.9,177.1,160.7,152.7,218,88.5,157.3,102,160.1,125.8,128.8,171.6,174.1,138.5,161.3,166,167.5,175.1,248.8,201.7,156.4,151,226,221.2,175.8,249.5,205,292.5,298.4,129.2,232.1,244,232.9,136.4,186.6,47,58.9,154.5,119.8,74,317.9,228,427,88,252,267.9,234,283,102,229.5,28,248,168,131.7,185,270,158,198,120,137.5,276,254,293.2,209,255,207.1,179,180.1,117,223,228,200,206,204,247,292,309,260,202.4,101.4,155,167.7,110.5,187.6,152.8,125.4,169.7,198.7,190.1,175.8,143.9,171.2,271,175.5,192.5,130,147.4,189.5,206,181.7,149.9,191.9,52,99,147.2,172.5,229.3,249,232.2,179.6,189.3,180.1,252.6,169.8,161.4,185.8,198,242,156.2,216.5,221.8,160.3,139.4,123,131,167.1,192.9,155.3,196.9,181.3,207.5,130.2,189.2,159.4,188.3,170.1,212.8,225.4,148.3,220.4,204.5,204,105,225.1,179.7,190.3,189.8,187.2,202,137,170.2,179,246,158.3,156.2,270,305,212.7,208,412,214.7,192.1,351,209,208,118,187,182.1,119,156,188,116,245,160.1,250,207,235,158.4,111.9,163.4,159.1,152.5,140.4,193.6,162.3,184.4,176.2,185.8,152.9,178.2,213.8,178.5,186.6,211.3,224.7,176.9,118.4,201.9,153.6,203.1,206.2,193.4,181.3,135.5,132.7,202.4,220.2,149.3,210.1,187.7,165.6,284,352,257,280,256,202,40,176.9,164.6,0,125,226,170,157,114,256,203.8,431.4,340,311,309,229,285,256,277,249,290,376,358,337.5,338,296,293,309.5,301,238,211,270
1999-04-01,17.2,0,36.5,30.6,58,9.3,180,34,82.3,77.7,158,67,95.6,11,81.5,64.8,84.5,76.9,122.2,3,67.4,99.6,72.2,47,92.5,60.5,22,61.4,15,81.5,75.9,89.7,100,93.2,75.4,70.8,42,94.5,125,56,75,111.4,109.1,100.3,67.4,8,53,78,12,104.6,34,63,4,82.5,50,75.9,43,11,91.3,1,35,103.1,95.7,86.5,0,83.2,6,70.6,99.1,88.5,82.8,76.9,12,16.1,39.3,85,96,109,133,52,90,54,46,49,83,56,101,70,156.4,112.3,90.8,109,90,68.9,36.2,53.4,4,52,18,9,7,44.4,44.1,33.9,11.3,15,46.3,54,129,203,69.5,337,75,110.9,155,128,48,63,39,135.7,134,70,87.9,91.4,70.1,75.4,78,75,65.5,68,69,36,42.8,85.4,75.3,61.5,60.6,109,78.9,74.2,87.7,69.8,73.3,55,26,102.8,46.6,92.9,65,89.7,129.8,54.4,68.7,59.4,84.7,71.7,62.5,8,6.6,76,43.7,29,127.8,100,114,136,118,117.8,121,108,90,166.7,25,112,160,107.1,118,102,112,126,97.7,68.8,114,110.9,110,103,93,138.6,72,110.5,87,103,90,98,98,101,228,117,97,95,125.5,60,97.9,104.8,75.3,101.7,106.2,86.9,95.2,102.7,101.7,118.1,88.9,119.4,96,108.6,114.3,79.2,109.1,138.1,123.8,121.6,97,113.7,4,82.5,105.9,80.7,162,173.8,158.1,143.4,132.7,118.9,165.7,131.8,109.4,81.8,132.8,126,131.6,123.9,117.5,99.3,257.1,81,88.2,108.3,120.5,122.7,128.2,114.5,120.8,89.6,159.9,107.1,135.4,121.5,117,117.4,86.3,120.3,128.8,104.6,159,143,101.9,138.7,118.7,129.9,150.1,173,122.7,71,87,101.6,105.5,106,163,109.5,101.1,145,116.7,163.1,148,198,42,149,149,55,213,160,241,95,178,101.9,152,253,138.5,132.8,89.5,135.1,116.2,94.7,97.5,118.3,122,126.8,117.5,126.6,113.9,136.5,131.1,145.6,98.5,112.1,119.2,140.9,85.5,186.2,90.7,118.1,115.2,101.5,102.1,86.4,82.9,129.4,97.1,132.6,125.9,125.5,90.7,127,137,137,145.5,136.5,134,148.7,134.8,112.7,110.4,138,169,150,102,80,104,131,161.6,116,139,169,210,162,137,166,135,140,167,200,196,163,154,166,149.5,177,133,155,105
1999-05-01,23.4,7,8.8,6.8,2,9.2,10,4,45.9,44.1,5,47.9,41.4,6,59.9,50,29.4,50.6,43.3,12,49.2,50.3,42.8,18,41.5,39.4,7,40.3,3,62.6,59.2,40.2,8,44.3,35.9,51.8,5,38.7,0,2,10,47,56.7,43.5,31.1,4,2,4,34,55.5,2,68,9,42.2,4,42.7,10,3,37.6,17,15,44.3,53,54.6,12,36.4,5,47.3,8.6,9.7,30.6,7.2,45.5,54.1,28.4,43,15,37,85,49,64,86,43.6,33,45.1,34.4,63,78,95.1,59.4,64.1,37,70.8,55.4,30.7,18,23.2,29.6,32.6,40,9,56,38.2,10,41.5,17,23.2,86,61,78.6,57.5,223,165,58.2,69,37,49,39,37,64.2,69,50,34.3,45.7,56.9,40.1,50,120,18.9,41,41.4,24.9,32.7,54.5,73.7,58.5,35.9,22,33.9,61.2,59.9,32.2,40.7,10,27.9,43,26.1,56.9,40,59.8,88.6,31.1,58.6,29,52.1,58,37.1,15.4,9.5,21,32.2,47,43.5,50,1,5,0,16.2,0,0,11,30,48,7,0,11,18,15,5,5,6.5,21,4,12.2,11,5,4,18.5,0,12.6,48,0,0,11,0,0,30,0,5,0,9.6,39.9,44.3,34.4,41.6,47,42,35.5,40.3,52.7,42.8,41.8,37.1,45.4,31,43.6,45,48.5,32.5,48.8,52.1,35.8,43.3,44.2,9,39.9,43.1,49.8,35.5,30.1,57.3,52.9,60.1,35.1,52.6,24.8,35.1,21.6,33.6,4,27.9,27.7,31.3,24.6,5,54.1,25.1,22.8,31.6,35.4,35.7,25.2,33.6,57.1,28.4,32.9,63.7,35.5,31.2,44.9,32.6,24.6,19.4,25.3,6,14.3,25.6,15.6,13.9,20.8,27.4,6,27.8,14,10,13.3,9.5,0,0,7.3,15.3,0,12.9,24.6,0,5,30,0,52,0,3,5,24.1,10,17,4,8,23,35.3,41.8,17.2,16.6,32.2,19.1,20.1,24.5,36.2,23.5,19.4,20.5,24.4,25.3,38,34.4,27.2,36.4,14,29.6,13.3,35.5,21.2,26.2,24.7,22.5,26.8,21.7,18,18.4,27.7,16.6,28,26.1,18.4,37.5,39.5,34.5,37.5,32.5,45,68,57,115,67,69,38.5,93,68,51,17,21.1,0,13,9,10,9,25,20,8,10,25,18,12,7,5,7,17,5,32,9,17,30
1999-06-01,1.1,0.9,5.9,6.4,101,20.5,22,40,22.9,19.8,76,17.9,49.3,5,30.1,24.6,38.2,30.6,95,19,37.3,57.5,20.8,97,25.5,15.2,19,23.4,29,54.3,20.3,53,77,35.8,20.4,18.8,67,35.8,7,27,65,31.5,41.9,36.9,14.8,10,36,44,8,50.2,94,49.4,12,38.1,22,50.9,14,41,49.4,6,0,28.3,43.2,60.2,0,42,21,16.2,10.3,13.3,13.9,1.8,8.5,6.8,15.3,34,18.7,25.3,26,22.2,20,25,23.7,15,29.5,20,23.2,11,37.1,29,29.3,33.9,29,25.1,11.2,19.7,12.6,12.5,15.9,9,8.5,22.2,16.3,10,6.5,9.5,11.1,21.8,10,39.1,6.5,141,40,50,15,13,25.9,12,20,22.5,22.3,62,16.7,25.2,29.7,16.2,15,32,19.5,27,24.7,8.6,25,17.9,41.9,7.5,22.3,25,20.5,22.1,22,14.8,31,2,15,23.1,8.5,29.2,15.2,33.3,56.4,11.6,30.9,10,23,27.3,15.7,10,8.1,15,13.5,49,10.5,16.7,35,12,18,14,20,28,14,25.7,46.5,33,16,33.4,18,58,25,12,29,6,14,6.1,9.5,25,14,21,13,17.3,0,12,16,24,19,22,42,22,30,25.5,30.2,11.8,22.3,22.7,13.2,17.9,11.3,13.7,24.9,21.7,14.4,15.7,10.1,16,15,15.4,24,13,13,25.5,12.4,13.8,8.8,12.4,0,19.6,13.6,13.5,17,27.7,25.4,18.9,24.6,13,15.7,16.4,9.7,7.4,11.5,8,16.6,15.6,15.6,13.3,15.4,36.9,11.7,11,11.9,14.9,14.8,8.9,13.8,46.8,27,10,25.5,15.8,9.6,20.8,9.3,14,17.1,17,0,18.3,7.8,13.4,13.3,15.2,22.4,11,21.4,15,14,18.8,20.2,6,21,24.2,22.4,34,37,10.3,54,14,11,10,26,4,9,5,36,8,6,8.6,10,0,14.8,16.6,16.5,22.2,19.3,19.1,14,13.9,17.4,12.1,14.9,16.8,15.2,11.1,18.4,24.4,16.7,13.4,16.2,19.8,15.5,10.5,27,18.5,12.4,19.3,13.6,13.9,21.3,18,21.1,21.3,22.7,28.8,14.3,12.5,10.5,11.5,11.5,9.5,0,2,4,3,8,9,11.5,10,5,4,13,15.6,23.4,60,64,70,83,73,45,96,50,88,65,49,64,51,33,10,22,33,13,18,54
1999-07-01,25,5,2.5,7,13,1.4,0,2,15.2,7,10,8.5,21.9,0,19.1,12.1,22.5,10.4,20.2,10,17.6,28.2,14.4,20,8.6,13.8,4,6.7,6,19.7,13.1,21.9,17,29.6,12.1,12.3,7,7,0,0,11,16.5,23.1,19,7.7,0,0,5,0,29.8,3,0,0,20.7,0,16.8,0,0,16.3,1,0,13.7,22.6,18.5,0,13,0,9.6,24.7,29.2,11.6,14.3,12.2,5.8,22.8,25.4,19.4,6,14.7,42,14.6,19.5,25.9,6,16.2,18.4,10.7,13,22.1,21.1,17.8,29.2,25,20.2,10.7,12,9,18.9,13.8,10.6,7,28.9,14,9,0.5,3.5,13.8,18.5,8,22.9,18,35,74,22,5,3,17.2,11,23.2,10,12.1,29.9,10.2,25.3,14.8,13.1,11,8,13.8,17.4,25.4,6.1,20.5,17.6,36,6,21.7,23.1,14.6,15.9,21.8,9.9,32.6,13.1,13,12.9,6,20.4,17.6,28.4,47.7,12,12.7,15.7,13.6,18.8,12.4,15.3,11,8,13.4,29.8,0,10.9,17,5,11,16.2,16,16,0,10.4,127.5,18,8,2.7,12,3,12.4,16,2.2,10,20,1.6,1.7,20,20,15.5,20,9.9,0,3,19,30,14,18,7,12,12,19.5,17.3,15.5,14.5,10.9,15,14,7.5,5.5,12.9,7.9,14.8,5.6,4.1,8.9,3,9.8,8.4,14.1,9.9,8,11.5,9.6,12,17.4,12.1,23,15.9,13.6,11.3,11.4,16.4,13.9,11.4,14.4,7.6,7.8,13,8.5,9,1,10.5,12.3,6.3,6.2,4.6,35.2,13.8,6.5,5.5,15,12.6,9.2,9.4,57.6,18.9,10.4,25.3,11.7,10.4,17.5,5.2,8.2,10.1,13.2,0,6.4,4.2,7.3,10.1,9.9,17.9,7,16.8,11,11,12.3,15,18,15,12,17.6,14,14.7,1.7,14,6,2,7,11,11,7,6,10,1,1,3.4,0,0,9.9,7.3,9.2,9.3,5.9,8.2,8.3,6.1,6.3,7.6,7.3,9.1,7,6.5,9,12.4,9.6,5.7,12.4,6,6.6,5.8,13.9,10.7,7.7,11.7,10.2,10.8,11.6,11.4,8.9,8.6,11,14.9,10.5,0,0,0,0,0,0,0,6,5,4,3,9.4,6,2,2,6,10.9,15.6,21,16,25,11,25,26,22,14,10,14,15,20,15,16,18,10.5,13,20,8,15
1999-08-01,0,0,0.1,0,0,0,0,0,9.1,6.2,0,3,10.3,0,13.5,6.5,8.2,4.9,6,0,5.8,14.4,6.4,0,5.5,6.1,0,5.5,1,15.9,8.2,9.4,0,15.1,9,7.6,0,5,0,0,0,7.2,8.3,7.8,5.9,0,0,0,0,12.6,0,9.6,0,9.4,0,14.2,0,0,8.6,0,0,5.3,13.4,7.5,0,9.7,0,4.4,23.6,25.2,14.9,15,5.5,2,14.2,23,16.6,20,9.3,13.7,8.7,13.4,12.7,11.2,9.1,9.4,8.8,3,15.5,15.2,12.7,19.3,14.7,8.2,7.6,18,9.1,3,12.4,10,18,18.8,9.3,9.9,4,3.5,9.2,8.6,16.1,20.4,1.5,5,17,8,7.8,12.3,9.6,10.3,19.3,2,12.4,25.3,6.5,19.6,11.6,9.2,5.5,9.3,9.3,18.6,18.4,5.4,8.7,10.6,22.6,8,23,22.3,10.7,9.9,17.6,5.9,33.9,9.5,6.8,8.8,5.4,15,12,18.8,36.9,11.3,8.6,17.5,7.4,10.6,8.5,20.4,12.4,8.4,8.1,20.5,17.2,5.9,19,14,22,20.3,16,13,10,10.9,49,21,13,9.1,12,27,15,18,8.4,10.7,21.5,4,0.3,27,30,18.9,0,19.3,0,10,24,29,27,14,8,15,20,18,20.2,7.2,8.7,6.3,12.4,6.4,4,7.1,9.5,7.4,8,5.4,2.9,5.6,0,8.7,6.5,8,6.9,12.9,10.6,8.2,7.3,11.6,13.1,20,8.9,8.3,13.8,7.7,18.5,15.2,5.8,8.8,6.8,7.1,6.7,12.2,9,4,9.2,9.8,8.1,8.1,7,34.5,12,7,7,10.1,10.8,9.4,8.7,54.4,8.8,7.9,18.6,14.6,8.5,17.1,6.3,9.4,10.4,16,17,7,7.4,11,12,9.2,21.7,14,17.6,15,16,17.5,14.8,20,22,18.9,23.2,14,22.1,3,23,18,0,18,6,27,10,11,5,11,2,10,6,0,12.2,8.9,10,16.2,11,12.1,12.1,10.6,11.3,11.4,14.1,15.8,11.4,11.1,12.3,15.8,16.6,9.5,14.4,7.3,7.9,8.9,17.2,13.8,10.7,17.8,14.4,13,14.3,17.3,14.3,15.5,19.8,23.3,16.9,16.6,14.9,10.9,7.6,14.9,0,1,2,1,2,2,5,3,1,0,9,9.3,25.4,25,45.5,29,49,45,40,20,30,43,38,29,13,30,32,10,23,0,21,7,34
1999-09-01,3,0,6.5,7.4,2,0,10,5,15.3,15,8,17.1,19.8,0,17.7,15.8,18.6,16.6,23.1,7,10.5,24.7,16.6,0,15.8,18.7,1,12.9,5,36.1,14.6,26.6,2,21.8,20.6,18.1,0,18.9,8,12,4,22.8,21.6,25.9,20.8,9,3,15,10,27.9,12,20.9,6,25.2,7,19.9,4,0,17.3,0,0,17.4,33.1,16.6,0,18.3,6,18.1,19.8,21,48.5,8.1,9.3,8.2,19.9,27,16.4,30,16.3,24.1,11,16,28.7,5,21.9,21.6,14.5,118,22.4,26.1,27.8,30,30.1,19.2,15.8,9,30,15,16.1,7,14.4,21.2,20.6,7,6,5.5,11.9,12,14,35.3,11,15,9,20,19,11,16.5,11,25.2,13,19,48.5,14,31.1,25,24.8,3,6,14.3,0.2,42.5,8.7,21.7,22.9,32.4,7,28.3,29.6,29.7,19.1,30.1,14.2,36.4,10,5,25.8,9.5,22,14,26.8,56.4,11.9,16.1,20.2,14.4,16,16.4,12.4,5.5,11,15.3,29.6,46.6,100,60,20,72,37.9,48,28,30,34.4,120,54,39,73,28,125,52,40,71.3,28.5,43,57,67.7,36,31,44.2,36,36.2,11,30,21,24,50,16,60,47,57,59.5,49.4,15.1,30.4,23.6,19,28.5,17.4,18.8,24.3,22.6,24.9,20.4,20.9,26.2,7,27.9,28.6,24.1,23.6,31.9,32.5,27.7,28.7,30,40,18.8,31.1,25.5,36.8,31.5,49.3,46.2,32.6,26,46.7,29,32.3,17.8,46.9,29,40.5,33,34.4,29.2,42.9,29.4,24.9,21.9,35.5,29.9,36.6,29.4,34.5,63.7,52.5,29.5,49.3,43.9,29.6,42.2,30.3,32.1,31.1,29.5,40,30.4,26.1,31.2,25.1,31,44.9,35,41.1,58,18,38.6,34.1,15,37,47.5,50.9,71,57.1,41.4,69,24,1,6,55,11,24,19,29,47,18,44.7,60,11.5,32.5,35.3,25.8,33.8,16.5,24,19.8,25,26.5,33.9,36.1,43.8,30.8,31.1,33.2,30.8,24.8,28.3,22,19.7,21.4,31.1,41.5,32,33.8,41.6,46.7,31.7,44.2,35.3,29.4,34.7,43.3,40.5,30.6,67.5,69.5,57.5,63.1,63.4,76,19,26,35,33,34,36,42,30,27,20,38,31,96,65.5,132,50,79,67,96,56,64,57,45,63,54,37,51,46,63,58,54,65
1999-10-01,71.2,40.5,171.5,163,76,120.8,264,70,108.5,109.6,35,89.5,97.2,62,125.7,119.7,95.3,126.7,103.8,170,91.7,134.5,109.4,158,120.3,118.5,133,105.3,74,103.5,122.8,114.1,43,100.9,110.7,121.8,52,111.8,65,73,95,136,140.9,115.5,74.1,101,41,68,45,105.5,47,89.3,42,113.6,58,103,4,89,104.4,43,5,113.8,108.6,102.4,37,83,61,99.7,42.3,128.7,108.7,102.7,72,87.7,100.3,184,108.8,151,249,120,180,201,87,28,147.7,20,154.4,116.9,157.4,150.9,154.2,202,140.4,124.9,89.4,50,2,20,70,29,23,80.7,80,32,74,58.5,62.9,156,355,104.3,238,5,260,301,261,231,150,270,319,275,302,132.3,123.7,156.6,104.3,136,201,235,82.5,257,104.6,75.7,100.5,131.1,103.2,86.5,101.5,203,112,118.7,141.8,129.3,117,192,171,26,86.5,161.7,150,156.4,167,96.1,130.2,36,140.2,105.5,123.8,27,10.1,120,75,131.6,134.2,144,66,98,10,155.5,88,62,93,135.8,88.5,55,176,57.4,90,77,233,157,64.2,120,163,240.3,255.6,182,120,121.3,56,106.3,147,104,44,78,84,158,85,59,114,79,94.9,67.4,118.3,107.1,83.7,127.1,131.8,99.6,107.6,139.2,119.2,124.7,114,128.4,88,111.3,113.3,109.5,105.2,114.6,138.9,132.5,102.4,139.9,156.7,94.6,118.8,125.8,135,98.9,161.9,170.5,139.5,120.4,168.4,103.1,137.3,121.1,136.4,141,122.3,122.7,133.8,87.3,119.3,102.6,95.4,117.9,103.2,127.1,138.8,115.9,128,87.4,109.5,121.6,160.5,154.9,125.5,165.2,108,99.8,90.8,125,99,95,102.1,110.9,88.7,112.2,129.9,92,112.8,31,42,91.4,85.7,62,126,85,97.4,110,95.2,103.4,91,85,63,97,31,59,102,91,57,111,101,53.7,289,221.5,111.1,138,78.8,112.5,95.5,73.3,88.4,122.5,118.7,104.8,103.9,111.8,94.2,119.9,105.6,98.2,96.3,156.8,116,118.3,76.4,173.5,71,120.1,137.8,111.6,108.8,91.5,84.5,97.8,114.5,101.1,111.1,83,74.7,155,157.6,141.8,141,163,151,17,172,12,163,193,231,208,182,191,49,113.2,108,119,100,106,65,77,96,166,174,219,149,162,83,102,165,152,93.5,76,58,96,101
1999-11-01,49.3,91,62.8,84,82,54.2,156,121,95.8,92.4,71,77.9,89.8,34,86,74.9,82.7,76,81.2,75,68.9,117.9,85.9,13,77.4,84.3,34,80.2,41,77.6,93.5,86.3,75,88.6,85.4,85.8,67,92.3,113,35,0,92,115,94.8,70.8,47,61,93,75,90,50,87.4,63,73.9,86,84.7,122,25,89.5,57,37,83.1,81.1,78.3,46,75.2,14,78.5,166.6,129.8,85.7,110.6,81.3,120.5,73.4,128,90.6,68,169,19,77,88,68,75,99.5,375,75.2,95,100,105.1,93.8,68,88.9,91.6,64.9,75,16,75,57,79,20,66.7,50.2,110.5,101.1,118.1,69.1,137,105,236,207.5,350,75,26,79,29,139,114,108,13,126.8,110.9,98.5,88,78.2,98.3,96,46,43,47,95.3,65,77.4,99.8,65.5,95.5,77.6,35,76.1,108.9,114,80.6,100.9,113,145,13,71.2,116.6,54,112.6,111.4,66.3,93.7,62,107.5,81.4,81.3,8,7.8,149,58.6,105,218.3,350,166,184,251,92.3,169,264,168,153.3,114,199,118,51,60,200,25,135,57.5,138.5,96.5,165.7,175,89,79,208.8,130,133.9,132,129,233,177,136,78,94,206,196,220,163.2,71.6,132.1,99.3,100.5,133.4,126.8,105.7,123.6,152.6,135.8,129.3,129.4,136.2,197,137.3,133.2,113.1,158,134.8,165,156.2,111.8,144.3,186.4,108.4,133.5,135.7,169.2,113.8,189.3,190.4,155.9,142.2,201.9,121.2,153.4,114.5,165.5,225,156.6,185.4,150.9,105.2,166.7,96.7,123.9,137.4,148.6,138.6,172.2,148.3,163.4,106.2,131.2,147.3,221.6,192.5,138.8,200.9,115.8,123,114.5,149.6,168,135.3,125.1,145.3,146.4,170.8,183.2,209,157.8,81,81,132.1,130.2,134,137,139.3,131.6,148,152.6,190.4,134,200,145,154,78,111,206,177,104,180,188,94.9,15,103,141.3,143,91,136.2,115.2,97.6,94.5,138.2,125.4,143.8,136.1,161.9,115.3,143.5,130.9,119.4,127,155.8,112.7,139.9,96.2,181.2,102.5,159.7,159.4,145.2,158.8,112.2,111.4,132.9,151.8,109.1,162.2,102.1,96.2,279.4,285.6,267.1,283,288.1,306,264,255,184.2,125,145,255,180,125,138,71,141,114.6,122,212,215,257,75,134,152,16,135,135,185,149,180,161,200,198,283,132,146,172
1999-12-01,68.8,66,171.8,108.4,77,85.2,225,26,116.2,106.7,46,96.1,93,25,101.3,112.1,70.8,105.2,98.8,25,85,134.8,119.9,26,113.1,118.5,87,111.1,92,85.8,123.5,96.3,42,87.5,96.9,122,41,98.6,230,11,50,116.2,114.6,105.5,76.8,69,109,15,87,89.6,85,104.8,91.3,79.2,55,96,92,21,92.6,55,105,104.1,89.9,91.4,115,80.3,52,92.6,197.9,160.5,131.2,147.5,84.5,83.2,109.1,61,107.5,127,196,102,157,177,131.4,99,139.1,59,131.9,147,129.4,148.5,123.9,127,116,128.4,88.8,58,35,87,86.5,60,39,90.6,74.6,149,75.9,94.5,84.2,140,126,130,144,70,55,197.2,130,190,119,118,161.4,180.1,103,191,122.1,144,92.3,121.3,105,113,61,94.5,111,76.3,97.7,118.9,89.6,106,107.9,35,106.8,133.6,142.6,123.5,134.5,123,86,67,88.2,165.2,231,165.4,202.2,97.9,126.5,85,144.3,97.5,120.9,45,5,64,81.6,147.7,378.3,362,187,102,223,174.4,86,165,219,181.3,26.5,144,119,184.1,150,130,233,145,133.8,123.5,233,222.5,242.7,224,241,194.3,243,163.9,193,262,209,177,217,153,160,76,151,132,130.2,76.2,139.4,109.4,99.3,171.2,157.5,114.9,124.5,190.8,170.8,167.1,155.9,156.1,161,148.6,148.6,125.9,175.3,148.6,205.8,188.2,124.9,166.4,224.8,106,138.1,139.1,212,163.6,221.1,216.7,188.3,159.6,242,150.1,173.9,140.8,209.5,173,194.8,209.7,203.4,145.5,126.7,96.8,138.1,145.6,190,153.1,200.4,172.3,182.2,94.8,151.8,170.8,224,208.9,173.2,239,126.5,152.3,148.6,165.5,148,174.2,151.1,165.1,159.1,203.2,178.3,90,156.1,104,100,145.2,132.2,113,67,117,116.6,76,128.9,213,93,203,172,119,93,119,151,171,114,185,156,142.9,170,165.2,181.1,152,98.8,138.9,137.3,125.8,116.9,181.4,157.1,172.2,163.9,181.6,128.7,166,180,146.8,159.3,198.3,157.5,145,107.7,205.5,114.7,182.3,198.3,169.4,170.2,121.7,118.6,141.3,186.8,134.9,183.8,130.2,135.3,388.9,405.7,378.5,373.7,380.5,341,192,210,215,148,194,220,239,169,180,119,202.5,84.7,157,150,129,223,74,115,132,128,71,124,218,156,147,171,74,106,156,200,74,106
2000-01-01,143,70.5,33.8,54.2,197,232.7,33,157,163.4,108.5,353,124.4,203.5,64,176.5,165.8,208.8,150.9,196.7,190,141.2,172.9,162.4,180,213,174.9,283,169.1,209,217.7,149.4,182.5,311,166.8,154.9,157.3,251,222.4,58,57,242,177.9,178.6,188.2,137.7,274,78,133,208,170.8,330,191.8,109,200.6,240,213.3,145,179,203.9,143.4,160,189.5,194.1,189.5,150,145.3,118,155.1,137.8,104.2,152.2,167.8,104,129.2,113.8,177,125.8,176,216,123,153,348,158.4,268,159.2,52,204.8,311.5,220.8,219.9,172.8,176,183.8,170.7,106.2,60,53,209,13.5,137,69,148.4,106.2,75,104.2,120.5,92.3,235,223,273,217.5,271,201,287,280,280,242,252,170.9,260.5,237,218,158.8,174,156.1,172.4,97,146.5,127.5,128,129.9,99.3,110.8,154.5,149.1,116,127,35,132.6,129.9,175.3,155.5,149.3,87,150,67,143.8,212.9,286,180.1,202.8,131.7,165,123,187.9,115.6,178,86,8,87,114.2,149.1,218.2,107,93,75,138,136.9,76,114,75.6,116,68,149,206,92.8,194,102,112,99,83,54.4,185,150.8,96.8,127,241,140.5,244,139.8,24,146,87,231,118,183,32,95,131,146,150.5,77.9,110.9,141.6,87,147.8,142.3,110.1,137.7,125,117.9,118.1,111.8,121.3,32,100.3,107.8,75.5,90.8,109.8,110.8,98.5,77.7,90.9,121.1,108.6,86.5,122.3,129.5,112,125.3,114.4,84,94.6,138.2,90.2,96.5,115.2,113.3,137,89.8,110,110,95.2,53.9,126.4,79.7,84.3,103.8,111.7,127.3,101.7,143.3,75.3,108.3,122.9,161.2,168.2,125.6,166.5,108.9,100.5,96.1,130.2,31,102.7,86.7,106.7,88,111.1,149.6,50,106.2,111,189,115.7,127.3,55,192,124.3,125.1,121,129.6,89,252,85,96,58,87,64,36,31,116,99.8,55,86.7,110,3.5,105,143.6,74,102.3,97.3,75.4,83.8,106.4,107,94.7,109.7,118.9,97.2,113.7,114.8,112,95.5,137.1,179.6,107.5,75.2,163.4,88,142.8,153.9,157.2,121.1,117.5,107.4,126.7,144.2,116.4,136.4,120.5,94.1,221.7,207.9,217.2,219.6,202.6,212,122.9,93,133.2,77,71,100,115,75,51,180,105.2,261.3,122,106,220,165,201,170,118,147,154,143,118,135,110,115,174,158,124,89,164,146
2000-02-01,61.1,102,171,128.5,129,134.3,67,155,123.8,108.8,53,104.1,123.3,119,138.7,134.2,99.8,119.2,128.5,280,126.3,152.4,142.3,89,147.7,147.9,169,115.3,121,127,138.2,145.2,76,123.3,126.9,131.2,72,145.5,70,67,77,131.4,130.3,140.3,80.2,374,119,94,312,132.6,162,112.7,135,114,267,148.7,81,81,157,132.5,72,126.2,127.4,136.7,69,112.6,76,128.9,50.3,59.5,129.2,57.1,78.5,81.6,119.3,203,108.9,146,188,123,176,213,141.6,149,156.4,128,181.8,185,173.5,160.2,161.6,146,159.9,156.6,97.7,85,26,100,132,102,100,90.7,90.9,68,65.5,94.5,77.6,229,168,88,158.5,189,130,132.5,171,42,204,192,167,140,208,243,124.3,168.8,130.7,143.6,140,176,118.7,150,114.4,84,95.4,135.5,120.1,163,126,65,110.5,133.7,164.3,135.8,140.4,113,57,175,104.7,187.8,100,185.4,178.6,112.9,134.2,139,146.1,103.8,137.5,17,3,117.1,98.4,141.6,148.6,129,160,28,64,87.3,126,131,59.2,109.7,34,122,60,138,109,50,77,61,108.3,107.6,60.8,136.6,135.2,74,214,99.9,108,100.9,95,62,48.4,124,75,47,181,134,118,113,92.6,56.3,117.4,114.8,89.9,142.1,130.4,105.8,126.7,126.8,118.4,122.6,108.1,131.8,75,104.6,105.3,85.6,96.7,110.4,112,108.2,98.7,130.3,126.7,105.6,104.3,118.7,131.8,114,130.9,137.3,110.3,102.5,151.2,105.9,117.2,93.4,114.9,123,97,107.1,115.9,83.2,41.1,110,73.7,97.2,94.2,113.8,115.8,93.7,127.7,76.9,124.5,103.2,140.2,134.9,121.6,151,100.5,82.3,100.5,119.2,60,104.5,85.5,97.4,83.8,96.7,116.8,22,95.1,89,113,84.3,64.8,83,86,90.5,89.4,80,105.7,65.9,53,57,128,49,147,82,42,52,105,104,85,66.4,79,73.5,98.7,139.3,79.3,106.3,94.2,67.8,78.6,107.6,128.3,80.8,99,100.9,91.8,106,110.3,127.7,91.3,148.8,112.9,106.8,78,163.7,60.7,102.3,126.3,105.3,90.9,95.4,73.5,87.7,105.8,114.7,103.5,100.1,75.7,160,156,161.8,153.7,144.7,147,124,124,135.2,127,117,163,153,105,109,90,99.8,110.1,150,182,186,132,156,167,225,158,242,173,107,148,84,97,164,163,85,105,139,69
2000-03-01,143.5,65,109.9,82,53,124.1,33,48,137.8,113.7,105,84.9,140.4,42,143.1,144.6,111.6,140.6,113.1,191,110.7,139.7,144.8,50,148.2,165.2,130,129,146,125.6,142.8,135.7,43,133.9,139.3,145.9,110,151.2,7,130,70,151.8,164,159,80.3,134,47,94,195,123.1,69,108.3,37,119,118,151.3,69,44,161.6,129.4,130,145.1,134.9,117.8,165,98.2,73,126.5,74.3,116.8,134.3,194,76.2,46,104.1,216,112.4,330,322,223,314,222,140.2,248,164.9,208,199.5,248,214.9,196,179,330,174.2,155.9,109,110,18,75,45,46,21,103,92.3,82,78.2,105.5,84.3,318,177,226.8,248.5,399,120,30,298,479,276,212,168,78,372,219,140.9,168.8,148.4,154.1,147,146,125.8,123,124.8,6,98.6,137.8,142.6,64,117,301,139.8,139.2,187.9,147,133.2,91,106,97,11.2,247,273,165.2,179.6,114.2,149,180,157.1,93.4,159.5,36,9,120.5,94.3,130.4,380,184,54,88,85,78.2,71,98,42.2,95.1,22,142,114,61.7,44,102,100,73,59.2,103,78.5,105.1,184.6,107,104,108.2,100,107,45,63,74.7,91,144,97,63,83,66,72,78.9,70.9,98,119,80.3,136,110.5,93.8,111.1,132,105.6,98.3,104,103.5,74,93.5,89.8,71.1,90.5,86.4,104.6,97.4,84.2,88.8,124.8,98.9,92.8,113,108.9,95.6,131.1,135.4,85.3,88.1,135.3,69,98.6,119,109.4,65,87.2,109.1,104.8,64.3,89,97.1,73.8,89.1,83.2,99.1,102.4,80.6,117.2,78.5,98.7,108.5,155,153.1,102.1,162.5,95.8,70.2,67.1,110.1,50,77.5,87.5,80.3,73,107.2,117.6,45,90.3,65,57,79.5,63.4,86,97,75.3,88,94,88.3,194.1,128,87,66,81,62,78.4,48,36,193,33,125,67.9,67,54,100.2,128.2,65.4,78.2,87.7,48.6,78.4,83.8,98.3,74.6,83.8,102.6,80.9,85.1,91.7,80.9,85,124.3,125.9,88.5,62.3,155.9,62.7,102.8,120.6,113.5,93.7,92.6,75.4,81.1,104.2,86.3,95.9,76.4,67.9,372.2,383.2,399.3,378.6,363.6,367,89,83,141.2,103,167,95,89,105,71,50,88.3,102.6,94,76,62,55,99,112,60,89,82,154,90,115,110,64,166,187,138,114,112,100
2000-04-01,73,30,84.7,46.5,59,25.1,115,19,67.7,84.1,68,53.7,80.2,17,78,59.4,71.1,72.9,90.1,40,64.3,88.5,72.9,66,65.9,67,22,59.9,11,86.5,66,80.2,149,80.3,66.1,62.5,59,76.5,25,10,42,85.3,89.9,84.3,62.5,8,37,40,29,74.9,55,87.7,25,67.2,107,71.2,3,6,76.9,65.3,90,83.5,78.9,74.8,25,61,9,62.9,110.9,123.6,81.3,51.5,86.3,54.6,50.1,73,71.5,91.1,87,24,70,73,72,126,73.3,46,76,126,88.3,109.8,74.4,58,83.2,80,49.6,110,15,66,65,49.2,73,51.1,53.7,48.7,61.5,43,51.7,101,73,40,114.5,231,60,130,141,108,82.6,105,87.6,292.5,52,123,81,91.6,65.9,89.7,48,30,44.4,42,68.2,33.9,46.6,87.4,65.9,32,62.4,108,67.3,79.7,83.1,71.7,75.1,87,17,175,94,7,100,96.6,116.4,53.9,66.4,30,87.3,77.2,68.8,32.5,4,94.5,57.2,69.2,143.3,141,67,108,83,103.8,92,80,116.6,148.4,8,135,73,172.3,164,82,77,109,150.4,61.4,123.5,116.3,125.4,113,198,122.5,109,108.2,51,146,85.4,91,105,112,145,73,73,71,82.8,55.7,104,101,74.1,103.5,101,89.4,101.6,118.7,104,108,90.3,114.9,108,112.8,114.3,66.9,102.7,117.1,119.4,127.8,85.9,112.1,132.7,80.3,87.1,78.7,155.5,160.7,134.7,128.4,89.2,101.3,140.9,117.5,92.5,69.3,115,115,115.1,109.9,104.6,97,112.3,86.4,65.3,74.3,98.8,96.2,105.9,96,101.2,77.5,161.1,84.9,118.5,113.2,116.5,127.4,76,103.5,125.2,94.4,108,127,90.2,107.8,90,101,123.7,90,104.7,166,209,97.2,77.2,104,64,84.8,87,129,88.1,152.6,103,92,120,129,124,69,130,113,233,111,137,76.6,127,157.6,132.5,122.2,82,111.4,106.2,79.2,93.6,109.2,117.1,107.3,108.3,104.4,122.8,128.9,117.4,134.5,86.3,117.7,97.7,135.6,86.3,198.6,82,110.5,97.5,94,83.2,86.5,79.1,105.5,80.6,134.5,111.9,114.2,82.2,128.9,117.6,116.7,127.4,113.4,128,67,88,113.9,82,120,94,132,88,106,141,134.5,59,69,32,44,65,68,92,33,57,91,47,46,50,33,48,30,20,23,80,34,75
2000-05-01,25,9,42.3,21,56,16.3,48,35,24.7,22.7,59,29.8,43.9,22,35.6,26.1,41.9,31.9,57.6,47,29.6,49.1,23.4,39,27.9,23.6,14,21.4,18,66.9,20.5,61.5,52,36.4,21.4,25.4,54,49.5,5,27,18,26,40.5,41.7,34,18,71,62,7,47.6,52,45.8,22,43,26,38.7,25,27,42.7,22.2,18,25.2,38.2,48.4,0,33.3,42,17.3,53.5,62.3,48,47.2,18,17.8,25.7,23,22.8,30.8,12,42.1,16,8,34.8,17,34.6,10,27.1,17,27.4,34.7,31.3,34.4,33.5,29.1,24.4,20,1,26.4,18.3,12,24,31.6,22.2,33,12.1,4,18,16,30,47,29,60,60,5,21,30.9,29.4,61,28.8,6.5,19,40,22.6,54.5,28.4,34.5,19,28,28.5,14,48.7,19,26.1,34.3,39.9,33,33.5,35,29.9,31.9,33.9,23.2,36.8,30,20,33,7.3,48,9,45.2,59.2,21.5,23,23.9,25.7,25.9,27.4,24.9,3,38,21.8,44.2,34.7,59,120,54,90,89.3,125,137,28.4,63.8,52,124,114,105.9,126,175,82,80,84.9,41.9,94.5,36.5,47,71,65,111.9,62,98.4,17,42,91.4,179,66,73,96,119,131,121,136.3,24.5,40.8,33.1,27.9,39.4,28.3,26.6,35.2,38.9,37.4,35,25.3,35.7,33,37.4,45.2,21,49.8,51.2,48.5,45.6,28.9,35.8,52.6,39.5,32.2,27.9,56.5,61.1,78.9,41.8,55.6,36.8,59.5,52.6,34.8,35.4,48.8,45,46.6,42.5,48.4,73.6,55.7,47.9,25.3,28.6,47.7,35.3,58,48.6,59,74,97.3,44.2,82.4,63.9,49,70,37.8,63.8,85.9,53.9,52,94,44.7,67.8,85.5,75.6,108.5,79,86.5,92,52,111.7,109.4,127,147,128.8,101.3,108,125.2,48.4,141,84,18,88,77,89.2,74,59,117,50.3,31,83.3,65,47.7,62.1,52,44.4,47.7,35.9,47.7,56.6,51.5,64.4,60.4,57,74.1,69.4,59.9,62.6,83.7,45.8,40.2,40.4,45,34.5,47.7,75.9,76.2,56.6,73.1,75.2,55.9,91.3,92.7,46.9,93.2,81.4,93.1,68.6,33.7,34.9,36.2,32.3,35.9,36.5,36,30,44.2,27,31,35,39,27,28,120,62.2,137.8,112,150,121,113,159,157,125,117,127,107,113,152,107,108,108,113,90,84,104,143
2000-06-01,15.5,10,5.6,5.5,4,8.4,0,2,20.8,9,9,9.5,26.1,0,20.5,14,24.3,12.2,16.3,1,25.9,28.2,16.4,0,11.3,14.3,5,9.4,9,23.7,18.4,18.6,0,29.3,14.5,16.7,6,9.6,0,0,0,21.9,28.1,19.8,9.1,0,0,0,7,27.7,3,14.5,0,19.1,4,25.6,0,0,19.4,7.2,0,20.5,22.7,19.1,0,22.8,0,11,11.1,13.2,8.8,16.8,9.8,9.9,29.6,27.7,23.8,19.7,12,30,12,19.8,26.1,3,27.4,16.2,23.3,12,22.1,23.7,24.7,33.3,27.1,24.7,12.7,28,8.6,23.2,17.8,28,11.4,37.3,16.3,15.1,8,10,14.6,31,18,58,14.5,15,34,32,25,21.1,23.1,10,24,47,8,35.7,12,28.9,21.9,18.4,8.7,14.6,16.4,14,25.4,3,27.1,21.4,48.6,10.9,24.2,23.5,15.2,23.4,25.6,9.7,32.5,8,17,3,0.3,32,18.6,33,53.7,14,16,22.8,17.2,20.6,17.2,4,2,13,14.7,28.9,8,26,3,0,0,9.9,4,0,0,8.1,66.5,7,0,4.5,15,6,10,0,2.8,6.7,13,0.2,0,12,2,9,15,3.6,0,0,15,15,20,9,5,4,0,10,11.2,17.7,13.1,10.4,15.4,11.5,11.5,3.9,13.2,13.1,13.9,6.1,6.4,6.7,1,4.9,8.1,12.9,8,9.1,12.6,9.4,13.8,15.7,13.6,24.6,14.8,12.1,8.3,7,20.1,15.5,16.6,13.3,5.1,7.4,12.1,11.9,9.2,1,12,15.7,3.8,8.5,1.1,41.5,14.3,7.8,5.5,17.9,17.1,7.7,8.4,59.3,18.4,12.1,26.6,11.2,10,20.7,5.9,5.5,6.5,13.1,0,5.1,3.1,7.8,9.1,7.6,15.4,0,16.1,1,1,9,8.9,9,6,5.3,12.6,3,15,0.7,8,0,0,3,0,6,0,1,0,0,1,0.6,0,0,9.6,5.4,7.3,6.2,8.9,5.7,6.7,6.4,7.3,4.2,6.5,7.3,5.5,3.3,7.8,10.2,6,5.4,7.1,4.8,6.1,6.6,11.2,5.4,5.5,8.9,6.9,8.3,8.3,6.7,11.9,6.2,8.3,10.2,8.6,9.3,8.5,7.2,8.7,6.3,7.3,4,5,6.6,4.8,3,12.9,6,6.3,3,11,9.2,5.4,7,5,9,7,3,8,7,2,5,3,11,6,20,7,5,27,8,10,10,9
2000-07-01,10,0,6,0,19,3,0,35,16.7,6.5,23,11.3,22,0,20.4,13.3,13.4,12.1,19.6,0,14.3,25,15.9,10,10.2,9.4,1,8.1,2,25.2,15,18.9,13,20.5,13,13.3,6,6,0,0,8,10.9,18.1,12.7,9.3,0,5,9,0,22.4,0,12.4,0,15.7,0,17,0,0,17,6.3,0,13.5,19.6,15.2,0,15.8,4,10.9,19,46.9,17.1,10.3,14,14,27.8,22.3,22,19.8,12,17.3,5,13,29.8,3,17.7,15.4,16,12,17.8,22.2,21.2,26.5,22.5,18.2,14.2,53.5,5,25.9,19.5,30,15,36,16.4,27,8.5,12,14,17.8,20.9,33,30,13,44,14.5,13,18.9,22.1,16,29.2,56.5,16.6,37,10.7,29.4,16.3,18.8,2,16.5,13.3,15,27.7,4.2,25.7,22.4,40.7,1.5,23.3,19.5,15.8,23.8,27.1,8.7,35,33,17.8,13,0.1,30,24,31.5,53.4,17.3,17.1,20.6,17.2,18.3,21.1,38,9.2,20,16.4,35.8,8.8,12,14,10,0,23.2,11,31,6.2,8.8,63,25,8,11.7,0,8,15,15,7.3,5.5,26,10,12,20,41,13.1,0,11.4,0,10,20,43,29,21,11,14,15,17,13.1,16.9,10.2,10.4,16.2,13.9,11.1,3.7,13.1,7.7,16.3,8.1,6,10,16,10.3,10.5,12.4,6.8,14.7,8.8,8.4,14,15.2,13.2,15.3,15.7,16.6,13.7,10,22.6,18.9,12.6,13.6,9.9,10.3,14.4,9,12.5,13,11.7,13.8,7.2,10.9,18.9,37.9,13.2,9.1,9,20.5,15.5,8.3,11.3,55.5,16.7,15.1,29.1,13.1,9.1,26.9,11.5,8.3,12.5,13.4,10,6.2,5.5,9,10,11.6,19.7,13,17.6,3,0,12.7,8.5,6,5,12.2,16.9,10,12.5,18.3,10,3,6,8,0,0,12,9,17,5,6,2.6,12,9,8.6,6.8,5.5,10.2,8.7,10.1,10,11.3,11.2,8.3,7.5,9.2,11.9,6.6,10,11.3,11.6,6.7,12,8.4,9.3,9.5,10.3,10.7,10.2,17.2,10.8,12.6,11.4,10.4,17.6,9,12,18.7,9.2,9.2,7.9,9.4,10.4,10,8.4,1,3,8,7,5,17,8,1,5,0,10.1,8,12,6,9,19,5,14,12,9,0,12,24,15,13,23,15,22,18,8,6,13
2000-08-01,0,0,0,0,0,3,0,0,9.2,6.8,0,8.7,14.2,0,17.1,10.1,15.5,7.8,10.7,0,10.1,18.8,14,0,6.9,7,0,6.3,0,25.2,17.2,12.8,0,20.7,13.1,13.7,2,11.7,0,0,0,10.3,18.4,13.7,7.2,0,0,0,0,18.1,0,13.5,0,13.5,0,18.2,0,0,14.6,7.4,0,10.8,16.1,14.6,0,9.5,0,9.2,2.3,1.7,11.8,2,0,0,25,21.1,20.7,15.5,14.3,19,8.4,16.3,23.2,9.8,13.3,11.6,10.7,11.5,16.2,17.2,18,21.6,21.5,12.5,13.1,32.4,10.2,23.9,14.7,11.5,12.3,30.5,16.5,12.7,4.2,8.5,13.3,15.9,13.4,20.1,12.5,21,41.8,12.8,11.1,11.7,14.1,12.4,22.8,16.5,11.8,34.9,7.7,25.2,13.5,12.5,10.7,10.7,40,18.2,26.6,5.1,19.8,20.5,35.2,9.8,25.8,25.2,16,14.8,20.7,10.1,31.7,13.5,13.4,16.6,5.1,31,19.7,28.6,34.2,13,10.8,18.6,13.3,18.9,13.8,17.9,14.3,10.4,13.8,23,6.2,10.6,3,11,0,6.3,0,0,0,15.9,169.5,6.5,0,23.9,0,20,11.6,0,15.7,15.5,1,1.1,0.5,0,0,22.7,0,19.3,0,0,57,0,0,0,27,7,5,4,10.2,17.3,9.8,11.4,15.2,10.2,9.3,4.2,11.5,7.9,13.2,4.9,6.1,7.7,5,5.8,11.2,14.8,8.2,12.3,11.7,9.3,12.5,16.8,14,19.6,15.2,15.2,15.3,14.2,22.2,13.2,12.3,13.5,10.7,7,15,9.5,14.3,16,12.9,11.6,6.5,10.5,46,33.9,13.1,6.3,8.9,18.5,14.3,11,10.4,49.1,18.2,12.2,31.5,14.1,10.9,21.4,8.1,11.7,15.8,19.3,14,9.1,6,9.1,12.1,16,19.4,30,21.1,25,45,18.1,18.7,31,22,12.3,18.9,11,12.9,2,1,32,0,45,36,54,6,3,10,33,15,50,0,0,9.2,8,8,10.7,9.3,9.5,7.4,8.5,8.9,9.9,9.9,10,9.7,7.3,14.6,13.7,9.2,5,15.2,7.3,9.6,6.3,15.2,9.1,9.3,16,10.4,11.1,8.2,11.7,13.9,11.4,15.5,16.8,11.2,0,0,2.5,8,9,0,6,2,4.6,2,2,8,1,0,0,4,11.2,20,18,16,4.5,19,11,8,12,15,4,11,8,7,7,14,14,29,11,45,36,8
2000-09-01,0,0,0,0,2,0.6,15,5,6.9,9.8,7,4.4,13.3,0,17.9,7.2,13.2,7.3,11.2,0,8.6,14,12.4,6,5.7,8.2,1,4.2,1,21.2,9.2,14.2,8,11.7,8.1,8.9,2,8,0,1,0,8.4,11.7,12.2,6.4,0,0,4,0,14.4,0,10.4,0,13.5,0,12.2,0,0,12.4,4.3,0,8.2,11.4,9,0,4.8,0,6.9,3.1,5.5,10.8,2,0.6,0,18.6,19.6,17.8,18.1,13.9,11.5,9.5,13.3,18.5,10,11.2,4,10.8,14.2,15.9,16.8,14,19.5,18.5,8.2,7.6,5,9.5,40,12.3,5,7.1,24.5,10.1,0,2,3,11.7,2,2,17.6,6.9,9,105,6,5,11,15.2,12,20.3,38,7,26.1,6.9,25.1,11.2,8.8,1,10.7,11.5,18,21.3,5.3,11.9,12.5,20.3,9.1,21.7,53,14.2,12.9,16.5,12.7,32.5,10,8.1,8,4.6,16,8,20.9,36.3,11.2,8.2,19.2,10.2,14.1,13,17.2,9.8,7.6,8.5,19.9,8.4,9.3,7,10,14,9.5,6,8,4.8,12.8,116,18,12,6.2,14,7,10,1,7.4,14.1,13.5,13.3,14,13,0,16.6,0,11.3,6,0,11.4,22,8,8,10,16,15,25,16.6,12.3,9.9,12,11.2,11.3,4.8,4.8,11.6,9.7,8.7,5.5,6.2,7.3,0,8.4,9.5,9.7,7,12.7,10.4,8.8,10.2,13,11.5,14.1,11.5,8,14.8,14.6,17.8,14.2,9.3,12.1,14,8.3,8.9,7.4,12.9,10,12.8,12.2,8.2,12.7,8.9,30.3,9.3,5.2,9.3,11.7,19.5,9.6,9,45.6,14.1,7.3,22.4,9.3,5.8,12,5.2,7.3,13,12.1,11,7.4,4.8,9.6,11.2,9,14.5,15,16.7,23,44,15.4,13.6,15.3,15,11.1,23.6,21,14.9,10.3,23,13,23,11.8,36,11.8,6,11,26,9,25,17,18,10.5,10.6,8.5,10.5,14.2,11,13.5,12.2,11.5,13,7.5,10.2,11.6,9.2,9.7,12,18.4,14.1,7.4,14.3,14.1,9.3,7.7,16,12.4,8.9,16.1,11.6,12,9.8,12.4,14.4,13,16.8,23.4,16,12,10,9,16,9.5,8,5,4,8,11,8,9,7,5,5,9,13.3,16.1,28,6,7,12,9,16,7,4,20,24.5,11,9,0,11,8,20,5,41,38,14.5
2000-10-01,68.4,48.5,81,59.5,49,54.9,135,37,80.5,58.2,49,52.6,68.9,15,77.1,65.6,69.1,63.2,71.2,125,59.9,89.1,70.5,58,59.2,65,72,56.4,31,77.5,71.1,73.2,32,81.9,60.5,61,33,76.5,55,6,62,89.9,106.6,80.8,56,34,27,47,77,90.2,43,83.6,46,71.9,63,73.1,15,15,66.5,77.5,65,72,72,73.3,35,62.7,15,68,75.2,65.3,69.9,55.3,29,25.4,34.7,71,63.1,87,83,57,91,70,66.2,85,71.9,83,75.4,85,87.9,88.8,68.6,91,80.4,65.1,42.3,107,11,38.7,32.1,24,11,44.6,35,33,23.5,30.5,37.3,85,186,101.7,45.5,27,85,132,109,87,97,102,85,299,89,71.1,73.7,79.3,62.3,66.2,52,42,44.6,48.1,65.9,34.4,44.9,74.8,67.1,20,43.5,88,60.9,72.6,94.5,65.6,68.8,2,35.8,20,13,59.2,51,98,83.8,42.8,63,80,74,84.3,56.9,28.4,8,32,37.2,65.3,72.7,133,200,119,125,105.4,217,95.5,78.7,126.6,83,149,112,213.3,110,207,63,72,191.7,56,108,103.8,124.2,91,108,131,97,106.6,22,99,110.3,138,73,60,160,204,166,126,158.1,57.7,70.3,69.4,61.4,82.8,75.6,64.1,70.4,87,73.6,84.3,74.3,83,102,78,87.1,54.8,75.6,93.8,102,100.3,66,78,105,91.1,71.6,56.7,120.1,116,99.6,109.3,76.3,87.2,115.3,106,67,62.3,99.5,134,103.3,94.2,84.9,95.5,94,77.2,39.2,72.9,97,81,105.1,84.6,91.8,89.2,135.3,68.4,116.8,110.7,87.3,118.8,79.8,93,113.7,94.7,99,130.1,80.6,118.7,110.1,109.2,160.2,112,113,123,188,131.9,140.1,87,169,143,123.4,144,153.8,100.1,183,136,77,77,164,99,104,125,145,95,158,142.4,92,36.6,91.8,90.9,66.4,75.5,85.1,78.8,74,88.5,93.1,98.8,97.8,107.2,116.7,108.5,109.5,128.5,66.1,86.1,79.8,96.4,51.4,116.3,84.3,114.7,89.7,113.8,101.5,75,99.8,120.7,80.3,112.7,129.8,120.5,91.8,83,83,77.5,81,72,115,70,51,82,50,86,103,86,68,70,93,118.6,98.2,162,173,169,137,188,277,140,208,211,166,204,201,183,146,204,235,254,261,203,263
2000-11-01,58,48,45.2,31,329,143.7,83,138,105.5,104.6,202,94.6,151,39,110.5,98.1,93.6,96.3,163.2,119,87.2,150.9,95,247,112.5,98.3,176,104.9,93,146.8,102.7,127,269,108,113.3,93.4,193,149.5,102,110,22,121.8,127.7,116,95.5,105,108,201,122,125.4,114,112.9,55,129.4,114,120.3,43,77,130.4,94,55,110.8,113,132.6,70,112.3,54,108.5,64.4,58.2,89.1,74.3,54.3,87,58.8,123,74.2,123,134,64,97,103,93.1,17,110,128,118.2,104,116,124.9,116,108,106.9,99.1,65.2,34,6,60,61.6,42,31,52.3,59.4,61,25.5,34.5,59,186,95,137.8,93,97,45,13,132,123,167,129.9,120.6,179,120,125,113.8,114.3,90.4,95.9,97,129,103,83,97.7,47.8,66.9,111,76.8,116.5,78.5,95,90.9,107.1,141.5,105.6,117.3,12,20,93,61,151.2,98.4,145.5,155.4,58.2,85.2,88,110.6,113.1,114.8,31.1,7.6,72.3,57.8,99,187.9,251,120,132,210,83.9,131,152.5,166.2,177.5,56.5,148,205,105.2,317,144.9,191,213,103.8,140,77,165.5,192,139,129,161.2,125,118.3,100,157,102.1,136,115,188,185,134,106,113,125.7,67.5,142,138.9,68.2,162.6,169.9,109.1,142.9,176.8,162.2,156.5,123.6,164.6,129,156.2,141.7,113.6,159.9,160.2,171.7,165.2,112.4,154.7,186.1,85.9,133.5,107.9,192.1,148.9,202.3,155.4,153.6,141.5,182.8,145.4,136.6,101.3,168.1,146,171.6,161.9,141.1,117.8,124.1,97.4,107.4,116.5,142.3,130,158.9,138.1,146.6,86.4,160,123.3,157.3,143.8,141.2,161.8,84.3,133.1,150.4,123.4,111,162,126.6,138.7,141.1,140.1,156.6,117,138.9,172,254,134.1,129,116.9,141,125.3,113.9,72,130,132.8,122,157,151,195,186,79,175,108,104,113,180,137.6,201,226.1,157.9,138.6,105.6,139,124.6,115,121.7,166.5,146.6,151.6,142.2,161.4,144.2,152.3,149.1,169.1,154.1,172.2,149.2,140.8,104.2,198,103.3,139.4,128.3,126.5,132.1,91.2,101.5,154.4,144.8,141.7,176.8,125,128,116,108,116.5,113,113,160,176,128,150,131,175,158,149,131,154,268,155.6,159.8,79,114,99,80,113,183,71,130,121,52,64,70,40,38,63,60.5,58,69,50,135
2000-12-01,27.4,70.5,56.5,72,147,105.4,79,125,95.9,88.3,78,60.8,84.4,9,78.5,80.3,80.9,78.3,96.1,20,68.9,111.6,92.7,51,70.9,84.3,72,68.2,43,78.3,68.6,91.5,73,83.7,72.1,74.6,69,78.5,132,71,101,88,112.5,77,56.6,60,55,47,99,87.2,115,105,117,80.2,79,82,50,25,86.9,83,110,77,89.2,86.8,78,79.9,27,83.2,30.8,22.3,123.9,72.5,31,82.2,53.7,27,75.1,60,42,19,42,99,65.9,75,79.5,90.5,79,126,96.6,99.7,84.7,60,83.3,81.1,52.3,7,20,48,44.9,61,26,57.5,50.4,33,16,18,48.5,67,74,128.4,64,75,40,97.7,102,89,86,89.4,11,153.5,92,293,84.5,86.2,61.6,78.8,77,137.5,197,46,71,47.1,66.6,121.5,78.8,98.5,64.4,115,65.6,80.5,103.8,71.2,82.5,44,17,82,30.2,109.8,91.8,90.3,96.8,52.5,79.9,103,89.8,89.3,86.7,37,2,66,59.6,70.9,248.9,133,28,52,147,65.6,24,111.5,300,146.3,0,129,104,147,49,112.1,85.4,119,100.5,96.8,87,119.7,175,203,100,142.8,65,113.4,123,128,129,156,150,156,112,24,24,6,62.7,58.3,112.6,87.1,82.3,105.5,114.6,100.5,104.6,134.1,115,130,98.7,125.7,86,116.5,111.9,100.8,126.4,128.3,149.7,130.6,112.5,137,169.7,104.2,126.1,102.8,139.5,113.6,158,161.9,145.7,128.1,150.8,106.5,141,92.8,142,82,131.3,135,129.7,95.8,105.8,76.4,110,128.2,136.6,146.9,150.6,121.7,127,99.8,114.9,144.1,163.7,167.5,136,171.1,99.3,112.6,100.2,129.3,120,114,101.1,114.5,119.9,130.3,148.8,97,122.6,56,55,98.4,71.2,58,95,55.1,61.9,21,51.7,82.9,13,131,79,99,89,84,63,84,96,209,126,126.4,156,116.2,112.4,130.5,74.7,113.5,103.7,89,92.4,124.1,130.2,130.8,125.7,142.1,101.6,122.9,99.4,114.6,107.8,118.9,91.7,121.5,90.7,190.9,72.8,130.7,149.4,108.5,130.6,82.5,59.1,93.6,111.3,111.9,131.3,105.9,74.7,185,171,165,261,273,245,196,182,243,136,150,258,201,156,62,29,124.5,60.6,22,19,32,12,3,5,24,5,8,16,28,35,35,20,10,38,40,28,10,24
2001-01-01,172.5,85,139.3,89.7,209,65.9,168,153,107.6,113,336,121.4,169.5,48,148.2,140.1,136.5,125,201.2,193,126.4,155.9,129.9,167,139.6,138.5,70,137.9,132,171.8,157.4,162.3,208,136.3,146.2,146.9,72,185.2,89,94,256,142.4,166.3,164.9,108.3,200,97,157,96,144.5,178,119.4,73,171.1,87,164.9,78,67,158,58,65,159.4,152.2,155.2,279,139.8,108,134.2,102.2,92.2,159,172,31,59.1,108.7,142,53,288,318,133,185,167,138.2,95,148.6,138.5,180.7,190,193.1,182.1,186,288,170.8,152.4,106.6,86,9,177,80.5,98,70,98.4,89,83.1,37.5,46.5,89.8,264,80,232.3,203.5,194,65,279.5,161,263,297,218,162.6,288,230,303,150.7,168.7,135.9,143.1,149,102,126,123,130.4,78.6,107.2,199,107,173,132,228,141.6,147.1,189.7,163.8,146.3,68,23,169,82.8,118.9,163,231.5,235.1,104.5,161,189,163,118.9,151,55,1,132,93.9,137.6,258.8,283,98,145,57,115.5,200,189.5,253.9,194,43,86,70,154.5,89,115.2,90,56,149.5,133.5,80,185,189,155,201,127.3,198,110.4,81,117,67.1,123,109,88,151,159,132,95,122.4,64.4,159.9,169.4,99,173.9,168.5,118.1,150.6,183.4,170.8,170.4,133.6,179.7,145,174.4,183.7,117,164.9,185.1,176.5,181.9,103.3,156.1,206.3,88.2,137.7,124.2,192.4,217.1,215.2,164.9,151.3,144.2,219.3,165.4,151.6,119.2,169.9,208,165,174.9,149.1,117.9,206.7,92.4,114.4,116.5,142,126.8,161.5,149.5,157.3,89.1,172.3,132.7,167.2,158.4,157.8,159.5,105.9,136.3,154.9,138,118,140.4,132.2,129.1,123.4,132.2,140.9,39,122.9,83,84,101.7,98.2,144,187,117.5,114.6,140,132.5,169.7,103,149,195,95,110,171,155,193,167,162,164.3,88.6,281,191.3,185.3,150.3,114.2,151.1,124.2,131.5,122.6,181.1,148.3,153.8,153,145.6,138,145.1,190.6,160.6,155.9,163.3,205.8,152.2,105.8,202.5,88.4,126.3,155.4,125.2,133.8,105.9,95.6,125.9,182.5,137.4,150.5,140.1,125.4,149,149,114.5,251,224,195,164,152,155,108,131,159,118,77,161,84,196.4,68.6,136,91.5,134,171,137,114,94,44,130,126,93,69,48,129,75,80,134,170,88,147.5
2001-02-01,28.6,0,0,0,66,97.8,142,16,92.8,88.7,11,71.7,79.6,5,92.9,109.4,80,104.9,62.1,22,88.2,132,99.4,63,96.9,104.6,113,88,303,90.2,97.9,84.6,51,103.5,77.1,84.8,70,77.3,15,47,52,96.6,105.7,81.4,49.2,39,17,55,167,98.8,30,100.1,33,77.7,137,83.5,10,34,90.5,110,180,87.2,104.4,89.8,76,68.6,70,110.9,28.6,27,144,62,114,71,74.8,50,40,64,15,56,62,182,108.9,111,105.5,109,96.4,111,88.9,113.8,99.4,64,100.9,113.4,81.3,25,26,50,68.5,88,22,84.4,60.7,43.7,115,75,59.2,36,62,167.1,84,159,35,30.5,154,76,110,84,125.5,34.5,130,326,80.7,109.1,93.9,114.4,111,107,189,82,67.1,48.9,65.4,151,83.2,50,75.2,50,65.6,108.5,107.1,97.5,102.5,13,25,186,82,198,127.6,119,146.6,84.5,113.3,115,101.4,93.9,97.4,37,3,84.9,75.7,96.9,22.5,40,25,22,38,20.6,39,19,17.8,59.4,16,36,17,60,32,40.9,41.9,14,52,19.8,6,28,116.8,7,33,43,32,34.4,43,0,12.3,12,0,6,76,27,30,19,42.1,56.7,63.3,51.5,46.2,72,64.6,58.6,67.9,64.9,67.5,57.3,50.9,66.2,36,66,52,66.3,51,53,85.3,66.5,40.8,56.3,85.3,80.9,44.5,68.5,65.7,54.9,66.5,52.5,59.8,41.5,68.6,54.8,46.6,55,51,82,56.8,58.3,57.9,41.3,84.9,110.2,29.6,40.2,45.9,41.4,59.4,51.3,56.8,81.5,56.3,35.4,95.1,55.9,43.6,68.6,37.7,41.9,54,40.9,69,46.7,45,43.8,39.9,43.2,51.9,15,50.2,68,58,34.5,25.7,28,39.7,35.7,37.7,43.7,42,78.1,48.6,69,20,14,93,42.8,87,80,16,31,104,14.3,109,127.5,69,51.1,37.9,42,47,27.6,38,67.6,67.3,51,47.6,62.8,65.1,61.7,67.9,53.8,56.5,64.2,57.2,50.5,35.2,63.2,41.7,47.5,53.8,43.1,58,38.3,37.9,49.3,58.4,48.6,65.7,45.3,30.3,9,11,21,76,50,8,19,54,28,50,72,41,16,80,20,27,51.4,38.4,88,94,37,32,64,61,55,90,26,28,123,128,152,174,284,139,182,104,181,47
2001-03-01,55,56,83.6,89.9,207,71.4,215,44,159.9,102.6,177,123.3,162.8,19,145.3,127.2,104,105.3,170.9,60,102.7,173.2,129.2,254,126.7,135.7,116,119.1,100,158.3,149.8,154.1,217,114,136.1,130.1,149,198.7,120,66,181,134.8,148.2,149.3,108.5,71,72,51,156,124.2,55,121.8,83,165.6,45,144.1,198,65,152.8,52,28,122.1,125.9,136.8,135,125.3,35,107.7,109,92.4,120.6,133.3,104,49,123.5,70,57,159,68,60,71,50,132.6,128,148.2,121,161.9,128,153,159.1,153.6,156,135,145.4,97.8,95,23,180,90.2,162,86,102.7,94.5,76.2,78.1,38.5,94.3,255,277,228.5,152,120,245,3,248,162,134,100,63,213,300,231,141.1,151.9,108.7,131.9,77,96,117.9,79,120,98,109.5,65,113.6,249.5,129.9,37,126.4,129,181.1,143.1,145.4,138,99,160.1,183,188.6,171.8,201.3,232.8,115.4,170.2,240,171.7,137.9,139,94,4,114,89.2,135.5,229,149,101,189,219,186.1,160,148,225,214.8,0.5,195,143,239,240,180.4,192,201,266,125.8,259,183.7,233.5,150,190,210.6,144,167.1,239,148,137.4,110,202,159,283,132,166,158,182,84.2,138.3,149.7,91,193.5,165.8,120.1,165.8,204.9,188.4,174.9,135.9,152.9,180,164.6,171.6,119.6,167.7,171.7,178.1,166.4,131.6,184.4,218.5,99.5,143.5,139.9,195.3,242.6,222.6,187,174.7,170.8,252.6,181.6,172.3,133,197.7,218,179.3,215.6,189,143.9,110.9,105.5,131.2,139.3,185,155.3,210.3,189.6,191.4,111.9,205.6,158.3,195.4,195.9,191.5,221.3,124.3,199.6,217.6,185.4,160,218.8,181.3,183,180,177.3,186.8,220,166.3,267,227,153.2,147.6,233,179,181,171.4,138,211.1,173.5,134,217,159,181,339,166.6,221,169,294,224,134,304,167,100,216.2,145.4,114.7,166.4,144.1,149.7,148.9,191.2,167,183.4,168.6,178.1,166.6,183.4,211.9,183.5,176.2,203,211.6,181.2,118.9,211.7,147.7,183.2,185.2,173.8,171.2,115.1,119.3,185.9,202.9,155.7,201,164.2,164.5,219,222,142,194,276,287,194,173,160,112,211,199,137,119,170,266,187,159.1,340,194,159,101,238,155,126,219,175,180,175,280,204,175,159,309,320,195.5,216,141
2001-04-01,63.2,35.5,66.9,13.5,112,76.3,100,47,86.8,86.8,131,68,105.9,61,104.8,80.8,93.3,83.9,119,42,82.7,121.4,92.7,100,98.3,76,98,86.3,83,103.8,80.4,107.5,88,97.3,83.9,89.2,87,104.9,66,54,123,125.7,100.5,97.1,69.1,64,65,38,116,125,141,111.4,26,98.8,60,99.8,45,37,101.6,63,280,102.5,98.6,112.9,99,84.2,37,88.5,153.8,167.4,85,132.2,61,35.1,57.2,92,45,94.4,138,73.5,151,78,89.7,100,94.9,102,100.5,117,83.6,114.6,97.8,183,99.4,85.4,52.2,62.4,16,97,4.5,44,27,56.8,53.6,41.2,61,61,58,147,216,129.6,148.5,159,20,5,149,150,136,137,103,7,163,206,104.3,98.5,82.8,90.8,79,53,14,14,77.6,46.1,54.8,56,74,85,72.8,73.9,76.7,98.2,92.8,81.4,90.2,99,55.2,99.2,95,122.6,161,129.2,137.8,58,91.3,145,105.5,83.3,87.9,24.3,9.3,75.2,60.6,84.8,126.5,200,125,53,97,68.3,163,164,124.7,103.3,55.5,145,176,104,152,148.4,130,99,84.5,52.6,141,111.8,164.5,135,158,142.3,180,124,27,88,84.4,196,121,126,79,177,169,152,147.9,58.3,73.9,79.5,56.7,95.5,76.3,70.3,91.6,86.7,75,92.7,85.4,81.2,83,73,79,67,78.2,74.8,96.3,88,76.3,77.9,109.2,79.1,74.6,67.6,115.8,75.7,109.3,99.5,88.1,83.5,125.8,81,80.9,65.8,105.5,95.6,86.2,101.4,97.5,83.3,90.7,93.7,43.2,74.2,98.7,98.8,105.8,86.2,94.8,92.3,87.9,76.4,141.7,128.2,85.8,132.9,74.9,77.4,90.2,83.6,51,105.3,70.1,82.5,97.2,112.2,153.5,100,114.5,95,114,114.6,117.7,118,120,133.8,118.2,128,139.3,115.7,208,75,30,89,73,95.2,67,46,60,55,100.3,86.7,120,64.5,84.7,84,66.7,67.5,80.8,77,74.5,72.4,90.1,75.3,79.6,103,88.3,91.9,99.5,99.2,72.8,92.6,87.3,74.4,46.8,115.5,77.5,118,93.1,117,103.8,70.6,117.7,106.9,82.2,107.5,108.8,96.7,80.7,121,124.5,143.5,153,105,87,101.2,79,91,79,117,147,94,91,75,116,100.8,157.9,81,185,160,83,154,134,119,167,162,93,141,83,136,152,92,105,103,85,172,155
2001-05-01,20.4,0,15.5,0,2,13.6,12,8,50.6,44.7,0,42,37.2,0,62.5,48.9,26.9,53.3,44,8,45.1,44.4,40.8,0,44.9,43.6,10,48.3,5,50,62.8,31.6,0,41.9,35.1,42.1,2,35.9,0,0,10,60.8,64.6,39.2,17.2,30,0,0,20,52.5,0,45.6,12,38.1,0,47.7,0,0,39.2,0,0,48.7,48.5,48.7,18,35.4,0,49.1,4.2,3.7,21,16,39.9,36,31.8,75,33.4,58.8,82,53.5,38,28,54.5,36,2,48,47,58,60,53,47.2,51,61.6,55.4,31,41,18.7,17,15,26,5,45.1,35.5,19.5,33,42,22.5,103,118,81.5,29,90,300,53.5,38,77,58.4,63,52,58.5,52,128,35,50.2,51.4,40.6,38,15,12,68,36,21,40,56,68.3,24,31.1,25.2,28.5,51.7,60.7,39,46.4,31,30,51.9,25,59.2,23,54.6,88.5,28.9,64,36.1,56.2,54.4,37.4,15.4,10.2,65,32.3,49.8,23,70,6,9,0,6.4,0,0,10.5,22.6,104,3,4,11,6,16.4,10,1,4.5,5.6,22,15,35.6,4,2,19.8,30,12.7,0,7,5.6,2,0,3,0,8,30,30,12.3,35.8,24.7,18.3,23.9,26,18.7,17.9,18.6,28.2,30.1,23.6,21.2,27.3,14,23.7,26.4,32.5,14.9,33.8,30.8,18.6,26.3,28.6,39,34.5,29.1,26.7,26.5,21.8,47.4,31.5,47.4,23.2,35.5,20.7,24.8,11.7,23.5,10,21.5,18.5,26,18.9,0,68.9,19.8,19.4,26.4,24.3,22.5,17.6,25.2,41.4,28,23.8,47.7,29.7,22.6,36.5,26.2,21.3,14.7,18.5,9,13.2,12.5,13,13.3,16.4,27.7,8,25.1,10,28,11.3,11,6,4,11.5,16,3,12.3,11.6,8,12,6,12,3,12,8,9,4,17,9,7.3,18,84.2,22,27.3,13.6,17,30.9,15.9,14.2,17.8,28.2,15.3,13,13.5,16.3,13.5,27.9,34.4,22.2,21.4,14.8,22.9,13.4,24.8,18.1,17.4,13.6,21.1,14.2,18.1,14,14,26.1,13.6,20.4,21.8,13.6,43,55,25,78,60,49,16,21.9,16,19,22,30,23,16,12,3,14.4,12.9,28,5,7,6,6,16,3,8,5,9,15,11,6,10,17,19,8,10,4,12
2001-06-01,11.8,0,0.3,0,24,18,11,18,28.1,13.3,21,17.5,35.4,4,28.6,20.8,29.6,21.2,33.4,13,26.1,33.4,19.6,30,17.1,17.1,9,13.5,9,29.7,24.9,22.1,31,32,17.8,15.5,26,21.9,0,17,25,21.2,36.2,28.5,10.9,9,13,15,0,29.5,17,29.4,5,24.4,0,30.5,6,5,33.3,0,10,21.7,29.9,31.5,0,27.3,7,22.7,7.4,11.6,2,8.2,14,19,28.5,22,22.5,19.8,15,14,23,26.4,30.6,15,19,23,22,8,1,29.3,25.4,37.2,38.5,23.8,16,40.6,15.7,15,23.6,23,19.6,39.5,17.8,22.2,12.2,12,17.3,23,27,44,41,39,95,15,37,26,30.2,15,43,18.5,17,48,14.8,36.6,25.3,21.1,10,20.6,10,12,31,1.5,25.8,24.4,98,25.1,19,22.1,19.5,24.1,37.1,11.7,33,13,21,25.8,15,36.2,16,34.5,57,19.1,6.5,20.2,19.6,24.4,17.1,17.3,2,22,17.1,32.9,6.1,30,3,3,6,0,7,2,10.5,17.5,128,9,10,13.5,25,13.2,6.1,14,11.2,1,5.5,4.9,7.2,3,5,11.8,0,6.3,0,4,0,7,0,0,7,0,0,8,6.4,19.7,12.9,15.2,16.5,16.4,11.2,9.3,15,11.1,19.2,7.4,9.7,13.2,3,14.2,14.5,16.3,10.1,14.1,13.2,12.4,17.2,18.1,18.2,28.8,19.8,19.2,16.9,13.2,26.3,19.6,21.8,16.3,13.3,10.5,14.2,9.9,10.3,0,15,14.7,9,11.2,0,42.9,17.1,11.6,8.9,17.2,18.6,12.6,9.4,47.6,19.9,13.5,34.5,14.1,11.3,21.8,13.2,9.2,12.8,15.6,4,8.6,4.4,10,11,10.8,15.4,0,18.4,28,41,12.4,9,0,7,7.4,10.6,4,10.2,8,6,0,0,0,15,0,0,7,8,4,0,12,4,8.5,8.7,7.3,7.8,8.9,15.5,12.7,8.6,10.2,14.2,6.8,6.5,9.7,9.3,6.5,14.1,21.5,11.5,7.4,7.1,13.9,9,7.8,17.2,7.6,5.7,13.6,9.2,15.6,6.9,10.2,18.6,9.8,12.7,15.4,10.2,7,8,8,12,15,15,12,11.9,7,5,5,20,7,3,2,35,12.6,31,32,0,0,3,2,0,3,6,2,0,0,2,8,5,0,0,0,5,6,0
2001-07-01,0,2.5,0,0,0,0,0,0,13.8,10.4,0,7.6,26.7,0,21.1,11.3,27.2,10.8,23.9,0,21.7,22.7,15.2,0,10.3,8.4,0,9.3,0,22.6,18.2,17.9,0,29,12.8,14.8,1,6.4,0,0,0,18.2,31.7,20.3,8.1,0,0,0,0,23.6,0,16,0,21.6,0,24.3,0,0,21,0,0,21.8,23.5,20.8,0,19.5,0,9.9,1.2,0.8,8,16,4,0.5,25.1,5,22.4,22.3,14.8,18.1,8,19.2,25.1,5,3.5,13.4,8,14.4,19,17.6,20.6,24.2,23.2,13.3,8.5,27.9,6.5,19.9,19,14.6,8.9,29.8,13.3,15.1,5,8.5,15.5,20,13,10,4,14,5,4.5,10.9,5,18,12,24.5,4,10,28,9.7,28.7,16.8,14,3,10.8,19.4,4,28.4,5.8,28.3,23,72,12.3,25.2,22.4,14.4,18.5,22.7,11.8,34.4,16.2,15.4,12.5,8.2,17.4,2,29.3,39.8,13.8,12,26.1,13.5,18.9,16.5,21.1,14.6,8,11.4,41.5,4.9,14,0,0,7,2.9,0,0,0,5.7,169,0,0,0.3,0,7.3,8,8,0,8.9,6.3,4.3,1.4,3,20,8.3,0,3.9,0,0,9.3,0,0,0,0,0,0,0,7.2,17.5,10.7,11.2,17.4,11.1,7.2,4.2,15.3,8.7,14.6,6.6,6.6,8.8,0,5.8,12,17,9.3,7.4,11.3,7.6,14,15.9,15.2,26,14.4,14.2,14,7.6,18.5,17.9,14.1,14.1,8.6,6.2,14.8,6.6,8.4,0,10.4,19.8,4.4,8.3,0,35.1,16.4,7.4,4.5,17.1,11.3,7.5,9.7,69.9,18.3,11.2,25.1,9.8,9.8,24,5.8,5,8.2,12.2,0,6.3,2.7,6.4,11.6,8.3,11,0,16.1,0,0,9.9,7.8,3.3,0,4.5,9.3,0,9,0,0,0,0,2.7,0,2.4,0,0,0,0,0,0,0,0,8.9,6.2,3.9,4.5,7.9,8.2,6.4,9.4,3.4,3.8,5.9,6.5,10.3,4.5,5.8,7.3,10.1,4,7.7,5,5,6.2,11.5,4.6,5.1,13.1,7.3,8.8,5,8.1,6.6,7,6.1,9.3,6,7,8,7,8,7.5,6,3,10.1,1,8,6.9,1,5,5,3,0,8.4,1,6,0,0,3,0,2,0,0,0,0,0,2,0,2,5,8,0,5,5,6
2001-08-01,0,0,0,0,25,4,0,11,8.5,8.1,12,8.6,25.7,10,18.8,8.2,18,9.4,25.7,0,10.4,24.9,8.2,28,6.1,6.7,1,6.7,3,20.8,8,36.8,13,17.2,12.2,8.4,34,17.7,5,20,40,13.8,18.6,21.9,13.4,4,16,15,5,22.1,29,17.6,3,24.1,0,20.5,12,0,24.6,0,0,9.9,19,18.4,0,20.5,12,6.4,6.4,17.2,29,5,0,0,17,19.9,30,20.8,14.7,13.1,9.7,15.1,13.5,19,2,8.3,12.3,15.5,12.1,16.2,15.5,16.9,16.2,10.9,8.3,17,5,8.3,13.7,7.2,8.6,14.9,10.5,9,4,4.4,10.9,1,13.7,10,3,12,10,9.1,13.2,12.7,10.6,9.9,24.1,17.6,14.5,29.8,10.2,21.1,16.9,12,8.9,9.1,12.4,20.4,22.5,8.5,11.9,14.5,21.5,0.5,24.1,21,13.8,9.3,13.6,7.8,32.1,7.3,3,23,7,13.4,10.5,22.3,33.1,10.3,5,17.6,9.5,14,11.5,17.7,7.7,7.3,8.1,19.6,18,30,7,18,26,18.3,19,15,29.4,27.1,188,49,80,54.2,49,33,11,39,47.7,4,50,21.1,27.2,17,3,30.7,17,17.9,0,20,18.8,13,20,22,43,28,8,26,20.3,11.2,15.7,14.7,14.2,15.7,14.6,12.1,17,15.4,11.5,9.1,6.7,15.5,9,14.8,18.2,13.7,11.4,26.5,15.3,15.7,12.6,15.5,20.6,17.8,16.2,9.5,17.4,32.2,24.5,19.7,20.9,11.4,24.3,23.4,12.4,14.8,16.1,8,19.4,19.2,18.9,21.1,20,31.9,10.4,12.7,17.9,17.2,20.1,12.2,17.1,55.3,27.6,20.4,23,21,15.6,28.7,14,22.7,35.9,20.5,20,28.9,10.3,17.8,19,17.5,25.3,36,30.5,56,62,32.3,21.8,15.8,35,26.3,17.9,12,23.4,4.3,7,24,0,18,40,18.6,24,19,45.9,16,2,41,15,19,23.3,16.9,19.8,28.1,13.1,20.4,17.3,20.2,17.7,17.8,25.2,25.9,22.2,17.3,28.9,25.6,19.4,13.9,18.6,25.8,18.4,14.5,24.5,15.7,18.7,18.5,18.1,17.4,18.9,27.5,20.2,32.3,32.9,36,23.2,22,24,16,19,20,17,12,17.9,14,13,14.3,19,13,9,6,34,25.9,46.6,33,21,18,5,9,22,11,8,10,11,26,31,23,13,23,22.5,9,37,18,33
2001-09-01,26,21,38.7,30.5,54,69,96,57,51.8,39,64,45.3,56.2,12,59.2,53.3,60.7,45.8,67.9,60,51,67.7,42.9,51,49.8,60.2,80,47.1,71,70.1,51.1,68.1,37,49.3,51.3,45.9,78,74.2,40,20,80,54.5,60,56.9,46.8,39,55,103,50,70.6,34,59.7,25,75.9,65,52,13,23,69.6,37,60,43.7,50.1,59,45,50.4,40,43.9,154,101.5,73.2,94.5,26.6,17.4,25.6,60,17,49.5,48,12,57,42.6,35,30,20,56,69,54.5,64.8,51.7,54.5,47,64.7,53.3,32.5,37.1,3,20,26.1,4,31.8,36.6,30.9,30.6,18,9,27.6,68,57,93,29.5,78,10,53,77,67,61,57,60.3,55,49,122,46.5,56.2,42.8,44.7,64,39,98,104,53.5,20,44,12,101,54,74,50,41,46.1,75.3,42.5,49.5,35,13,6,19,61.3,58.3,71.1,73.5,30.6,10,41,55.7,39.2,43.3,20.8,5.8,26,29.4,106,141.5,60,123,47,22,105.1,155,198,106.4,94,43,181,118,79.9,143,149.1,194,97,64.7,97.1,107,78,106.5,182,128,135,12,113.9,67,62,88.4,265,167,136,121,218,237,91.5,139.3,37.7,61,53.1,41.4,60.2,68.2,61.5,59.4,79.4,64.3,80,61,66.6,101,66.6,67.1,60.7,76.6,72,88,77.6,77.6,85.1,104,62.6,82,61.6,98,64.8,95.2,101.6,75.6,69.8,100,64.4,68.9,58.6,90.9,41,82.2,100.5,91.7,78.6,71.9,79,67.3,78,91,92.9,108.8,83.5,87,91.9,81.3,64.6,125.4,105.5,83.7,118,71.1,87.2,84.1,75.4,91,99.2,76.4,97,95.4,108.5,137.7,60,103.7,73,76,121,124,123.1,138,125,114.6,95,137.1,57.7,102,50,37,95.3,81,102.4,76,84,61,43,55,49.7,81,57.7,76.5,58.6,57,58.9,59.2,68.1,69,62.7,72.5,72.9,75.3,100.9,90,78.9,89.4,93.7,63,67,51.9,51.8,35.4,72.8,73.3,108,91.8,115.1,105.7,66.2,106.4,107.3,68.7,94.5,96.4,97.9,81,89,96.5,67.3,228,159,162,148,88,64,97,76.1,161,101,104,74,119,89.2,114.6,133,202,174,193,161,221.5,129,152,136,146,167,139,171,194,152,172,99,204,130,199
2001-10-01,14,5,54,42.8,76,63,121,45,77,68.3,75,57.1,89.5,36,80.9,68.4,81.7,64.2,105.5,60,53,111.6,79.5,98,58.4,77.7,34,59.8,38,101.2,68.7,90.2,50,71.6,75.5,62.8,128,86.7,27,84,79,75,95.5,79.2,74.5,25,48,98,25,102.8,85,79.6,29,82.7,69,81.6,25,17,85.5,131,15,72.8,77.5,91.1,53,70.2,45,67,135,102.2,78.3,110,54,32.1,34.3,104,57,89.8,85,49,81,61.6,22,104,24,79.7,76.1,74,86.6,82.8,68.2,102,82.1,78.5,42.4,55.8,35,25,23.5,58,34.4,45,40.7,39.6,47,34,52,41,58,76,43.5,104,80,119.5,38,81,48,107,91.4,126,55,87.2,83.3,72.6,62.6,64.7,80,97.5,20,55,79.8,52,50,142,130,166.5,34,141,58,73.6,97.5,59.4,80.2,30,39.5,25,8,80.5,23,89.2,112,48.6,64.9,66.2,75.2,87.1,63.4,29.4,11.2,72,43.6,55,113.5,68,180,109,242,240,220,302,239.2,155.7,12.5,256,126,126.5,84,185.8,128,96,140.2,45.9,128.5,99.4,74,200,101,190.6,207,154.1,132,63,258.7,225,208,229,180,239,225,300,189.6,73.9,90,104.1,68.9,89.8,105.2,98.5,92.8,107.8,96.5,113,88,114.9,116,94.6,119.4,73.1,98.4,135,124,115,80,104.3,127.8,78.8,101.1,75.8,154.2,151.7,150.9,129,111.4,128,168.7,133.8,110.1,79.2,132,101,131.3,126.5,133.3,110.4,112.1,82.6,73.5,106.4,123.6,101.1,138.8,116.7,150.5,103.8,174.6,113.8,161.1,154.7,140.1,138.7,97.4,122.6,158.1,114.9,138,148.1,97.2,156.3,162.5,144.7,193.6,160,159,125,168,143.3,159.7,332,313,171.9,168.5,262,197.7,110.7,310,208,93,201,230,228,164,168,167,109,158,143.1,113,109.5,140.4,117.3,88.5,121.2,122.1,93.5,99.7,121,123.5,131.6,123.8,141.5,126.3,136.4,133.7,160.9,99.1,141.8,119.3,157.7,89,182.5,113.9,152.9,122.2,166.5,139.6,101.9,128.7,144.5,111.9,129.1,165.5,137.4,124.7,229,221.5,161.8,124,118,122,149,131.6,127,73,111.2,126,50,128.8,71,73,140.6,229.3,157,209,283,248,251,153,235,186,186,157,308,192,187,180,183,270,220,158,200,219
2001-11-01,20,5,19.4,18.5,133,140.2,197,103,79.8,87.9,200,80.9,126.7,72,109.4,99.5,101.1,99.8,140.5,62,125.8,142.7,89.7,159,129.5,91.2,150,101.1,92,156,87.9,132.3,94,107.3,92.2,91.9,122,128.4,77,100,153,124.2,124.1,117.4,66.7,74,48,120,96,125.3,74,144,76,120,75,116.8,47,135,120.5,0,82,136.4,117.8,130.1,124,97.4,73,103,21,29.4,60,33,96.5,77,40.8,107.5,111,113.9,50,65,135,93.2,85.3,90,108,119.2,124.2,90,103.9,123.9,122.8,171,107.2,90.8,69.3,64.9,3,79,112,86,46.9,53.9,58.8,48.1,69,44.6,46.4,99,117,155,75,196,95,137,116,146,100,157.5,101.6,150,128,110.9,91,115.9,95.6,94.7,90,62,27,63,70.6,24,37.5,94.8,59,81,72.5,134,85.6,92.5,95.7,84.8,92.7,63.6,49.1,90,49,126.9,70,106.2,131.6,60.7,83.1,102.5,96.1,98.6,86.9,16.3,7.5,96.5,57.4,90.3,68.5,98,63,70,28,49.3,84,35,50.7,58.4,18,74,37,89.4,69,58.6,23,44,63.7,52.8,22.9,82.4,92,29,43,72.4,35,46.2,43,65,49.2,52,37,26,103,79,69,40,57.4,55.6,71.5,76.9,56.2,95.9,76.6,62.8,85,80,77.4,60.7,51.7,80.9,64,75.3,68.5,63.6,69.5,83.2,87.6,63.7,56.6,64.9,85.1,71.7,61.1,58.1,75.6,76.8,84.2,60.4,64.3,46.5,87.2,58.3,55.4,47.4,62.7,47,70.9,69.7,70.4,56.3,80.2,105.8,33.9,42.2,65.8,57.5,76.4,56.6,64.5,74.2,84.8,54.9,115.2,83.3,56.7,81.2,38,41.4,71.8,50.8,117,52.4,53.6,51.5,54.7,61.8,76.6,59,57.4,63,63,47.4,43.2,42.1,52,58.3,55,82,65.6,79.1,87,98,58,47.3,79,51.1,71,132,47,61,85,64.1,79,96.3,81.6,72.2,57.5,50.1,57.6,37,53.9,68.6,84.4,66.1,65.9,68,79.1,76.4,91.7,74.7,52.5,80.4,51.7,66.5,41.4,82.6,51.5,56.8,56.5,57.7,63.5,57.5,55.6,72.7,63.6,71.3,82.8,58.1,55.8,65,65,71.5,70,111,110,120,76,73,54,62.8,99,61,39,32,55,65.5,50.3,123,93,135,76,88,77,120,112,84,110,171,127,118,94,168,145,118,181,94,86
2001-12-01,82,27,103.8,76.5,217,130.2,158,165,85.4,88.4,123,68.3,103.9,127,113.6,92.8,92.5,88.6,120.8,97,76.2,117.7,74.7,111,75.8,97.4,137,84.1,125,102.5,88.3,122.4,80,86.6,76.2,76.5,121,110.1,77,90,116,90.4,101.9,83.5,65.9,67,64,75,141,90.4,73,102.9,30,114,90,93.1,66,93,100.3,25,165,77.1,90.9,94.2,0,82.1,76,96.1,125.4,120.9,138,65.9,100,66.8,73,90.4,79,85.1,73,73,90,77.8,16,85,77,80.3,74.8,80,80.5,97.9,74.4,62,78.5,92.3,60.5,65.6,12,99,61.5,64.6,69.1,62.3,62.7,46.7,79.8,55.3,58.4,76,62,121,77,47,85,173,78,65,79,125,60,185,10,86,94.1,101.6,77.3,90,54,131,97,132,73.8,62,55,110.1,110,140,78,52,66,83.7,109.6,83.6,109.8,41,64.5,81,37,139.2,49,96.4,89.6,71,98,37,49,79.1,72.5,28,2,83,66,78.9,148,140,60,136,75,75.9,76,9,81.2,97.9,18.5,83,69,90.5,133,94.9,65,71,105.3,110.2,57.9,87.7,90,106,163,101.6,98,107.5,161,114,41.6,85,83,80,101,124,80,39,64.7,60.9,106.6,92.6,84.1,117.1,121.8,104,91.4,114,101.1,110.4,94.9,109,91.5,102,94.8,74.3,96.5,89.8,115.9,95.7,88.2,92.7,132,102.4,91.3,94.8,121.8,87.2,125.5,112,102,93.6,134.1,87.7,95.9,86.9,108.6,109.7,116.7,106.2,108.1,79.2,97.5,103.8,72.7,93.2,96.8,98,118,87.8,105.4,80.7,100,97,131.6,127.7,106.3,133.7,87.6,89.4,87.4,94.7,120,86.1,77.4,81.2,75,93.7,107.9,51,90,41,54,76.1,56.5,78,70,64.9,66.4,53,63.6,79.5,54,113,93,25,58,80.7,54,58,103,91,112,75.7,144,109,93.2,114.9,62.2,83.6,90.9,62.1,80.6,92.3,114.3,91.4,83.7,96.3,86.8,98.9,84.7,97.3,78.5,120.1,76.2,88.4,66,150.2,53.8,89.9,85.8,93.9,80.3,75.8,69.4,86.3,87.2,107.2,97,80.6,67.8,142,140.5,60.5,196,135,212,106,115,127,82,99,156,71,70,73,165,105.3,62,26,99,98,54,47,62,65,50,73,40,78,47,109,98,68,47,24,37,36,36
2002-01-01,67.6,0,113,89,144,130.8,70,158,104.6,113.9,80,73.6,108.9,72,116.8,96,87.8,111.8,96.3,80,90.2,179.8,104.4,75,106.3,102.6,92,107.5,140,102.6,122.8,120.4,74,106.7,107.1,106.1,30,175,71,79,112,108.3,113.7,115.4,82.2,78,108,89,85,118.7,92,110.4,67,98.3,121,108.4,58,47,131.2,76,403,95.5,100.4,110.2,114,85.1,148,109.8,176,147.8,81,199.9,117.5,79,90.2,124,55,119.1,40,81.5,150,99,102.6,95,74,117.3,115,86,118.2,130.4,108.8,141,110.6,114.4,80.6,80.1,14,102,103,27,3,73.5,70.9,58.5,102.5,102,78.7,132,132,187,159.5,103,135,108,122,165,129.6,89,123,108,70,81,122.6,133.1,90.9,116.9,158,246,115,210,104,249,124,129,101,140,115,175,83.8,121.9,130.7,108.4,131.8,116,147,222,44,109,122,135.8,128.9,89.1,90,123,90,101.9,118.2,16,2,161,77.1,129.2,186.5,190,137,132,109,126.5,156,150,190.3,145,28.5,170,236,59.6,153,169.6,123,104.5,91.9,175,108,103.2,183,154,51,169.9,118,127.4,168,112,91.4,265,126,154,91,209,208,214.5,157.7,71.9,113.8,98.3,77.7,124,123.3,103.9,117.7,125.5,123,132.1,114.1,118.1,104.2,113.5,117.4,90,115.7,125.8,133.1,129.1,106.9,132.6,159.4,95.5,119.3,95.6,155.2,110.5,165,148.2,135.1,124.5,177.4,124.5,144.8,107.2,143.8,139.9,140.5,145.3,124.1,102.2,156.3,107.2,98.9,113.1,132.9,132.1,156.2,127.7,146.6,86.1,130.1,135.7,203.6,178.5,138,166.7,110.5,115.3,134.6,133.5,97,128.8,112.3,146.2,121.6,146.6,178.3,104,140.4,256,168,131.2,145.4,142,191,149.3,135.5,122,168.5,142.6,122,149,95.7,127,181,33,118,119,135.2,145,130.5,137.9,111,88,134,131.3,82.4,127.5,107.5,94.7,89.3,130.3,122.8,136.1,125.8,150.2,122,131.3,124,125.4,105.6,184.6,126.8,119.2,91.8,177.4,95.7,142.8,166.1,159.1,143.1,88.2,129.3,147.5,154.8,121.9,163.1,98.4,101.7,195,195,180.5,232,204,323,239,162,94,173,140.4,242,127,101,126,182,141,160.3,169,146,241,161,164,172,137,143,147,134,193,147,124,136,162,172,134,179,203,168
2002-02-01,62.2,42,92.5,39,50,121.7,112,43,124.4,102.8,52,79.7,77.5,38,124.5,117.8,86.5,120.9,72.6,170,112.8,121,116.6,73,116.5,125.9,142,107.4,109,95.3,110.5,82.7,35,114.9,104.3,109.5,70,60,84,23,15,124.5,126.2,91.8,61.1,92,30,12,123,100.5,90,98.1,31,73.8,59,85,25,135,93.2,144,96,114.5,103.7,82.5,43,75.2,35,114.9,75.4,64.7,93,118,105.5,101,103.9,137,120,142.6,158,90.5,126,64,125.5,124,106,124.5,157,134,131.6,155.8,141.9,174,137,122.7,90,80.5,18,30,52.5,101.8,42,77.6,80,67.6,75.5,46.5,73.5,210,150,206,138,130,115,177,161,163,161.8,138,196,185,187,137,104.8,151.8,107.7,141.7,82,91,128,93,94.9,103.5,91,116.6,183,137.5,112,86,111.5,115.5,135.5,113.5,126.4,69,114,105,71,246.8,109,139.9,158.2,85.7,157,63,157,103.6,118.9,17,6,72,86.8,133.5,185.5,80,48,59,34,32,26,22,184,43,37.5,42,21,43.8,37,70.5,70,46,40,95.9,60,51.4,102,65,145,76.3,73,80.9,95,78,71,64,65,61,57,12,30,25.5,42.7,65.3,112.7,75.4,98.9,132.8,140.4,104.1,105.7,145.6,117.3,117.4,105.8,110.7,125,104.3,104.4,97.2,109,88.3,131.5,107.1,113.5,126.5,148.7,100.2,120.2,123.6,108.2,78.1,137.3,150.1,137.3,106.9,137.2,72.7,143.3,131.2,117,41,81.6,115.5,103.2,49.6,29,116.3,86.7,112.6,95.1,120.5,115.3,85,113.5,91.3,70.5,130.9,138.1,152.6,127.1,157.6,110.4,72.9,43.3,106,31,56.7,83,69,62.3,95.3,92.5,41,59.5,39,47,41.2,34.7,28,6,45.5,46.4,16,47.4,62,34,35,108,34,60,49,52,48,21,76,134,17,68,21,90.3,121.5,61,90.1,92.2,54.5,58.9,92.1,97.6,76.3,71.4,94.9,83.3,85.2,86.9,69.2,95.6,118.3,98.2,96.1,61.7,149.7,40.4,89.4,98.2,91.5,92.5,83.2,54.1,67.1,101.7,59.4,85.2,59,49.6,195,193,159.5,186,204,220,198,148.9,171,233,184,210,187,178,111,24,71.7,22,41,72,117,99.5,88,32,78,127,52,25,97,30,47,64,26,24.5,7,14,21,29
2002-03-01,27.2,6,49,30.5,124,106,145,86,85.2,105.6,315,102.4,148.4,45,114.7,98,90.5,95,163,103,94,128.4,91.4,112,107.7,101.5,140,101.7,151,145.6,122.2,137.2,359,101.5,113.3,102.4,71,156,68,125,257,116.8,117.8,134.8,91.7,113,49,170,118,119.4,79,113.2,90,142.7,73,145.7,37,63,137.4,82,10,113.2,110.9,119.3,78,117,69,103.1,93.6,73,89,42.4,65.5,76.7,68.2,74,89,126.2,129,69,116,109,86.9,20,75.5,113.8,108,125,112.5,134.8,105.6,137,106.6,106,75.3,69.2,6,100,126.5,63.5,35,58.9,57.5,64.3,76,57,70.4,91,146,208,89,124,75,202,147,154,123.5,86,119,209,137,54,113,121.2,82.9,116.2,83,28,73,49.5,90.9,21,74,103.5,90,105,94.5,64,74.7,96.8,132.4,95.5,114.4,119.1,94,37,67,123.1,119,137.3,159.4,87.6,62,115,62,113.7,105.5,50,6,49.5,60.1,106.5,133,57,167,60,62,35,87,79,132.4,400,83.5,109,127,278,143,115.4,50,49,281,19.4,50,108.5,132.1,92,68,118.8,40,90.2,46,138,32.9,106,57,96,357,96,134,69,103.2,64.8,119.7,133.4,70.6,145.2,132.1,102.8,144.7,141.4,118.7,125.5,90.3,131.1,94,113.5,121.9,72.9,109.5,128.2,124.3,132.5,92.3,105.3,132.1,85.7,98.7,79.8,163.9,210.3,129.3,132.4,101.4,106.7,158.3,129.5,81.8,75.2,110.3,110,120.7,106.6,100.6,105.3,201.3,103.1,61.6,75,95.4,86.6,108.5,75.3,117.7,88.8,185.3,82,112,111.8,122.1,118.5,66,110.7,152.4,95.2,69,140,96.9,112.1,98.5,96.4,114.8,88,104,176,284,102,92.1,42,92,112.4,87,64,111.1,167.3,61,84,98,38,99,89.8,191,163,245,92,189,119,165,92,143.8,136.9,93.1,125.1,125.8,90.2,95.6,142.8,140,125,114.3,114.2,136.9,141.1,138.1,153.3,111.8,161.7,158,140.1,86.8,202.6,90.6,106.5,85.7,107.8,91.8,98.4,85.1,122,100.6,134.9,132.6,124.3,113.4,93,94,150.5,148,132,164,89,111.1,80,82,104.4,125,117,100,48,226,126.7,88.7,255,148,162,132,204,123,127,155,143,188,239,183,85,187,232,156,95,142,85,161
2002-04-01,25.6,20,26,20.5,136,18.5,77,57,47.7,44.4,78,46.5,79.8,0,67,50,70.4,52.7,105.7,30,51.5,60.3,40.9,187,48.1,45.4,10,43.1,50,95.1,47.6,95.3,75,55.7,51.6,55.5,252,38,25,53,61,58.5,63.8,72.5,59.2,37,83,108,10,68,29,72.3,38,87.3,20,67.8,0,28,92.9,6,45,48.1,66.7,65.8,0,67.1,69,39.1,30.8,34.5,75,20.4,47,37,29.3,84,18,55.5,39,34,51,23,43.7,63.2,43.5,50.9,87,57,65.7,62.2,50.5,35,62.3,51.5,38.3,36.4,26.1,34.4,26.8,33,5,36.3,33.5,29.7,24.3,16.5,34.6,82,57,90,48,99,35,83,84,65,61.1,50,60.4,96,101,41,47.5,64.6,47.6,53.9,32,42,50,30,42.7,17,23,53.9,61,30.5,38.9,28,40.8,53.5,65.1,42.1,43.4,64,42,11,8,128.2,41,66,84.8,34.8,60,30,60,48.9,42.4,27.8,7,60,37.7,60.1,172.5,60,112,54,105,96.4,118,72,56,115,95,87,150,118,137,119.4,180,217,114.8,62.4,146,51,73,125,139,133.2,80,108.4,56,190,96.2,122,93,111,53,96,94,80,112.3,45.6,60.5,61,37,61.4,68.6,56.7,60.8,70.1,53.3,65.4,59.2,68.9,61,68.6,75.1,47.5,69.6,76.8,79.5,69.7,62.8,77.8,93.9,51.8,63.4,62.5,86.2,82,92.8,89.5,60.8,65.2,90.5,78.6,65.9,60.6,87,104,83.4,95.6,94.1,90.6,84.7,66.4,48.4,67.5,93.8,88.2,101.2,81.2,92,90.4,107.5,65.3,117.8,107.9,76,111.9,67.8,86.5,96.4,78.3,64,93.9,76,91,104.3,106.5,140,99,107.8,105,155,108.5,98.7,98.1,188,112.2,97.7,189,120.5,175.7,146,63,39,100.8,118,93,124,100,212,54,112,66,90,81.7,79.2,70.1,56.6,62.6,57.5,68.2,79.4,72.2,73.4,79.8,85.8,96.6,91.2,85.2,94.1,105.5,60.3,70.7,59.2,64.8,39.4,87,80.4,107,93.6,102.8,89.7,57.9,81.4,107.1,69.4,114.1,98.1,113.7,74.2,148,143,115,179,183,170,81,80.8,22,66,62.6,106,79,52,48,120,92.7,83.3,110,120,165,162,216,124,126,233,105,109,115,74,49,58,86,85,90,106,96,114
2002-05-01,6,6,13.5,25,51,45.2,37,33,27.3,22.1,67,19.4,52.3,3,35.9,23.1,36.5,30.3,59.7,28,32.7,46.4,21.7,48,26.6,21.3,27,24.4,15,54.3,22.5,47.8,60,35.1,24,16.7,76,22,15,11,41,33.7,36.7,36.9,15.4,19,15,35,13,41.2,27,37.2,17,32.6,24,41.3,8,53,43.5,0,15,28.5,40.1,48.8,0,28.6,11,21.9,56,69.6,5,9.2,14.4,25,17.1,34,15,28.6,50,9,36,30,23.8,23.5,50,25.1,36,41,35.5,30.1,33.1,36,28.7,25.8,14.2,21.7,17.3,17.7,25,25,1,30.9,18.8,13.2,6.5,5.5,14.3,25,25,35,23,26,24,49,34,47,31.9,33,32.2,49.5,20,26,19.6,23.8,27,20,31,27.5,35,12.5,25.8,3,22.9,20.4,85,21.5,25.9,10,20.2,23.1,32,16.7,30.6,15,20,23.3,2,34.7,18,39.2,63.7,14.8,20,18.6,20,24.8,15.3,9.4,6.5,3,15.3,25,23,26,32,0,5,13,38,39,5,47,160.5,21,21,26,37,33.4,11,7,18.5,8.9,11.2,11.1,11.7,17,43,35.3,51,24.4,16,0,18,53,25,22,19,29,57,57,31.7,14.8,25.8,26.4,18.7,27.5,16.5,18.5,25.3,25.2,20.8,21.5,12.9,24.3,46,21.4,26.1,17.6,12.3,27.2,17.2,22.6,14.8,16.1,26.7,19.1,22,18,26.1,34,33.1,24.3,28.6,20.7,29.1,21,15.9,11.8,18.1,14,20.7,19.1,19.7,19.2,41,47.7,12.9,11.9,19.3,16.1,19.7,13.8,20.3,38.5,29.7,17.6,35.2,18.7,18.5,22.3,14.9,19.6,27.2,17.4,0,23.8,10.5,18.8,18.8,17.2,28.4,20,29.9,26,70,25.2,25.1,25,18,36.3,28.4,17,30.7,14,16,8,13,15,43,25,0,0,52,0,29,31.4,21,0,21.4,24.4,22.4,28.1,23.9,19.2,16.1,17.9,19.9,16.3,18,16.7,21.2,14.6,25.9,26,27.6,20.7,19.3,29.5,18.4,19.3,29.4,16,11.6,19.8,14.7,16.2,26.6,19.7,24.3,26.4,27.9,33,21.7,43,39,37,26,32,37,9,20,17.4,19,20,23,27,13,9,42,18.8,21.3,39,45,55,65,74,32,61,73,33,27,60,53,25,24,44,51,51,56.5,32,23
2002-06-01,1,0,0,1,5,5.3,10,0,14.3,5.7,3,9.8,22.7,0,20.7,13.6,26.5,8.8,17.7,0,18.2,22.9,16.6,0,10.6,10.4,0,9,0,22.6,16.7,18.4,3,26.8,12.5,11.4,5,0,1,0,0,17.3,26.7,21.5,7.4,0,0,0,0,23,0,16.9,0,19.3,0,23.2,0,0,17.7,0,0,21.5,21,19.6,0,16.3,0,10.7,1.6,0.6,3,2,0,2.8,27,13,24.3,21.6,16.7,12.6,4,20.6,27.8,9,4,16.5,6.5,14,16.4,18.3,18.8,26.7,22,14.2,9.1,26.1,8.2,25,17.9,14.2,1,32.2,12.4,13.1,5,7.9,13.4,2,21,21,11.8,13,18,9,3,6,14.8,12.5,24.6,12.5,17,33.8,8.1,27.7,17.7,16.2,8.6,13.4,10,16.4,29.5,8.6,44,20.8,47.6,23.5,30,21.7,14.6,18,23.6,10.8,32.9,17.5,16,14.2,1,21.1,10,27.4,40.5,14.2,12.9,25.4,15.2,19.3,13.2,20.8,12.2,10.1,13.6,23.6,0,0,1,2,8.2,0,6,0,0,0,121,6,15,9.1,6,10.6,6,0,7.5,10.3,2,1.6,0.9,5,0,10.1,0,4.3,0,0,0,7,0,5,5,5,0,0,8.4,17.5,11.8,11.5,21,11,9.8,3.7,14.9,9.1,14,4.4,9.8,9.3,1,6.5,6.4,17.3,8.9,8.9,8,9.3,11.9,15.2,13.1,24.8,14.9,13.3,11.3,7,19.8,16.5,15.1,15.1,6,5.5,15.4,7.4,9,0,11.1,19.5,5,6,4.7,36.5,14.9,9.9,6.7,15,14,8.3,11.2,70.3,18.4,12.2,26.4,11.7,11.3,27.6,4.8,4.9,9,11.3,3,5.8,3.1,5.9,7.2,8.5,12.6,24,18,55,7,9.6,8.4,0,0,3.9,10.4,1,8.2,4.3,1,20,0,0,30,0,9,9,0,8,4,7.7,0,0,7.5,7,3.8,6,7.5,7.8,4.8,6.3,2.5,3.7,4.1,5.6,10.1,6.2,9.4,10.3,5,4.1,7,4.8,6,6.5,12.6,5,4.8,9.4,7,10.3,4.2,4.3,7.2,5.2,8.7,11,8.7,22,20,21,28,24,21,0,1,6.6,1,0,7.8,3,1,0,4,8.1,1.7,1,1,0,6,3,0,1,3,0,2,0,4,18,4,10,6,0,13,11,2
2002-07-01,2,20,25.1,24.5,38,3.9,123,19,18.7,10.9,20,21.2,36.8,0,24.6,16.6,28,17.3,43,9,17.6,32,14.2,35,13.4,15.5,15,13.1,10,45,14.2,32.8,27,21.7,20.1,15.5,41,25,3,15,25,18.9,29.6,24.3,17.4,16,11,17,13,28.6,13,26,7,25.9,0,31.5,0,16,35.5,0,0,16.1,25.7,32.9,0,26.4,9,17.6,4.4,5,80,5.4,23,27,23.6,27.1,21.6,19.5,20,9,11,15,30,11,43,14.1,19,3,23.2,20,21.7,25.2,18,18.7,15.1,21.7,2,24.4,25,19,33,30.7,15.7,13.7,23.5,13.3,14.6,29,10,21,19.8,45,28,12,12,15,18.4,7,26.6,15,7,37.8,9.9,28.9,16.7,20.4,3,12.9,6,8,32.1,16,17,23,54,14,25,18.9,14.8,22.2,21.7,10.8,31.2,17,18.2,15.1,5,9,18.1,27.1,39.2,14.3,6,21,6,19.3,12.2,14.1,6,10,14.9,24.5,27,37,4,3,18.9,0,0,0,17,39,99,3,13,24.1,3,19.3,8.2,12,22.8,17.6,3,29,31,0,0,19.4,0,8.4,13,17,0,0,0,0,26,2,0,0,8.4,20,27.4,26.7,25.9,26,21.2,21.7,24.6,24.1,34.2,27.6,18.8,35.3,32,30.8,39.6,22.6,15.1,37.3,25.7,21.3,23.3,20.1,43.7,22.9,28.3,23.5,30.3,27.9,32.7,33.6,27.5,19.1,33.2,26.6,22.3,9.3,20.3,0,26.3,21,22.6,20.3,6.3,38.8,21.5,13.5,23.1,19.7,26.4,15.3,19.3,47.1,24.7,18.9,33,25.3,19.2,32.8,15,23,18.8,16.8,5,14.8,8.9,15.6,16.6,15.8,18.8,33,20.5,77,21,13.6,10.8,0,11.1,9.6,13.2,7.9,8,5.7,5.9,26,0,0,40,0,12,11,31.1,10,5,6.9,45,28,26.8,33.2,11.3,15.5,17.2,16.8,14.9,17.7,23.7,14.9,12.3,13.9,20.6,12.8,24.8,28.7,19.2,21,18.9,23.7,13.5,26,17,9.4,11.6,11.4,11.9,14,10.1,15.8,16.9,15.5,25.8,24.8,15.2,26,24,21,28,24,18,18,21.1,24.4,25,25,26.5,40,19,18,10,20.3,18.6,15,7,4,0,0,17,5,0,0,8,7,5,9,8,4.5,5,0,8,8,6
2002-08-01,0,23.5,0.5,5.8,8,0,20,15,8.6,9.8,0,11,9.6,0,11.8,9.4,8.8,11.2,12.8,0,6.2,9.6,7.7,8,4.9,10.5,0,8.5,0,21.6,8.2,19.6,0,8.8,11,8.4,0,11,0,0,5,9.6,10.5,12.9,13.5,0,0,2,0,10.4,0,8.6,0,12.8,0,14,0,0,13.2,0,0,8.2,9.7,10,0,11.5,0,8.9,63,73.4,44.8,32,0,0,14.8,18.7,14.5,22.8,13.6,12.7,15.4,15.1,19.2,17.4,10.9,8.5,10.8,24.3,18.8,15.6,19.7,20.8,15.2,9.8,12,22.2,11.3,9.2,13.2,8.4,8.5,16.1,10.2,11.1,3.9,5.1,9.5,10.9,15.9,20.5,9.8,24.6,17,13.5,12.7,10.9,10.1,10.4,23,15.3,15.5,29.8,10.5,22.1,22,11.6,10.9,11.7,14.1,28.6,36.3,9.4,13.2,14.7,50,30,31.5,30.1,19,11.1,16,10,29.9,7.8,10.9,3,7,14.4,13.2,24.4,36.4,9.6,11,21,10.5,13.7,15.7,15.2,7.4,9.1,9.7,19.5,72.2,35,39,19,32.3,39.1,46,58,12,11,174,35,120,20,67,60.2,45.9,23,24,16,33,20.2,30.7,45,58,46.4,46,43,21,18,38.5,64,48,50,34,52,53,60,49.4,12.1,19.8,11.4,14.1,19.9,15.8,12.6,19.1,15.2,14.7,17.1,15.3,21.3,18.7,19.9,20.3,20.9,18.7,28.6,24.8,28.1,24,23.2,30.6,21.5,25.3,18.6,35.6,21.7,47.6,37.8,21.1,22.3,41.1,25.1,31.6,18.1,33.3,36,26.3,23.8,29.8,28.3,31,24.7,22.6,20.5,21.8,27.8,33.6,22.1,29.4,50.8,31,30,46.1,34.7,27.3,32.1,27.5,26.6,31.2,27.4,26,34.2,26.9,27.8,24.1,30.7,47.3,70,46.5,42,41,55.5,48.5,49.5,35,57,46.7,45,55.2,17,47,32,2,37.5,39,48.2,35,18,20,9,11,68,19,5.5,25.4,28.8,29.1,35.5,14.8,21.5,22.2,22.6,19,28.7,33.2,37.2,23.1,22.1,32.2,29.5,27,20.7,25.1,20.1,26.9,22,43.7,29.6,31.1,46.4,40.5,38.4,62.4,38.5,22.4,35.1,37.9,43.7,37,49,51.5,39.5,58,63,100,38,27.4,26.3,25,28,33.3,37,24,32,36,28,37,59,43,76,69,44,55,45,47,49,55,64,93,65,83,57,75,48,120,82,42
2002-09-01,0,0,0,0,30,0,0,21,22.9,20.4,22,18.5,47.4,52,29.6,20.9,30,25,49.9,30,25.6,56.8,23.6,34,23.4,16.5,5,21.2,15,42.1,20.9,39.7,38,36.3,17,19.9,23,23,20,8,36,34.1,34.8,41.1,9.7,2,1,17,5,44.6,28,45,13,27.6,26,33.7,31,5,39.4,6,80,21.3,45.5,39.4,165,29.3,24,16.4,4,6.7,0,0.4,0,0,16.5,31.7,19.1,31.4,14,21.8,18.4,23.5,23.9,2,24.2,21.1,23,2,32.1,28.2,30.3,35.4,27.7,34.5,11,19.9,12,17.4,13.9,14.7,10,26.6,16.1,12.4,8.2,9.6,14,5,7,40.5,1.5,42.1,20,3,24.5,23,27,22,30.9,5,25.9,84,16.4,28.6,23.5,14.2,4,24.1,8,8,29.1,8.8,19.8,12,75,11.5,22.3,72,17.9,20.2,28,13.4,32.1,15.8,15.8,18.1,0.5,29.1,8,33.7,51.7,12.6,25.2,13,7,23.9,20.4,9.7,9.6,14.1,13.4,22.1,3.3,0,7,16,10.1,10.9,0,8,7,33,0,11,0,38,10,21.5,14,0,28.8,15.8,0,5.1,5,5,22,19.8,23,13.8,0,3,10.3,0,7,1,40,2,7,13,16.9,17.3,15.3,16.7,13.8,13.1,9.8,11.3,17.1,11.8,18.3,10.4,6.4,12.7,22,10.6,13.4,7.4,7.5,20.5,11.9,9.5,9.2,9.6,12,20.7,10.7,11.3,14.1,19.8,20.5,15.8,18.2,12.4,16.2,11.5,12.2,5.8,10.4,15,12.9,10.6,9.5,12.6,15,37.6,13.1,7.7,8.1,14.1,13.6,7.9,13,37.2,29.1,10.2,25.4,13.3,15.4,15.8,10.1,9.3,14.9,12.3,23,14.8,5.8,14.1,11.4,13.7,18.1,49,19.8,36,32,14,14.3,12.6,50,15.1,17.2,41,21.4,12,49,33,1,11.1,33,13.7,33,24,47,12,3,51.1,0,14.5,11.1,10.3,14.2,17.9,14.1,17.4,12.6,11.3,14.9,8.3,11.7,12.4,15.6,8.9,19.8,19.1,19.8,9.7,24.2,15.7,11.3,8.8,16.4,10.2,10.9,15.1,10.1,14.3,9.9,14,24.1,16.4,18.5,22,15.6,18,8,9,3,10,4,11,10,8.2,17,3,9.2,4,7,0,9,13.7,36.3,34,19.5,5,13,10,36,13,26,22,21,6,25,0,11,13,24,8.5,55,34,11
2002-10-01,55,0,52.9,27,153,209,89,104,96.8,103.5,23,83,110.1,36,100.2,99.2,93.8,112.2,119.2,95,100.8,130.2,109.4,128,128.9,111.8,180,98,197,132.8,100.5,118.7,112,113,98.2,94.4,102,132,29,55,105,138.9,125.9,124.2,62.4,75,77,91,85,137.7,215,134.3,58,117.2,136,116,33,49,103.8,151,250,112.8,114.8,134.6,40,91,139,119.6,51.4,66.6,48,19.1,55.5,72,50.7,148,53,110.9,120,128,174,156,99.6,140,37.5,134.7,124,140,116.1,137.6,124.7,158.2,105.9,94.9,82,71.4,47.4,53,83,101,55.9,55.9,75.7,56.5,44.5,49.9,57.8,111,187,200,58.5,133,50,179,172,162,138,152,13,198,207,81,98.6,131.5,92.6,104.1,63,100,116,116.5,70.2,48.1,86,142,40,105.5,77.8,117,88.5,96.3,122.9,97.6,106.2,42,46,28,36.3,96.1,68,112.9,151.2,54.5,74,156,74,106.6,109.6,27.5,3,40,61,87.8,18.5,62,49,53,79.9,80.7,49,64.5,52,67,13,83,106,62.3,167,98.1,85,73.5,77,9,89,84.3,84,79,67,128.1,135,93.1,12,21,79.8,111,84,118,139,42,43,68,83.3,43.7,66.8,67.3,46,82.8,65.3,52,68.9,67.3,68,67.2,65.6,64.5,72,68.3,63.8,54.7,60.9,65.6,73.5,62,44.9,58.7,84.7,74.8,45.3,51.4,63.2,75.9,72.5,55.3,65.2,43.3,83.6,54.9,51.5,55.6,61,60,62.2,60.7,65.3,81.9,144,93.9,31.3,44,66,40.1,69.9,57,65.1,93.8,100.6,49.9,97.8,95.7,62,93.4,35.8,61.2,88.8,61.3,51,92.9,58,64.4,74.1,79.3,113.2,144,82.4,195,129,98.7,85.9,83.5,206,91.1,82.6,99,90.7,52,148,89,64,84.9,220,79.2,45,51,110,53,121,138,47,61.9,75.7,60.1,53.3,50.1,53.6,52,67.4,66.7,68.6,75.9,72,88.1,90.5,75.2,90.7,94.2,54.3,69.6,77.7,62.3,38.5,77.4,70.6,80.6,62.7,79,72.3,66.5,76.1,100.5,72.4,109.9,88.7,88,68.6,18.5,20.5,44.5,13,21,27,32,23,57.4,48,41,72.6,83,70,59,172,63.4,107,97,108,48,54,57,147,49,90,144,89,116,86,64,63,83,90,63,92,65,182
2002-11-01,50,21,61.9,40.4,194,40.1,116,183,67.8,52.3,187,65.4,119.7,17,88.6,54.4,83.5,50.2,169.4,24,58.6,104.8,56.5,248,54.5,58.4,39,62,53,144.8,60,129.1,288,74.8,65.7,53.3,154,128,57,98,11,71.1,84.1,79.1,83.4,55,137,102,71,107.8,121,107,40.2,108.1,89,100.6,103,42,113.2,34,92,54.5,93.2,110.4,171,99.8,122,42.4,35.6,44.1,28,74,0,2,30.5,46,30,69.3,61,25,38,29,49.9,76,40,68.5,52,36,92.2,66.3,63.5,74.8,64.5,58,30.2,49.4,76,29.2,32.9,2,34,37.1,34.8,32.7,2.5,22.3,45.4,65,138,125,48,75,35,63.5,76,51,61.8,27,70.4,65,120,26,66.7,74.8,53.6,48.6,8,45,6,53.1,71.9,36.5,48.2,75.5,52.9,46.5,43.8,61,52.5,62.8,68,54.6,55.2,32.8,8,9,32,53.2,42,78.3,93.8,29.8,36,25,36,62.1,58.2,27.1,3,7,28.9,59.5,116.5,101,51,133,168.1,124,86,69.5,98,195,3,95,193,125,195,148.1,247,100,132.7,23.5,217,165.7,281,273,193,178.4,220,123.6,127,156,131.5,187,167,94,158,77,88,60,107.3,62.2,135.5,133.9,65.3,138.6,151.6,105.5,147.1,142.6,148.3,140.1,115.9,141.2,188,136.1,139.1,89.9,130.2,173.1,170.3,145.6,100.4,137.5,184.9,74.5,124.5,76.2,200.3,180.1,185.8,161.6,136.3,147.4,183.3,144.8,127.8,81,152.3,163,163.3,133.8,141.3,115.2,216.6,84.5,100.5,111.5,146.2,123.2,152.4,134,139.8,114.7,179,121.6,159.8,132,120.7,149.5,84.2,125.3,169.5,120.4,167,165.1,118.8,153.3,157,134.4,157.7,161,143.9,293,170,123.6,126.4,111.8,119,114.6,94.2,119,115.9,112.1,142,153,81,130.2,211,122.9,160,141,166,113,203,165,130,204.2,145.2,141.7,102.2,144.2,116.9,120.8,116.7,149.2,135.8,152.9,142.9,152.7,132.6,144.8,143.9,158.1,132.7,129.7,146.7,157.6,102.6,200.9,105.8,146,127.7,136.7,122.8,91.8,95.7,144.9,122.3,134.4,166.3,146.3,127.9,82,82.5,56.5,60,124,106,144,157,112,140,157,156,203,159,127,203,156.3,82.7,87,100,104,48,134,115,68,102,89,91,95,91,45,50,104,114,67,47,50,100
2002-12-01,207,21,115.6,84.6,151,150.4,184,89,150.6,135.4,213,152.7,198,108,156.3,164.2,184.9,150.1,208.9,126,143.8,181.5,141.5,207,168.7,157,222,146.3,149,178.7,151.5,159.9,165,155.4,143.8,153.9,108,505,86,93,242,145.8,164.6,192.7,141.9,177,167,282,98,175.8,202,164.9,115,195.8,195,196.4,334,104,193.3,149,213,162.9,172.6,163.4,0,154.9,136,152.9,156,166,79,194.6,148.6,129.7,127.6,191,142,195.9,214,174,222,275,155.8,28,140,179.5,195,117,223.1,202.2,179.9,206.9,190.2,154,104.1,92.6,106,180,237,130,94.1,107.8,100.5,85.2,142.5,115,102.1,335,302,338,280,257,78,226,299,277,378,233,166,267.5,305,145,151,165.8,158.7,152.4,103,151,176,177,133.9,107.3,206,144.7,90,111.5,84,35,143.5,143.9,191.9,172.1,148.2,70,150,133,127.9,263,169,216.3,243.1,118,340,142,340,139.3,167.2,23,15,154,107,137.3,259,45,156,42,147.8,153.7,173,80,214,186,6,137,169,171.8,207,161.5,124,158,160.5,74.3,125.3,94.6,105.5,124,80,171.6,121,143.9,39,99,89.7,201,87,149,134,164,279,210,151.9,76,137,155.6,94.2,159.4,144.2,117,136.5,168.3,166.2,141.5,129.5,144.2,58,137.3,132.9,119.9,146.3,156.8,160.2,133.6,106.5,145.6,196.5,96.8,134.1,130.4,181.7,153.5,190.7,163.1,148.4,145.4,178.8,131.2,164.1,131.7,171.5,58,150.5,148.2,134.2,116.7,126.3,101.8,119.3,115.1,132.1,150.7,144,130.8,153.7,80.5,153.4,144.4,174.4,168.3,160.5,165.2,109.6,137.8,158,148.8,90,151.5,141.3,143.1,131,148.8,174.2,131,143,316,144,135.4,128,135.3,107,147.2,131.1,116,170.6,80.3,150,118,60,123,203,100,116,177,125,98,79,114.7,199,116.8,170.1,147.1,97.8,141.3,119.7,107,99.5,162.5,143.7,156.7,149.4,163.2,143.8,152.7,158.5,151.2,132.1,180.3,190.4,133.5,107.2,188.2,104.2,165.6,162.4,161.8,134,122.9,120.2,148.8,188,137.1,191.7,141.7,141.4,269,269,215.9,273,302,310,121,182,165,175,207,148,209,200,138,227,152.8,117.7,96,168,222,203,172,110,210,170,111,92,53,102,75,78,69.5,71,108.5,56,74,138
2003-01-01,35,0,48.1,34.2,103,55.5,107,121,73.1,80,113,62.4,108,61,104.5,76.1,96.2,75.7,120.5,70,101,118,79,116,80.8,71.5,108,81.3,90,116.6,73.5,118,80,104,84.2,80,169,144,90,103,180,113.6,108.8,98.2,74.8,50,97,151,38,104.4,86,125.3,63,124.7,147,105.7,152,40,108,103,175,82.6,111.3,124.2,78,107.7,82,87.6,127.6,99.9,28,62,39,39.2,52.1,55,70,89.7,58,45,64,33,25,90,67,308,70,80.5,82,93.3,87.2,104.6,100.2,91.2,44.7,52.9,186,27,50,18,37.5,61.5,49.8,33.5,40,30,51.7,58,114,163,90,87,87.3,145,102,70,85.7,34,106.2,158,210,104,88.4,86.1,75.2,75.5,63,22,30,13.5,68,6,28,88.8,70,77.5,50.6,96,70.4,89.4,91.8,69,77.5,2,20,72,43,83,60,78,105.7,49,73.8,31,67,77.8,82.7,48,4,35,46.4,64.1,145.5,103,103.9,104,107.2,143.7,82,162,74,206,12,138,113,87,87.1,122.7,127,73,59.4,61.3,94,161.1,139,116,133,136.2,180,114.6,140,64,64.6,144,114,84,8,98,99,113,97.3,54.9,128,124.8,92.5,132.8,144.6,110.2,117.6,118.4,126,117.8,108.3,121.9,143,114.1,131.5,76.4,99.3,109.1,122.4,116.9,102.3,116.5,135.1,88.8,105.4,96.9,127.3,107.8,137.1,133.9,99.2,107.9,134.5,100,108.4,73,119.6,204,116.2,115.6,105.5,92,175.7,98.7,86,98,101.3,103.6,112,91.4,105.6,95.3,113.8,102.8,129.4,116.7,124.4,119.1,77.8,97.2,94.1,101.6,59,102.4,77.9,99.6,90.9,121.6,137.8,86,102.7,95,105,103.5,96.2,91,122,91.9,90.9,70,91,219.1,71,113,109,99,94,80,137,125,137,59,182,86.3,162,171,98.5,129.1,66.9,107.4,99.4,82,86.3,105.4,130.8,93.5,106.6,103.5,90.2,106.6,97.9,103.8,90.7,115.8,80.3,103.4,77,173.9,69.6,116.6,94.9,106.7,98.9,85.7,83.3,93.8,91.2,108.6,105.1,104.9,80.9,101,118,153.5,153,147,174,126,153,117,84,73,107,170,102,68,56,112.3,119.7,26,16,107,117,82,24,72,57,38,34,83,63,39,48,40,23,53,6,35,52
2003-02-01,74,19,128.2,100.9,64,13.7,120,4,71.3,51.1,63,52.8,62.6,22,75.5,61,61,64.9,75.2,5,54.3,71,58.4,65,59.6,54,16,58.5,107,73.4,60.5,72,67,57.3,65,55.2,18,20,112,3,44,66.6,73.3,56.1,53.2,30,4,48,88,59.7,11,66.2,3,70.4,9,43.6,3,37,61.1,5,46,54.3,56.8,61.5,12,57.2,46,66.8,65.1,43,54,43.9,3.5,31.9,41.2,31,75,71.3,55,27,56,10,11.5,23,56,60.5,82,62.3,87.1,75.4,63.3,95,75.6,68.9,41.6,50.5,16,10,32,40,6,55.8,42.8,35,58,5,40.5,22,37,86,24,114,86.4,74,31,103,63.3,52,69.3,84,70,50,61,74.6,47.2,60.1,84,105,106,54,60.6,35.8,76,85.4,87,83.5,49.6,22,55.6,66.3,77.3,54.5,67,10,30,19,22,42.1,24,66.4,95.3,38.5,61.7,78,15,67.2,58.1,103,12,55,43,55.4,204.5,140,76.4,86,89.4,58,50,99,37,208,62,132,101,168,100.9,98,126,90.5,140.5,71,44,115.4,193.6,68,102,98.5,106,97.8,52,54,29.3,144,57,77,169,81,40,25,63.8,53.7,95.1,92,72.3,98.7,103.8,73.7,90,110.6,91.5,100.8,84.4,99.5,160,95.5,111.1,63.6,89,102.2,114,103.7,79.9,83.2,112.9,87,78.5,67.8,115.1,132.5,114.6,93.5,83,79.9,115.9,103,80.4,69.4,94.3,133,102.1,94.4,97.2,86.2,136,87.1,57.5,61,84.2,81.9,99.5,77.3,75.6,100.6,142.4,69.6,105.8,117.3,97.1,107.9,73.8,82.6,105.3,74.9,54,103.9,74.1,80,84.3,91.7,103.6,82,92.3,107,99,89.6,71.7,53,63,62.8,67.8,18,74.8,129,48,61,143,57,114,44,48,20,229,36,153,152.7,149,150.6,104.8,103.1,80.3,73.7,90,63.4,81.5,80.4,108.8,87.7,88.8,98.9,90.4,101.5,111.6,121.2,78.1,99.1,85,107.5,70.3,147,77.6,94.2,75.7,90,78.3,84.2,59.2,93,64.7,120.9,98.8,129.4,77.9,144,147,176,139,206,192,94,74,62,71,79,48,57,66,78,58,94.3,58.8,58,24,47,40,25,52,33,50,34,67,48,54,42,24,71,60,13,70,21,78
2003-03-01,125.6,9.5,57.1,33.7,236,177.8,231,125,115.2,107.8,155,116.8,144.7,88,150.7,115.5,111,115.8,214.4,138,129.4,154.9,105.4,186,133.4,134.3,194,116.4,173,172.6,134.5,158.7,194,122.1,126.1,109.6,107,156,59,213,114,149.1,146.4,140.2,96,111,332,95,185,148.2,131,140.4,156,158.4,158,146.4,159,80,145.9,53,221,132.3,133.6,148.8,125,169,86,134.8,23.2,19.6,145,31.2,102.8,49,86.6,200,57,148.8,140,92,148,68,15,183,74.5,132.9,167,111,149.2,147.5,153.6,151.7,133.7,127.3,86.3,81.4,8,96.8,66,63,15,58.6,82.6,63.9,90,63,76.4,169,257,185,145.5,141,126.7,143,107,172,166.1,123,159.5,164,196,36,123,162.5,101.4,115.2,77,90,124,142,116.2,10,197,119.1,89,112,115,93.9,114.7,120,164.6,118.3,136.9,108,47,19,40,138.3,118,167.1,184.3,86.1,114.2,43.2,72.5,115.3,136.7,26,9,131,74.3,121.7,148,195,83.4,65,106.2,27.1,47,26,82,205,123,88,181,184,121.9,97.1,52,84,167.5,159.6,48.5,152.8,140.8,55,37,123.6,84,101.5,201,139,52.9,32,43,58,118,121,71,46,81.9,70.3,151.8,156.5,90.7,163.9,179.8,116.4,144.1,172.4,166.6,170.8,135.4,182.5,147,171.3,169.4,122.2,156.8,164.2,170.9,176.6,119,181.5,199,103.8,150.2,126.8,193.3,154.7,173.8,170.7,140.6,127.6,181.4,135.2,140.7,114.2,150.2,159,150,138.3,125.2,103.7,237.1,114.8,102.5,116.1,114.8,128,137.2,111.4,123.3,88.8,154.4,121.9,156.2,134.3,136.5,119.6,92.7,123.1,126.4,125,128,128.9,119.1,125.8,85.8,104.5,111.7,118,102.5,180,201,84.8,84.5,80.4,118,95.6,86.1,154,99,163,65,98,143,56,179,54,121,80,129,69,152,76.6,274,171.3,143,145.3,109.7,139.6,114.9,89.2,98.2,156.9,151.5,131.5,119.3,123.4,132.3,133.2,157.9,124.1,129.2,147.6,165.6,144.7,95.5,202.3,76.9,105.7,132.9,105.7,101.2,97.1,69.3,114.4,133.4,119,132.3,105.9,77.7,165,116,110.7,251,151,220,172,132,130,151,185,166,263,207,202,197,128.9,147.9,102,61,65,86,55,56,43,84,43,96,88,52,54,52,45,65,72,62,78,128
2003-04-01,26,20,42.6,29.6,141,47.2,138,63,66.5,70.3,140,62.9,113,20,90.4,65,86.3,74.2,143.3,54,72.9,118.6,66.3,170,97.4,59.5,55,62.3,52,137,72.3,122.2,180,104.6,84.9,67.8,198,110,41,54,128,106.3,118.4,105,74.8,40,78,109,76,116.4,63,102.5,51,107.9,75,94.2,101,43,105.6,39,59,101,106,106.1,139,100,75,57.7,83.4,83.8,69.7,32,24,21.1,29.1,115,87,96,188,81.5,84,0,6.5,33,99,86.5,148,85.6,98.5,96.9,84.2,124,90.3,72.9,38.8,48.3,29.7,10,32.2,27,29.1,36.8,43.3,34.6,16.8,12.5,39.9,77,92,113,35.5,107,81.4,143,102,133,90.8,99,72.5,149.5,71,40,85.8,89.1,82.7,66.4,52,60.1,65,32.5,68.2,4,45,68.1,78,72.5,50,73,72.3,72.1,90.8,68.6,62,27,40,76,21,52.3,54,86.3,112.3,40,58.9,58,30,89.7,66.7,21.4,5.2,29,39.7,63.6,67.9,60,99.1,71,92.6,86.9,117,120,69,163,74,127,70,123,94.7,116.7,143,75,86.9,63.9,86,78.1,89.1,174,101,112.4,145,96.8,36,76,78.2,180,158,135,176,117,121,107,98.1,48.9,103.4,104.3,60,107.2,101.7,73.1,99.8,96.3,85.9,79.2,76.4,101.6,135,92.2,103.5,56.6,76.3,105.8,94.1,98.7,51.4,63.8,99.3,73.5,53.9,46.9,96.8,106.2,93.9,66.2,66.7,61.8,96.7,93,60.7,53.6,78,100,85.2,74.5,85.6,90.3,149.6,78,37,40.2,70.3,54.8,80.4,67.5,70.3,85.6,128.4,56.9,115.7,87,73.3,79,52.1,66.5,106.2,74.7,77,96.1,61,84.1,90.3,89,114.5,61,96.7,144,104,103.9,96,102.3,161,105.3,100.2,138,108.3,120.6,96,73,151,82.1,150,86.7,115,85,125,63,118,83.4,93,115.2,113,106.2,72.5,81,74.8,71.8,77.3,79,87.4,81.5,87.1,87.2,85.5,102.3,108.4,136.2,76.8,93.5,89.6,93.9,56.2,127.8,78.5,92.1,70.5,97.3,74.3,76.9,80.1,113.4,68.5,119,102.4,112.8,79.1,73,78,96,107,89,65,62,49,7,62,61,65,63,59,47,68,91.4,66.8,85,113,88,66,78,98,48,120,92,69.5,193,163,48,89,76.5,58,32,36,51,58
2003-05-01,8,2,3.6,3.4,32,10,22,16,18.1,9.1,16,16.1,29.6,0,23.8,17.9,23.3,16.1,32.1,3,14,32.3,15.1,32,13.5,17.6,8,8.5,10,22.9,17.1,26.5,23,19.8,14.2,11.7,8,0,16,3,31,20.6,24.1,23.9,12.6,3,72,31,11,23.3,10,14.9,3,28.2,0,27.3,3,3,30.1,0,3,16.6,24.1,22.7,0,14.4,5,14.5,5.8,9.4,15.9,11.2,25.1,13.9,21,19,18.5,20.1,14,15.1,17,15,30.3,45,8.5,14.5,14,27.5,18.8,23,20.7,25.9,19,20.8,13.8,25.6,9.6,45,16.9,17,12.8,26.1,16.5,11,30,18,13.1,24,7,35,19.5,53,50.1,58,19,10,24.3,12,25.1,58,22,36,9.5,24.8,17.5,21.5,2,12.7,23,20,24,9,20.6,17.7,32,3.5,22.3,20.9,16.7,19.8,23.8,9.4,30.5,10,19,16.4,10.5,25.9,11,27.4,34,14.8,17.1,8,22,20.3,11.9,18.7,6.7,25,16.3,26.4,20,30,7.8,12,12.6,5.8,0,0,1,39,106,13,11,15.1,14.4,16.5,15,5,20.5,19.2,8,16.9,12.4,7,5,17.2,0,7.7,10,2,7,0,6,0,44,7,0,0,6.8,8.5,18.9,16.9,21.2,16.2,12.4,16.3,21.4,15.3,23.9,17,12.1,22.1,5,18.7,25.6,18,12.2,28.9,21,22.8,19.2,18.6,31,16.8,26.4,20.5,27.8,21.1,28.7,30.4,20.6,17,34.8,20.8,18.2,9.6,18.9,31,22,20.3,22.1,14.9,46.6,34.1,15.2,13,20.5,20.3,28.6,10.3,19.8,40.8,21.6,18.2,31.1,21.3,12.5,22.2,13.8,18.9,17,14.6,10,12.7,8.8,14.5,17,13.9,21.9,15,18.6,29,11,12.1,8.7,6.1,12,7.3,13,9,10.5,6.9,6,8,5,6.9,16,7.6,15,14,24,11,12,22.3,23,6.5,20.1,23.2,11,14.2,14,17.1,11.6,15.2,24.7,10.7,11,13,16.3,10.7,23.9,26.9,16.5,14.7,14.7,21.1,11.6,18.2,15.3,10.7,8.7,12,10.7,12.5,10.2,14.2,15.1,16.6,21,25.3,12.3,16,0,4.5,15,27,27,25,13,17.7,18,18,41,35,26,16,10,14,28.4,9,24,2,3,18,10,9,10,4,11,26,9,10,14,11.5,11,15,18,16,10
2003-06-01,7,2,10.8,4.4,2,5,8,2,23.6,9.4,3,16.6,26.8,0,30.6,16.9,30,15.7,27.1,2,24.9,30.8,20.4,0,14.1,14.2,6,16.2,2,28.4,20.8,21.8,0,22.6,18,17.2,0,0,0,1,2,21.9,32.4,25.4,7.8,2,21,1,36,25.4,1,19.6,1,21.8,0,26,2,1,23.1,19,1,19.5,26.5,22.4,0,29.8,1,15.2,0.8,0.9,0,3,0,7.8,26.3,25,30,25.5,20.5,22.8,32,15,31.8,19.8,25,15.8,32,20.6,25.3,26,25.4,59,33.5,23.8,11.5,27.9,2,37,19.3,8,3,30.5,14.5,16.8,2.7,10.3,13.9,25,17,41,16.1,50,49,19.5,19,24,26.8,15,27.7,36,17,16,12.7,30.4,19.7,20.5,5,19.3,20,30,31.4,16,29.8,23.5,56.2,9.5,26.2,37,17.3,23.3,32.2,11,32.6,19.5,3,19.6,17.3,26.4,22.1,36.2,53.9,15.7,18.8,22,15,21.7,13.8,18,12.6,4,15.3,25.1,19,20,4.3,1,11.7,0,0,0,0,1,271,0,2,0.2,5.9,10.3,8.3,0,1.5,12.1,0,11.3,15,0,0,9.7,0,5.1,0,3,0,0,0,0,1,0,0,0,4.5,23,11.1,14.3,20.6,17,10.1,5.5,16.3,9.7,18.3,10.1,10.2,11.4,0,12.2,13.2,22,12.2,14.8,13.6,12.9,18.1,17.2,16.1,23.7,20.1,15.7,15.1,8.8,29.1,18.1,20.5,14.6,16.6,8.1,18,10.3,10.5,2,17.4,19.2,7.1,12.7,0,38.9,21.1,11.6,8.6,19.3,19.6,10.6,13.8,58.6,15.8,16.2,22.1,16.7,10.2,24,10,8.2,8.9,12.4,5,8.1,4.3,10.2,8.6,8.6,15.9,1,17.9,0,0,7.9,8.4,11,0,4.1,9.7,0,13.8,4.6,0,0,0,0,0,0,1,1,4,1,5,0,17,3,11.1,9.1,5.7,6.6,6.6,12.4,6.5,7.4,11.7,5.7,5.6,9.9,11,7.7,10.5,15.8,6.2,6.2,6.5,8.7,9.3,11,12.2,7.3,5.6,11.3,8.3,10.2,6.8,7.3,9.4,7.3,12.6,9,7.7,48,32,37,34,34,30,8,5,9,12,7,17,16,7,7,0,13.4,0,5,0,0,0,0,3,0,0,0,13,2,11,0,3,0,4,0,0,2,8
2003-07-01,0,10,1.2,0,0,0,5,0,4,7.3,0,3.4,11.9,0,10.2,7.3,6.2,6.5,9,0,4.1,10.4,4.7,0,4.2,4.2,0,4.2,1,10,8.6,8.6,0,8.8,6.4,6,0,0,0,0,0,5.3,6.5,10.1,12.4,0,0,0,0,10.5,0,6,0,10.5,0,8.5,0,0,7.9,0,0,4.6,12.7,11,0,6.7,0,3.1,41.8,38.9,56,16,2.5,0.9,16.9,18,19,21.3,12.7,14.9,11,13.7,15.8,16,12,9.4,14,22.5,12.9,14.8,14.2,23,13.2,9.3,9.4,24.2,13,7.8,13.8,2,2,19.6,10.1,11.4,4.2,5.4,10.2,11.7,16.2,28,5.5,15,36.7,13.5,9,12.8,10.5,5,20.4,14.5,14.6,43,8,21.4,14.4,10.9,7.6,8.3,12.1,23.2,29,7.4,11.8,11.2,17.5,12.5,26.1,20.9,13.3,9.6,13.1,10.3,28.3,5.7,10.2,11.9,7.3,17.1,11.4,24.9,34.5,11.4,9.8,16.5,8.3,17.3,12.4,16.6,7.4,5,9.1,18.6,40,0,38.5,25,34.1,32,24,47,40,15,27.5,33,23,38,38.4,53.2,30,26,52,25.9,40,9.4,17.1,32,57,48.4,66,42.1,0,29,34,58,46,41,49,28,0,0,30.8,7.1,13,10.2,14.3,15.8,12.2,6.8,11.7,11,9.6,9.3,8.2,13.1,7,13.3,12.1,8,15.6,26.4,13.6,13.1,13.8,15.4,24.6,19,14.2,13.9,20.4,17.8,28.6,26.7,13.8,12.5,27.5,20.2,16.5,21.2,22.9,9,22,20.3,22.3,21.9,29,22.7,18.9,18.7,16.7,21.7,25.1,17.4,22.3,38.2,34,25.4,23.5,31.2,20.5,35,24.3,25.8,33.8,30.7,23,31.9,25.3,27.6,23,27.8,40.2,66,49.5,60,74,37.4,35.5,37.9,37.4,46,27.4,30.3,26.6,5,25.1,33,3,29.6,105,38.8,31,38,9,43,5,84,37,5.2,24.8,18.5,21,28.3,15.4,27,18.4,17.9,20.7,24.1,38,33.9,24.1,23,32,28.2,26.6,15.2,21.9,18.6,22.5,16.8,33.9,25.3,27.3,35.7,32.3,28.6,32.2,29.4,20.2,34.6,36.5,45.6,25.4,33,36,33.5,40,46,37,21,13,15,11,12,34,16,15,9,61,31.1,30.8,5,0,2,0,2,5,1,1,0,2,6,3,0,0,0,2,0,3,2,2
2003-08-01,0,0,0,0,6,2.1,2,3,11.1,8.7,18,6,19.4,5,18.8,11.6,24.4,9.8,24.8,6,22.9,28.7,14.1,5,7.8,12.3,1,5.8,6,20.2,16.5,23.8,12,30.8,12,13.1,5,0,0,16,20,14.9,24.5,18.6,11.3,4,1,14,1,23.9,5,13.1,1,23,0,18.8,4,2,20.8,0,3,18.9,21.6,21.8,0,21.4,1,7.5,4.6,4.8,0,0,0,0.6,27.8,22.8,19.3,16.5,15.1,14.7,10.4,17.7,25.4,12.6,5,11.3,6,4.5,14.6,16.5,16.1,21.2,20.5,10.4,8.3,22.3,7,18.1,16.2,10.1,4,23.4,12.6,10.6,1.8,5.2,13.7,10.5,14.4,5,6.5,19.9,42.3,3,10.5,11.5,15.7,13.5,18.6,12.9,12.6,29.8,8,28.1,13,9.7,6.2,9.9,2,3,22.3,4.7,15,14.4,36.5,1,23.6,25.1,13.7,15.3,20.6,9.8,32.9,15.1,13.2,12.7,6.9,3.5,15.7,23.5,33.4,12.5,11.2,16.5,13.2,17.9,11,17.5,11,2,10.2,19.2,0,0,8.8,0,8.3,0,0,0,0,45,46,7,19,31.8,16.3,19.5,8.2,4,34.5,11.4,2.9,0,0,0,0,12.4,0,4.7,0,0,0,4,0,2,24,7,0,0,16,14,13.1,13.8,16.8,13.9,7.6,8.9,14.4,7.4,14.6,5.2,4.6,10.6,4,8.4,9.3,10.8,7.9,12.2,11,7.8,10,10,13.5,26.2,12.2,12,14.2,17.1,20.6,13.3,8.6,14.6,10,10.4,11.2,7.8,10.4,0,12.6,12.8,7.5,10.1,0,35.1,11.6,9.5,6,12.1,13.7,7.3,9.1,56.9,21.6,10.4,22.4,12.5,12.7,16.6,6.1,8.6,16.7,12.6,0,13,7.5,8.4,12.9,10,15,15,18.5,33,33,13.9,11.9,0,11,5.9,14.3,6,10.8,0,31,4,2,0,67,0,7,4,30,3,2,15,0,3.5,10.7,7.1,8.4,10,8.8,11.9,7.6,6.1,11.7,5.7,8.1,7.5,9.8,8.9,12.3,16.4,6.9,5.2,11.6,9.1,6.8,5.8,14,6.2,4.6,10.1,8,9.7,5.4,10.5,12.3,9.4,13.4,15.9,11,2,1,0,1,0,0,5,1,1,1,0,9,2,0,0,29,13.4,17,6,3,3,1,3,11,1,4,0,4.5,3,10,0,3,7,10.5,3,11,14,4
2003-09-01,0,0,0,0,20,11,0,15,21.1,8.9,8,11.6,28.9,5,20.4,15.4,30.1,9.8,29.1,3,30.8,33.3,18.1,16,14.4,14,13,11.6,3,23.8,13.4,20.6,8,37,17.7,11.4,22,25,73,6,22,18.9,35.6,23.9,6.8,22,5,6,15,29,20,31.8,2,23.7,19,30.1,5,12,29.4,5,20,22.9,28.4,28.3,0,32.2,4,11.1,3.4,6.8,0,0,0,0,25.4,21.1,23.4,18.7,17.5,5,9,19.4,24.7,15.2,3,13.5,13.3,13,18.5,20.9,19.7,27.6,23,17.1,8.1,21.7,7.5,16,17.2,2,7.3,25.4,16.4,13.2,4.4,8.1,13.8,15.4,16.6,2,2,29.1,40.2,11.3,18.5,15.4,20.2,12.4,19.8,18.6,16.9,35.9,11,28.6,16.8,13.8,14,15.7,54,4,29.2,4.8,24.8,19.7,51.9,2.5,22.7,22.8,15.4,23.2,20.9,8.6,33.4,18.2,13.8,14.3,9.6,4,17.3,33.5,55.8,14.5,16.4,22.1,16.5,18.9,12.9,15.9,11.3,9,9.5,19.8,0.5,0,4,0,6.4,0,0,10,0,5,10,0,0,9,5.7,11,4.7,0,7.9,10.6,0,0,5,0,0,8.8,0,2.7,0,0,0,0,0,0,6,3,6,4,4.5,20.8,10.5,11.7,18.3,12.9,9.2,5,14.3,7.1,15.8,4.7,4.7,7.8,0,8.7,7.4,10.8,9,10.1,6.9,8.3,8.5,11.2,11.6,26.6,10.2,9.4,10.8,13.6,21.4,15.2,12.6,12.5,10.5,5.1,13.6,7.2,9.1,0,11.8,13.7,8,10.1,0,39,11.6,6.5,5.8,16.2,17.3,10.8,9.3,55.1,19.7,9.8,25.7,8,10.2,17.5,5.7,4.6,7.8,10,0,4.8,2.7,7.2,8.3,7.5,9.8,0,15.7,3,8,10.3,9.6,0,4,4.2,12.4,1,8.3,0,1,0,0,0,11,0,0,0,8,0,0,0,11,5.5,8.2,6.1,2.4,5.4,8.8,9.9,7.1,6.8,4.5,3.6,7.1,5.2,7.6,5.8,9.9,8.1,6.7,4.6,9.3,4.5,6.2,5.5,10.4,4,3.8,11.1,5.7,8.6,4.5,6,7.5,4,5.2,10.1,8.4,2,2,2,1,22,5,1,2,0,0,0,2,1,3,2,15,8.8,1.4,14,4,3,0,5,6,3,7,5,8,2,8,0,2,2,8,0,8,12,1
2003-10-01,1,0,3.1,0,154,40.2,58,82,41.5,35.4,91,46.6,84.3,33,54.7,46.1,71.2,41.2,119.8,69,52.2,65.4,35.5,151,42.6,43.6,45,47.1,94,86.9,37.2,81.7,101,49.9,41.5,40.7,112,65,84,79,125,51.7,58.7,60.7,40.4,126,74,93,43,62.2,110,72.6,57,66.7,15,80.7,81,59,84.7,58,57,46.8,62,79.1,55,85.5,69,39,10.6,1.9,60,3,0,15.6,29.2,50.4,15,48,51.7,15,28,28,37,25,15,43.5,32,38.7,35.7,39.9,52.1,48,51.7,40.8,21.6,30.1,22.8,25,27,31,2,37.9,28.3,20.6,8,19.6,23.5,27,27,35,23,48,63.5,9.5,27,44,47.9,50,54.7,50.7,29,73.4,35.9,43.2,47.2,36.2,42,40.8,10,38,33.5,42,40,41.1,54.3,52.5,32.3,27.7,30.3,43.1,58,32.7,39.3,26.9,31,35.2,11,45.2,22,57.7,97.9,25.9,50.9,51,16,48.8,36.5,5,16,31,23.9,41.2,40,10,22.2,44,26,44,13,7,20.5,111,0,12,2,12.1,33.6,21.4,10,35,24,47.3,9,69,75.3,12,12,30.5,10,27.4,0,24,16,35,6,13,92,22,1,4,18.2,41.1,43.7,54.8,27.7,46.7,40,27,42.9,49.9,55.8,39.3,33.2,47.6,4,45,49,33.3,21.6,50.4,41.8,27.1,28.7,27.2,46.8,37.1,29.8,30.6,39.5,45.1,51.5,41.4,44.3,30.7,51.8,35,23,13.1,31.9,27,32.2,30.3,34.6,35,36,63.9,19.7,20.2,37,27.3,32,29.9,36.2,74,44.6,25.9,64.6,34.5,24.9,42.2,24.1,27,39.6,27.2,85,33.5,22.2,24.8,23.3,29.8,32.5,42,31.3,26,0,17.6,13.3,16,11,19.2,22.2,8,18.2,72,25,31,49,11,31,40,10,52,54,25,4,36.5,34,81,38.2,40.2,28.8,24.4,43.2,23.5,25.9,23.3,33.3,35.1,29.3,30.7,34.5,26.8,42.4,39.9,31,41,35,36.5,24.1,32.7,24.1,27.9,27.3,19.2,31.4,26.3,25.1,26.5,32.6,28.1,39.1,33,17,76,30,80,25,76,37,14,13,24,26,23,35,57,42,13,1,30.9,12,45,16,4,15,21,23,8,12,6,30,21,34,0,19,44.5,31,0,93,52,9
2003-11-01,0,66,6.4,18,78,11.3,90,29,36.8,40.5,93,42.5,77.7,0,47.2,33,75,40.8,93,10,60.7,63.8,33.5,51,44.5,33,22,37.5,3,74.8,37.9,71.7,141,55.9,39.8,35,52,10,60,47,123,64.8,61.1,74.1,48,28,42,146,0,55.2,2,58.5,8,66.2,29,78.4,62,6,77.3,26,16,53.7,58.4,60.7,0,57.5,21,27.3,14,11,34,11.2,4.1,23,21,34,30.1,95,48.9,19,35.8,28,15,60,14,41.4,14,23,16.4,61.3,44,95,45.2,45.9,27.8,32.6,17.6,20,19.4,46,40,29.8,27,18.4,9,13.5,18.8,34,72,88,16.5,68,60.6,136,42,62,51.9,28,51.4,76.8,74,74,35.1,55.2,44.8,36.8,22,36.9,8,46.9,39.1,25.2,28.2,39.9,45.9,21,38.1,33.2,34.9,39,42.4,33.8,34.3,18,21.7,30,19,24.1,30.2,51.4,62,20.4,44,46.9,41,35.5,37.4,6,7,15,23.9,44.8,71,78,36.8,31,51.2,35,54,5,64.5,76,3,32,13,18.2,60.1,43.9,18,19,48.5,56,19,135.6,95.9,31,20,53,10,37.1,66,49,91.6,45,14,14,53,75,23,14,39.9,32.2,56.1,59.2,39.7,59.5,62.5,52.7,65.6,66.8,61.1,58.3,40,65.1,48,65.8,58.9,48.5,49.6,67,59.4,63.4,47.7,61,81,45.9,64.8,43.7,75,66.6,73.4,57.6,69.7,47.4,70.3,49.5,42.8,36.5,55.6,53.5,54.5,55.5,55.5,46.3,46.6,63.2,40.8,40.6,55.4,51.6,55.6,51.5,55.4,75.7,61.1,52.5,78.8,58.1,42.5,60.1,42.4,41.5,60.2,41.6,69,50.3,44.4,39.2,43.1,45.5,61.5,37,45.3,52,58,38.6,29.3,34,63,35.2,36.7,56,40.8,55.3,40,18,71,28.6,60,43.9,15,100,78,10,53,46.6,43,71,61.3,45.5,36.9,36.7,43.4,29,36.4,53.2,64.5,53.9,54.6,63.2,73.9,59.3,63.4,53.5,39.2,48.4,31.2,40.5,29.1,61.1,43.8,44,50.9,40.6,57.3,23.4,39.8,51.1,45.6,48,65.5,45.7,40,48,36,65.5,67,99,55,90,88,60,84,64,63,78,100,79,74,58.3,40.8,105,33,45,30,39,70,97,0,43,55,57,102,25,17,95,102,72,89,75,41
2003-12-01,5.9,0,39.9,28.3,311,91.4,206,28,88.7,85.2,29,73.7,112.4,60,91,90.2,83,83.9,130.3,75,66.1,124,83.3,207,92.3,85.2,129,79,98,108.5,92,114.7,169,82.1,82.3,95.5,179,72,135,47,36,107.2,109.3,96.5,69.1,70,36,46,51,97.5,51,106.8,35,99.5,88,100.5,48,24,108.5,48,41,98.5,90.2,91.9,71,77.9,40,88,59.5,56.5,230,113,22.5,36,35.6,140,64,132,113.2,61,81.2,85,12,86,76.5,61,119,151,81.6,112.9,101.8,132,94.4,79.5,42.6,55.4,26.8,14,39.5,34,7,52,50.3,39.1,33.3,35.4,46.2,79,121,122,80,110,88.6,97,112,64,23,154,153.5,122.1,123,92.2,103.6,82.1,68,75.8,129,72.1,119,61,71.5,47.5,37,107.4,74.3,62.5,61.8,67.8,86.3,93.3,103.7,77.6,73.5,10,31,78.6,13,92.1,13,102.3,123.1,46.8,11,67,89.2,84.7,76.6,31.6,7.5,57,45.8,81.4,134.5,15,132,122,149.3,147.9,70,160,155,135,125,143,129,158.7,156.5,151.9,219,197,167.9,96.8,245,297.3,143.7,193,138,202.4,168,128.2,116,213,263.4,226,271,86,139,112,64,57,101.5,65.4,132.1,115,68.7,138,149.7,100.2,121.8,160.4,151,146.3,126.2,153.2,96,134.7,131,106.5,157.6,158.4,174.9,158.9,107.8,159.2,196.2,81.7,142.1,106,196.8,165.3,189.6,161.4,157.5,144.2,202.1,151.8,145.5,104.6,186.7,122,176.8,167.8,164.8,119,123.1,78.8,111.9,142.5,154.2,146.3,181.4,143.2,154.3,93.7,167.3,147.2,193.4,162.4,144.2,174.1,96,142.7,150.8,133.5,89,162.1,129.6,142.7,142.4,156.9,165.8,220,161.1,179,133,126.4,110.7,199,51,98,89.2,52,103.2,128.6,61,126,91,236,139,139,179,104,147,120,126,117.3,264,147.8,149.9,130.2,108.6,134.6,123.9,110.4,104.4,162.5,135.5,145,148.2,167.3,124.7,148.5,155.4,146.6,130.4,134.1,111,149.7,112.5,224,107.5,163.1,146.5,147.9,142.2,104.9,102.1,154.3,136.2,129.9,171.8,142.8,123.1,160,190,196,169.5,145,119,145,215,139,206,212,143,141,198,121,146,167.8,177.3,121,62,102,53,102,59,36,71,72,125,78,128,30,89,120,141,59,229,93,63
2004-01-01,93.3,52,105.3,92.4,106,115.2,94,83,98.8,84.2,28,61.2,69.5,0,101.6,93.6,77,79.8,76.9,31,66.8,107.5,102.5,45,74.9,100.3,115,85.4,116,72.7,94.5,72.6,33,74.5,68.4,79.8,98,115,65,49,59,79.4,79.7,77.5,53.8,19,35,36,110,92.6,36,93.8,44,72.2,158,78.8,48.1,23,82.9,55,21,70.4,82.2,76.7,117,62.3,65.4,79.1,113.8,120,101,98.4,60.5,48,83.5,57,88.3,85.6,56,26.5,82.8,111,75.5,90,27,46.5,56,41.5,43.2,87.2,61,93,88.3,103.6,62.9,59.9,46,105,53,62,82.2,76.9,56.4,47.8,42.8,23,67.8,74.5,112,101,96,21,70,34,76,82,60,60,174.5,29,103,131.4,85.8,97.8,65.1,96.9,69,15,85,62,68.2,54,87,88.5,77.4,136.5,74.7,128,61.7,83,95.7,73.1,97.3,85,82,117.8,84,46,119,107.3,113.3,75.5,175,190,102.9,76.1,90.9,46,9,96,68.5,89.8,62.5,127,129.9,96,82,117,286,136,113,125,76.5,151,117,117,116,151.7,162,207,83,11.3,157.6,44.5,47.2,166,89,135.5,228,140.4,20,107,62,211,171,140,46,318,359,244.5,166.6,70.5,60.4,59.3,53.4,71.3,65.5,68.7,63.1,86.2,65.6,79.4,72.8,69.7,34,67.1,64.7,75.2,88.9,60.8,81.1,70.4,69.8,80.8,101.1,84.2,75.1,93.9,92.3,61.7,100.6,100.4,80.2,75.5,101.9,60.1,85.7,83,92.6,81.6,73,80.5,82,85.2,14.9,103.8,58.8,85.4,85.9,91.1,108.6,81.5,94.7,96.8,75.4,91,135.8,121,92.3,141.3,77.7,86.4,79.4,90.7,93,91.9,80.2,78.3,107.9,115.8,166.2,68,103.9,69,34,128.3,133.8,107,299,158.3,130.8,272,161.2,131.2,202,37,30,102,76,140,3,51,23,82,47,81.7,63,11.5,75.6,65.9,55.6,65.6,65.3,63.2,67.4,71.5,75.4,78.5,79.1,100.2,87.5,85.7,90.6,83.5,72.1,78.2,77.1,54.8,42.7,78.6,78.4,130,105.5,139.3,118.5,68.4,113.2,108.1,82.4,98.1,111.4,88.3,80.6,113,63,109,0,80,90,75,60,116,81,90,137,133,140,58,87,82.9,117.9,113,164,207,195,241,179,227,216,171,128,131,132,190,150,83,100,114,66,48,186
2004-02-01,29,0,39.7,41.5,83,61.8,76,43,93.3,93.2,88,57.5,80.4,93,97.8,89.9,77.5,90.1,92.1,80,73.5,111.8,100.1,93,92.5,95.6,113,90.9,79,76.3,75.5,84.4,70,101.8,76.3,84.2,52,99,72,21,96,117,111,82.1,53,38,25,73,148,95.4,54,82.9,38,76.6,18,85.5,11,25,81.7,154,30,84.2,92.2,74.9,67,69.6,36,98.3,121.2,138,88,104.2,101.6,80.6,69.5,98,94.3,92.4,92,41,82.3,76,76.7,95,91,95,92,56.5,83.5,94.1,80.8,106,95.3,96.9,64.6,58.7,16,70,32,105,71.4,65.2,52.2,43.7,112,68.5,52.5,96,107,132,87.5,66,61,122,122,125,96,70,123,117,85,118.1,89.3,93.5,82.1,98.2,45,79,68,54,71.7,47.1,32,91.6,75.9,57,69.4,92,77.1,95,91.4,86.9,96.5,36,99,117.6,55,212,158,101.2,115.2,64.5,95,49,103.4,79,85.3,7,9.5,39,69.2,88.3,132,95,109.5,109,94.6,86.7,78,68,58,73,2,84,53,73.5,30,118,71,138,107,110.1,63.5,58.5,60.1,84,137,146.8,69,114.6,62,111,132,183,77,94,61,114,143,111.5,117.6,64.5,63.6,58.7,54.4,81.6,66.2,64.6,58.6,78.7,68,74.5,74.7,65.4,52,70.3,57,70,85,61.6,79.7,61.7,85.1,74.7,102.8,95.1,84.4,89.1,85.4,57.8,107.5,112.1,87.7,69.6,88.8,57.7,87.5,77.8,97.5,22,70.7,94.2,77.5,69.9,48.9,118.1,76.3,82.6,78.5,94.9,93.3,78.3,110.7,86.6,66.9,101.5,132.2,146.1,102.8,140.7,80.8,67.3,65.5,92.2,163,77.1,77.5,82.2,99.9,110,157.4,122,101.2,78,48,100.8,85.2,116,158,106.6,98.6,185,102.6,92.4,185,159,11,0,104,159,58,47,39,57,70,116.7,45,38.4,78.5,69.5,46,47.4,65.8,57.1,65,71.6,74.9,81.9,73.3,100.9,89.3,79.7,83.8,76.5,67.2,62.1,58,52.1,38.2,73.8,67,111.8,94.3,119.1,113.9,59.5,93.4,95.1,80.6,79.8,108.4,76.9,71.8,188,246,114.5,136.5,118,142,130,106,124,93,97,103,77,130,58,30,85.8,102,77,135,95,84,95,80,107,115,105,78,105,108,111,157,63,25,83,6,81,83
2004-03-01,25,4,59.1,83.5,171,73.4,176,164,87.5,85,74,77.2,94,61,99.9,94.5,87.2,94,97.3,181,85.8,139.3,81.9,109,91.5,88,105,92.1,112,109.1,82.2,117,45,97.9,102.9,84.4,148,117,36,76,80,117.1,112.7,95.7,63.3,33,60,78,87,110.7,125,105.5,59,99.5,79,92.7,76,235,100.5,79,83,101.8,109.4,104,47,94.2,248,89.2,107.2,93,62,145.9,22.5,2.5,43.5,158,84.9,71,56,51,89,48,64.2,85,176,16.5,83,79,97,98.1,89,108,98.5,81.5,48.7,53.6,34.5,47.9,32,12,42.5,53.1,50.4,40.4,21.1,13.5,46.2,135,139,108,103,239,110,151,85,72,116.5,201,243,158,136,93.9,96.4,94,81.6,77.7,53,57,133,108,83.4,52.5,59,91.5,75,84.5,58.6,122,76.3,93.6,108.2,79.9,85.8,87,35,83.1,58,93.2,91,105,110.5,52.5,107,26,90.4,87.9,84.4,9,6,26,45.4,76.9,64,180,93.5,58,90,89,134,93,35,122,183,119,112,120.6,70,109.8,129,95,100.3,144,115,123.2,130.2,123,138,114.5,108,109.8,143,96,69.7,173,112,112,165,138,141,147,102.6,48.6,114.3,95.1,78.6,119.8,107.2,100.3,107.1,124.2,120,111.5,97.1,125,139,106.5,119.2,101.6,102.7,104.3,137.3,124.1,108.2,131.3,149.2,103.7,118.4,97.9,125.6,89,147.6,159.7,125.1,102.5,150.9,87.2,131.4,100.3,129.3,78,109.9,114.7,110.8,83.7,47.1,94.6,94.5,116,105.7,128.9,130.4,98.2,117.8,103,106.1,123.5,144.1,142,114.2,128.4,96,93.7,86.7,115.8,64,93.4,96.1,93,90.5,118.2,119.9,65,106.4,59,37,90.3,85.8,108,96,97.6,93.4,85,110,135.6,94,81,75,18,60,21,71,69,58,66,117,118.4,100,133.6,94.2,127.8,65.6,113.2,101.7,75.8,85.4,95.6,118.5,100.9,90.2,111.5,94.4,108.1,96.2,100.3,92.6,128.5,82.5,103.3,75.2,158.2,68.9,118.5,119.8,114.5,102.6,85.9,80.9,92.7,98.3,108.4,102.8,89.5,77.2,171,190,136,252,146,136,209,152,191,139,154,194,214,209,151,46,101.5,83.6,82,94,116,79,97,106,90,70,64,58,128,59,95,82,83,71,40,42,90,68
2004-04-01,26,0,28.9,32.9,93,26,52,53,71,63.1,40,46.2,81.8,4,67.5,68,69.6,73.8,87.8,25,65.4,86.5,83.6,131,71.8,59.7,20,57.4,20,79.1,51.3,79.6,130,82.9,49.7,69.2,69,78,50,28,40,88.2,84.9,86,48.7,93,23,34,212,86.6,33,78.4,30,69,66,79.3,46,21,80.6,117,37,80.1,91.1,75.5,125,58,18,65,41.2,27.7,13,14.5,74.8,44.7,33.1,130,58,87.5,45,67,77.7,50,69.9,43,82,101,0,29,90.1,92.8,64.9,60,89.9,82.7,42.1,55.3,35.7,38.4,48,50,34.5,45.8,41.9,34.3,42,10.5,40.2,116,113,90,60.5,101,85,225,96,72,80,152,81,235,107,83.5,65.6,88,64.8,64.9,64,76,80,80,56.9,28.7,41,75,64.7,57,51,100,58.9,66.2,86.7,63.9,62.6,43.3,59,68.4,167,124,19,103,99.2,41.5,171,213,93.2,92.8,67.6,20.4,3,40.5,44.7,73,164,44,92.6,81,86.4,80.6,48,84,66,86,91,96,106,118.8,141,104.4,79,66,130.8,103.1,56.5,50.2,43.7,64,82,102.9,68,88.8,32,16,79.6,105,88,81,75,60,66,56,86.7,35.8,53.9,45.4,39.7,66,44.8,42.1,50.1,51.8,55.3,53.9,39.9,47.9,65,54.3,52.9,40.5,56.5,73.2,70.3,52.9,42.2,54.5,77.2,58.7,45.2,38.1,64,71,79.1,57.4,56,40.4,74.9,54.9,49.4,36.2,59,62,57.6,60.8,52.8,76.6,70.9,64.4,29.8,38.1,60.9,45.1,69.8,57,65.6,85.1,80.8,44.2,93.8,88.5,60.9,83.5,42.8,57.6,81.7,54.4,47,91.4,52.7,60.7,74.3,87.8,100.6,98,89.8,120,168,93.8,75.9,67,116,84.8,84.3,95,102.9,101.4,87,136,38,90,141,54,47,56,78,41,81,161.4,73,50.3,70.9,65.3,53.5,45,54.1,46.5,61.5,64.5,68.9,67.5,62.9,83.4,73.3,69.4,90,83.5,47.5,54.2,48.5,60.3,40.8,73.1,70.5,72.5,61.2,72.2,66.5,59.4,75.7,93.7,65,97.6,87.2,90.5,64.7,136,73,100,117,96,98,60,26,43,29,22,49,28,35,40,153,79.3,127.1,100,203.5,117,116,173,149,169,208,184,110,137,122,77,122,81,82,67,85,80,124
2004-05-01,4,20,27.4,11.4,4,12,6,2,36.8,22.9,0,32.3,24.4,28,37.8,30.3,39.4,30.5,40.3,39,25.4,32.1,25.4,0,21.9,29.3,5,25.3,7,45.8,22.1,38.8,7,32.3,22.3,32.2,2,0,28,1,7,23.1,29.9,27.9,33.3,10,2,2,11,31.1,2,33.1,6,39,0,24.9,1,2,26.1,0,1,23,29.7,34.4,0,30.5,4,27.1,208.2,182.7,54.5,108.4,19.8,15.1,34.5,48,27.5,35.1,35,41.8,49.2,26,44.2,25,78,26.4,0,7.5,36.7,35.4,33.4,18,42.5,32.4,39.7,42.3,38.9,38.1,24.6,27.6,29.5,42.3,28.3,31.3,23,26.1,21.9,37,32,75,39,15,57.5,38,27,30,20,20,5,39,15,63.6,19.3,46,30.9,38.7,7,28.7,14,19,41.9,2,43,40,50,32,35.2,33.2,32.7,31.4,36.2,24.3,37,27.7,32,30.5,23.9,24.1,23,46.5,54.6,27.3,16,31.3,24.1,28.3,30.4,23.6,4,32,30.8,51,92.5,0,158.1,113,121.9,219.1,213,266,31,28,45.5,304,274,53.7,67,164,243,262,52.5,59,223,34.9,30.1,210,174,171.1,245,162.7,37,85,202.1,402,191,262,32,270,220,213,158.7,40.7,50.1,38.2,39.5,39.4,38.7,39,46.5,53,48.3,48.7,38.4,47.1,9,44.6,47,36.1,67.7,55.6,57.9,51.5,48.9,45.6,74,64.9,48.9,42.1,57.2,33.2,80.5,73,71.3,49.9,69.6,42.3,60.3,56.3,75.9,37,41.5,70.1,65.7,73.9,34,60.8,44.5,66.2,80.2,65.3,83.7,80.8,83.7,120.3,68.1,69.9,138.2,119.8,72.5,124.1,68.1,82.3,77.6,85.8,61,95.6,71.4,93.3,133.8,131.9,188.2,139,126.8,75,71,149.6,160.3,287,216,145.2,148.8,174,146.9,22.3,107,152,8,251,56,351,37,51,17,67,10,132.4,38,0,63.2,52.5,44.2,53.4,38.8,68.4,64.6,60.5,67.1,72.5,73.2,112.6,87.5,71.5,75.5,77.2,50,47.9,49.6,43.2,37,52.9,100.5,134,103.7,138.8,108.8,59.9,128.9,113,81.6,90.2,113.2,107.7,82,87,20,101.5,101,89,89,40,39,30,26,32,28,44,42,28,71,76,170.9,47,81,96,78,83,52,65,88,88,26,33,53,53,36,42,15,29,8,5,67
2004-06-01,0,0,0.2,0,7,13.4,0,2,18.6,8.8,5,11,29.3,0,24.4,13.9,29,9.5,24.7,5,23.6,30.6,18.1,0,11.4,11.9,18,12,7,23.4,17.1,22.9,5,31.6,15.9,18.4,3,0,0,2,2,15.9,30.9,23.8,7.6,2,2,2,8,25.3,2,19,5,20,0,25.6,2,2,23.4,30,2,24.3,27.7,21.4,0,16.1,2,10.9,0.8,0,5,0,3,1.9,25.6,21,24.7,22.5,15,16.5,11.7,20.4,29,16,12,16.2,3,1,19,21,21.9,26.8,29.4,20.7,9,31.9,7,21.1,19.8,12.6,10.4,33,14.7,15.9,1,8.2,14.4,19.9,16.4,19.2,15,31.8,15,8.5,13,5,19.2,13.8,20.5,9,19.4,37.7,10.4,28.1,17.8,16.8,4,15,21.2,13.4,26.1,5,27.1,20.8,53.6,10.4,24.2,20,16.7,20.2,23.5,10.4,33.8,18.5,28,14.6,7.6,17,19.1,32.2,46.7,15.9,16.4,24.3,16.9,24.3,16,19.7,14.7,8,12.9,22.5,0,0,2.8,0,5.3,0,0,0,0,21,32,1,0,0,0,11.6,5,2,0,8.5,0,0,0,0,0,7.6,0,2.1,0,0,0,0,0,0,4,0,0,0,5.5,16.7,8.1,14.8,18.2,16,9.3,4.2,15.2,9.2,15.7,7.2,7.4,8.3,0,6.2,8.3,12.3,11.9,10.2,9.4,8.4,11.7,11.6,12.4,26.1,12.3,12.8,14,11,24,13.7,13.2,14,11.9,7.2,13.2,7.9,8.8,0,13.6,18.7,3.9,8.4,0,36.8,13.4,6.4,4.4,16.2,11,10.9,8.2,72.8,19.3,12,23.6,11.4,11.6,21.4,6.9,5.4,8,10.9,0,5.4,2.6,9.8,11.9,15.1,9.2,0,14.1,0,0,8.2,11.4,0,0,4.7,10.7,0,7.9,0,0,0,0,0,0,0,0,0,8,0,0,0,0,0,13.2,8.3,2.6,4.3,6.5,7,6.7,9.8,4.4,2.6,3,4.5,12.8,5.3,5.1,7.3,10.1,4.3,8.2,4.5,4.7,6.4,14.3,4.8,4.3,11.8,5,9.3,3.5,6.1,8.8,5.6,6.5,10.5,9.3,0,0,0,0,0,0,0,0,0,0,0,4,0,0,0,0,11.8,0,3,0,0,0,0,0,0,0,0,0,6,0,3,2,0,0,0,0,4,3
2004-07-01,0,3,0,0,0,0,51,0,8,7.1,0,8.4,9.8,0,11.8,6.3,10.2,7.3,14.5,0,8,12.1,6.7,0,5.4,7.2,0,5.9,0,22.7,7.2,18.1,1,7.8,10.2,6.5,0,0,1,0,2,11.5,10.9,17.3,19.1,0,0,0,0,13.6,0,13.7,0,14.1,0,15.2,0,0,13,0,0,8,14.1,9.7,0,14.8,0,6.4,39,39,30,14.3,0,0,15.8,16.9,14.5,22.7,9.7,16.8,17,16.4,13.4,16.8,11.6,9.7,10.2,23.1,18.9,18.2,17.7,17.7,16.4,9.1,10.4,24,11.4,10.9,12.4,9.5,8.7,18.2,9.8,10.9,4.4,5.9,8.6,13,17.4,17.3,10.3,24.6,29.1,14,13.2,10.2,9.3,10.2,22,12.7,14.1,28.6,10.3,20.2,18.9,12.5,6.6,9.3,13.8,31.5,42.5,9.5,11.6,16,20.6,3.5,32.1,28.1,16.3,12.1,15,10.8,33,6.2,7.5,10.1,10.1,14.5,13.2,21.6,33.1,9.7,10.8,21.4,9.3,15.1,15.4,14.1,7.3,9.2,8.9,18.4,20.5,35,47.9,46,47.1,36.9,54,45,46,8,12,45,58,40.3,67,60,32,38,41.6,37.6,32,28.4,29,35,39,43.1,50,43,15,45,35,58,32,35,30,45,57,46.5,56,9,25.7,21.6,15,27.4,21.4,10,21.7,18.4,20.9,19.5,17.1,25.4,35,26.9,34.8,12.9,20.1,36.7,32.2,32.1,23.2,26,33.9,15.4,25.4,20.4,39.1,32.5,43.7,39.8,28.9,21.9,37.9,31.9,29.7,19,37.5,54,38.2,33.6,31.8,30.1,43,24.6,22.8,22.1,31.5,28.1,39,30,31,76.3,44.5,31.6,36.6,36,22.2,36.7,23.2,30.8,37.4,29,50,41.8,29.1,29.9,30.6,30.9,43.2,51,43,54,68,53,58,46,66,59.3,50.9,62,66.6,47,69,50,28,37,49,49,56,52,9,46,63,84.9,58,22.8,37.2,32.6,30.6,36.2,20,23,24.2,30,26.4,39.4,39.6,47.6,34.9,34.5,36.5,33.4,28.3,24.1,24.7,21.7,30.1,25.1,52.3,35,38,45.5,52.1,36.9,57.6,46,26.2,36.3,46.4,48.3,37.5,12,18,20,39,19.5,17,41,14,45,25,24,47,16,21,31,80,38,51.6,91,80,76,81,77,64.5,57,70,69,73,112,91,70,35,94,123,90,177,109,79
2004-08-01,0,0,0,0,0,0,0,0,14,9.6,0,4,14,0,13.9,10.6,10.1,8.7,12.6,0,14.3,15.8,8.5,0,6.1,9.3,0,6,0,16.4,12.6,10.9,0,16.2,10.7,9.6,0,0,0,0,0,10.2,11.3,11.1,6.1,0,0,0,0,13.7,0,11.2,0,13.9,0,15.1,0,0,13.7,0,0,8.1,17.1,7.9,0,24.8,0,8.2,3.2,8.6,7,7,0,1.2,20.4,20.4,17.9,18.4,10.3,15.2,4.8,15.7,18.2,2,1.5,10.8,8.6,11.6,15.6,15.4,12.5,20.1,20.9,7.2,8.5,23.7,9.6,14,13.2,11.7,9,18,10.3,10.6,2.9,5.1,9.9,8,15.5,15.5,8,21.5,41.5,2.5,10.3,10.6,11.9,10.9,2,3.5,14.1,28.5,6.6,20.9,12.5,8.5,6.2,9.3,10.5,15.2,23,8.8,10.9,13.1,29.3,8.3,22.4,25.1,15.4,10.9,20.2,10.9,33.9,7.3,9.9,10.3,6.9,12.3,12.5,23,36,12.4,9.6,19.6,8.9,12.1,11.4,18.2,11.4,11.5,12.3,19.2,5.5,0,13.4,2,11.8,8.1,5,0,0,0,2,24,24,23.6,31,20.1,10,11,12,8.6,39,0,0,13,9,15.5,5,13.5,0,0,8,18,8,4,6,17,10,8,22.3,10,7.8,9.4,13.6,10,6.4,4.7,11.1,6.6,9.5,4.2,3.8,6.9,0,5.6,6.8,5.9,8.7,10.2,14,7.3,6.5,7.5,13.6,24.4,8.5,10.2,14.5,8.2,17.7,13.7,10.1,11.5,4.5,6.6,8.4,9.6,12,0,9.1,12.5,4.3,6.7,0,27.2,10.1,7.9,4.8,13.2,13.5,6.8,10.7,47.2,11.7,12.5,20.2,14.3,7.3,20.3,6.6,9,10.3,12.6,1,9.2,5.7,9.7,9.8,11.7,18.7,16,22.3,26,30,15.2,16.8,1,25,18.4,19.3,11,22.6,0,7,12,0,17,24,8,1,0,0,1,0,24.1,0,0,8.9,7.1,10.3,14.6,8.3,9.3,12,10.3,8.7,7.4,9.8,9.9,9.4,9.4,9.6,13.7,12.7,5.9,13.3,8.2,7.1,7.4,20,10.9,8.1,13.6,12.3,11.3,11.6,12.4,15.1,12.4,16.9,22.3,14,9,9,5.5,36,17,12,1,2,3,4,2,4,3,5,0,35,12.4,17.9,21,34,45,48.5,32,21,37,38,26,14,33,56,33,48,36,24,36,30,32,16
2004-09-01,8,0,1.1,4.5,1,0,2,0,21.3,8,22,10.5,31.8,0,30.1,15,36.1,16.7,41.8,13,29.5,40.3,17,50,14.5,14.3,0,14,2,28.3,23,22.9,13,31.8,19.6,20.1,8,0,2,9,37,21.6,36.2,26,9.2,11,12,15,0,33.8,0,28.6,8,23.6,2,31.3,5,0,24.7,1,20,21.7,29,33.4,13,24.2,1,13.6,0,0,9,0,0,8,29.3,24.6,24.9,27.2,20.2,12,22.3,29.4,30.8,13,12.5,17.8,21.4,17.1,25.3,27.9,28.4,25,32,22.7,12.9,29.3,12,26.5,18.5,7,13.4,31.9,15.6,18.1,14.5,13.9,16.8,15,24,26,11,45.2,50.4,20.5,27.8,34,21,21,3,35,24,45.5,15.5,29.6,25.7,20.4,10.8,26.9,8,8,31.8,1.5,27.2,22.6,60.6,5,26.1,25.3,15.7,26.8,27.4,11.7,33.1,22.4,15,28.5,17.3,30,28.2,35.2,52,17.5,33,12,23.3,30.7,14.3,16,14.9,7,15.9,22.5,0,12,4.8,0,5.5,0,0,0,18,8,0,0,0,1,0,12.3,8.5,0,0,12.2,0,6.1,4,0,3,8.1,0,4,0,0,0,0,0,0,12,0,0,0,9.3,22.7,10.6,12.8,16.6,17.3,7.8,4.9,18.8,10.3,17.9,6.8,7.5,8.9,3,10.6,11.8,11.5,10,13.8,7.1,12.2,8.4,12.7,13.8,28.2,10.8,12.1,10,11.7,20.8,13.6,14.4,12,10.8,7.7,15.2,7.8,9.1,2,13.3,16.1,5.5,12.6,7.5,41.5,13.6,5.4,6.9,17.7,11.7,9,8.9,56.1,22.6,10.4,32.7,14.4,9,25.2,7.6,4.4,8,13.2,0,5.2,2.5,7.3,5.9,12.6,11,0,13.4,0,0,7.1,8.2,0,1,3,10.9,1,8.7,9,1,0,1,0,0,0,0,0,12,0,0,0,10,10,9.3,5.2,3.9,6.5,7.7,10.6,4.8,6.2,8.9,2.9,4.6,6.8,6.4,4.2,7.4,11.2,7.4,4.8,8.2,6.2,6.4,5.6,10,5.9,4.6,7,5,10.7,4.6,4.8,9.9,4.5,7.3,10.2,6.9,0,0,0,0.5,0,0,2,0,6,1,1,1,1,0,2,0,11.8,1,6,1,4,0,1,2,2,0,0,8,5,4,8,8,0,6,7,12,7,0
2004-10-01,0,22,4.5,0.7,61,6.3,38,23,16.7,15.9,82,23.7,53.8,97,20.7,20.8,38,18.9,70.7,19,16.4,33.8,17.3,82,19.8,22.2,5,23.1,7,54.9,17.2,57.2,82,30,15.4,19.6,46,38,66.6,10,45,23.1,40.1,32.1,38.6,35,15,48,15,39.2,34,30.4,22,52.5,23,37,18,19,44.6,14,20,18.2,30.7,38.2,0,29.4,18.4,12.6,81.6,57.3,38,74,3.5,0,22.7,36.6,18.4,25.3,14,31.4,20.9,21.9,25.6,0,5,19.1,18.8,21.3,26,31.5,23.2,24,33.3,22.2,21.8,32.3,15.2,22.2,14.9,18.5,14.8,24.2,20.3,22.7,6,9.5,15.4,13,4,5,1,30,53.8,5.5,25.9,15,5,21.3,20.5,8.5,5,53.5,17.6,43.1,25.5,26.5,4,7,26.2,40.2,47.3,8,23.2,28.9,32.4,16,26.5,32.2,28.4,29.6,27.7,24,35.9,15.3,16.8,27.7,14.6,5,52,30.4,47.2,20.4,20.3,21.3,22,20.9,26,17.4,6.2,1.5,16.3,33.7,69,75,106.3,182,95.5,127,120,72.5,87,98,0,107,134,67.5,122,106.5,161,88,70.8,65.5,95,50.9,42.9,122,99,143.6,73,104.7,81,87,87,87,86,117,95,98,75,77.5,95.9,20.1,56.9,41.7,31.2,49.1,43.3,39,44.6,45.2,49.3,43.4,33.7,51.3,20,44.7,58.4,40.8,63.6,58.5,60.2,62.3,45.2,63.1,75,39.3,60.1,43.8,69,58.3,96.2,63.1,88.9,49,77.4,50.2,53,53.5,86.3,61,66.7,72.1,71.5,78.8,52.3,41.3,50.3,60.5,72,69.5,78.9,63.6,70.5,100.6,84.3,67.4,102.7,88,53.2,99.6,56.3,83.3,83.5,66.9,106,95.1,62,82.8,94.8,100.3,130.9,123,92.3,130,138,88.4,94.2,76,104,93.7,83.7,78,105.8,74,117,127,37,84,87,94,57,86,86,133,49,109.7,59,62.1,64.2,50.5,44.7,50.4,27.9,53.1,61.3,63.2,67.3,78.4,75.5,92.8,80,70,76.7,94.8,44.1,55.7,32.9,35,32.4,60.8,74.7,84.1,76.2,85.2,78.2,52.9,82.6,93.5,53.8,98.4,95.1,95.2,75,82,83,71,80,52,77,104,58,88,42,48,53,37,46,33,117,83.5,113.9,94,108,124,112,101,126,113,95,118,75,148,129,126,105,144,143,96,142,109,138
2004-11-01,36.5,13,43.2,5.5,66,77,117,115,84.8,110.7,134,76.5,97.6,20,100.6,78.6,90,102.3,101.5,120,86.7,139.4,103.5,93,112,83.6,38,98.9,82,92.8,102.4,111.2,56,95.7,93.2,89.1,78,44,69.2,84,81,121,119,109.7,73.4,78,86,71,128,122.6,240,123.5,157,97.1,122,89.7,63,75,98.7,91,109,110.4,105.1,108.2,118,83.6,58,98.7,72.6,51,82,62.2,0,57,71,112.6,77.7,110.2,128,78,93.7,95.7,82.6,74,119,85,36,90.9,105.4,122.6,100.3,116,96.3,92.6,68,74.5,46,86,96.5,52,52.9,60.6,66.7,50.6,76.3,20,59.8,129,174,174,100,148,100,127.1,142,148,154,169,47,132.7,185,120,109,123.4,91,108.8,74,146,107,82,89.8,130,95,110.7,76.4,94.5,79.2,92.9,75.3,91.9,119.9,90.1,111.8,96,62,90.9,60.9,126.5,140,121.6,113,65.5,85,135,104.4,85.5,102,21.6,4,157,67.6,98.9,162,106,86.4,123,82.1,66.4,134,162,101,118,30,108,76,112.4,91,102.6,104,64,125.5,63.3,55,98.9,139.5,80,105,101.2,82,88.3,34,91,40.1,169,112,64,193,134,189,121,102.8,56,103.8,100.1,65.6,117.1,100.9,87.8,100.8,107.8,93,104.8,88.1,106.4,140,96.6,113.4,68.4,82.5,94.5,112.9,104.5,78.1,93,124.8,89.9,85.3,80.1,135.8,112,111.3,107.5,85.5,87.9,137.6,109.2,82.7,77.2,100.5,155,109.6,105.4,98.2,86.3,104.1,96.8,56.8,71.9,83.3,90,108.8,75.1,81.7,74.2,120.2,74,128,112.5,103.1,115,67.6,82.9,111.6,84.4,78,98.5,73.8,89.5,84.2,84.2,116.7,68,94.6,70,108,93.4,79.2,102,77,101,107.5,71,113.6,130,87,110,86,52,43,108,107,110,146,84,121,75.6,229,206.9,95,124.5,77,87.1,93.7,61,87.2,91.6,110.1,86.2,89.7,84.9,88.4,104.3,113.3,117.5,77.9,135.7,81.3,100.7,59.9,158.9,66.5,96.6,80.5,81.3,78.6,88.2,74.5,91.9,78.5,118.5,97.3,99.9,76.3,100,40,161,124,135,99,142,127,124,97,86,100,82,100,70,82,102.6,69,168,130,165,227.5,125,164,146,138,155,153,151,235,150,119,91.5,141,116,122,110,120
2004-12-01,19,19,76.9,115.2,140,48.2,55,66,97.2,94.7,79,67.8,95.2,56.2,101.8,85.2,82.3,96.5,97.7,72,63.2,128.8,89.5,172,81.5,87.4,59,90.9,123,84.8,98.1,99.2,73,80.4,91.1,78.5,71,75,88.9,36,67,109.2,112.1,89.9,70.9,68,54,85,100,101.8,56,91.6,26,87.3,154,93.4,43,47,89.5,115,66,99.6,80.6,76,16,77.4,69,97.2,59.2,45.3,92,156,0,79,64.3,102.2,77.3,95.9,192,84.5,94.1,95.8,82.7,183,45,81,70,91.4,98.3,110.5,83.6,80,93.1,87.1,54,71,13,76,79.5,73,65.4,63,55.2,52.8,58.8,42,63.7,47,117,142,55,137.6,135,107.7,95,188,96,109.5,123,129.4,79,89,110.3,89.3,76.9,93.2,84,99.5,109,74.7,91.8,92,104,105.4,78.9,85,84.3,70.9,71.5,91.1,115.2,87.2,114,101,33,101,58.3,119.7,88,124,110.8,61.3,96.4,40,111.7,81.8,79.8,33.4,10.1,45,58.6,103.7,183.5,86,147.8,199,155.2,122.6,135,143,199.5,82,81.5,168,102,149,126,156.5,193,218,133.6,191.1,144,193.1,225.7,206,133,176.2,150,140.7,269,174,106.9,136,148,124,166,137,169,140,163.7,61.5,102.7,104.2,74.1,106.3,118.3,90.9,107.8,131.4,109.3,123.3,107.8,110.2,98,111.4,115.1,98.3,124.7,104,157.7,140.7,110.5,122,187,87.2,113.5,105.7,161.9,121.8,169.5,174.7,142.6,142.4,198.3,126.7,139.9,119,171.2,161,155.2,169.8,146.8,113.8,136.6,78.3,114.2,128.4,146.9,132.5,173.9,136.7,163.2,95.5,152,147.8,196.7,183.7,146.8,190.2,106.9,128.8,151.5,138.7,190,155,134.3,147.5,132,159.1,177.6,58,143.4,173,164,125.9,126.5,126,151,145.9,132.2,176,172.7,44,153,116,108,66,227,55,66,77,132,189,39,211.7,151,59.3,140.4,125.1,86.9,135.6,122.6,98.2,96.9,151.4,130.6,148.7,135.7,156.8,134.7,155.9,128.2,141.6,124.5,162.9,124,142.6,97.8,198.4,100.3,154.5,162.4,153.7,147.6,105.1,116.2,137.1,147.8,133.4,172.9,119.6,129.1,157,152,162.5,301,288,224,233,176,209,110,173,202,163,259,71,121,142.7,181.6,257,162,216,218,188,195,163,138,171,249,233,253,217,172,206,198,122,141,138,160
2005-01-01,42,32,72.6,219.2,76,33.8,86,16,84,83.6,102,70.6,85.4,57.2,88.9,77.4,63.9,72.5,94.8,20,57.5,110.1,97.6,109,86.1,80.5,41,74.3,52,87.8,90.2,80.1,149,80.9,80,93.9,41,34,102.5,8,44,96.2,94.8,71.3,79.8,42,3,31,51,93.2,42,95.6,42,75.5,148,81.2,7,10,73.6,112,21,87.3,84.7,83.3,82.9,70.6,5,78,144.4,133.2,101,173.2,37.7,27.7,80.4,88.7,82.8,104.4,116,42,84,95.8,84.6,113,33,25,98,93,90.1,110.7,82,105,85.5,96.6,47.8,74.8,18,74.5,0,32,77.6,64.7,54.3,56.8,38.9,34,69.7,99,100,55,181,106.2,45,215,124,98,50,43,139.2,222,155,115.9,103.8,90.6,69.8,103.7,33,34,86,72.5,90.9,32,30,105.6,32,57.5,66.4,50,75.7,97.5,108.4,80.2,101.2,83,76.2,134,86.4,172,119,132.8,164.5,69,102.9,50,128.5,81.2,96.2,35.2,11,35,59.6,104.2,157,207,187.1,131,168.1,258.7,230,204,340,128,230,213,136,109.9,142,175.5,422,212,115.5,67.3,323.8,158.7,146.7,293,176,220.7,317,172.6,159,169,158.4,195,156.3,342,107,340,158,212,170.1,73.1,111.8,111.3,79.1,108.1,131.2,97.5,105.9,140.5,127.5,126,119.3,134.7,107,118,115.6,116.2,135.1,135.2,176.1,146.9,109.5,140.4,204,87.3,131.7,136.7,169.2,154.3,198.6,186.6,157.8,160.5,222.3,131.8,160.8,131.9,197.4,161.2,166.7,198.5,167.8,135,127.9,99.2,122.5,148.1,169.9,152.2,185.4,167.4,183.1,106.8,162.3,155.2,207.1,198,160,230.2,115.5,150.6,170.8,146.5,137,159.7,138.6,161.2,168.8,171.5,192.1,123,182.9,200,167.4,169.7,158.3,156,242,156.1,162.5,75,181.9,166.8,197,163,70,134,203.1,190,134,153,118,243,68,162.3,125,143,149.4,130.3,95.6,132.4,125.3,117.2,115.8,164.6,135.2,159.9,154.9,172.9,144.6,164.3,137.2,158,151.6,176.9,146.3,166.2,108.9,193.8,120.3,195.9,167,165.1,171.3,113.9,131,160.7,158.1,135.5,193.6,133,150.3,224,218,223,196,222,166,154,151,192,137,172,166,161,209,85,177,166.2,143.7,110,122,115,91,139,170,83,147,182,64,74,73,73,72,46,73,103,40,148,166
2005-02-01,75.5,97,103.4,15.3,39,132.3,105,74,82.2,60,0,47.4,67.9,50.1,72.2,74,65.7,58.5,70.6,57,64.5,71.2,81.5,85,52.4,75.9,131,56.5,45,71.6,62.5,73.7,140,56.6,62.5,54.4,71,57,79.8,50,42,55.8,55.5,58.6,54.2,58,30,85,138,70.9,50,80.4,31,72,62.4,58.5,85,44,66.6,136,66,46.7,65.2,70.5,43.8,51.7,36,69.6,39.8,13.6,186,27.6,36.2,24.5,53.8,66.7,70.4,67.1,47,49.3,20,63.5,65,45,51.5,38,69,82,69.1,73.2,49,24,65.8,71.3,45.4,47.8,37.9,50,0,2,53.1,60.4,45.7,37.4,35.8,35.1,44.2,137,63,10,91,59.9,70,73,31,37,50,62,107.1,79,5,18,53.5,78.6,50.2,61,30,30,44,53.5,58.3,84,51.7,76.1,62,71,49.2,60,55.2,61.1,81.1,63.4,75.5,23,48.1,100.1,43.5,77,102,74.5,76.1,52.7,60,105,78.6,68.9,69.6,28.9,10,114,50.2,53.3,125,66,79.6,157,107.1,81.3,87,45,115,40.5,87,48,65,128.7,129,102.6,105,65.5,136.4,76,124,81.8,80,92,52,120.4,41,84.5,57,228,73.1,35,81.2,33,177,60,58,24.5,83.4,59.8,79.4,71.5,66.5,94.6,90.8,83.4,81.5,88.9,89.2,100,91.7,97.8,124,83.7,90.5,66.7,99.5,84.7,108.3,87.5,82.9,84.1,116.6,94.1,88,78.5,111.9,93.1,121.4,113.6,92.9,90.1,101.8,87.5,87.2,63.2,99.1,74,104.2,100.8,102.5,87.6,122.1,97.7,77.7,86.3,96.1,98.9,108.7,78.6,98.2,94.2,100.1,92.9,120.3,115.1,98.5,119.3,82.3,86.5,101.1,92.4,93,115.1,86.3,84.3,87.8,101,108.8,124,96.7,122,211,79.4,67.6,64.5,114,75.6,68,105,79.5,118.3,76,101,100,79.5,154,79.2,111,137,64,114,90,223.7,66,150,92.2,89.3,67.8,70.2,82.2,65.7,77.3,82.2,98.9,94.1,96.2,99.5,101.1,98,92.4,111.4,81.1,94.1,78.1,92.5,65.1,105.4,68.9,102,95.8,92.2,86.4,78,68.5,87.4,72.4,117.7,98.4,103.8,64.3,181,160,124.5,136,117,120,97,87,104,104,82,74,98,119,83,103,107.3,113.9,56,94,98,71,101,56,125,85,81,45.5,106,75,71,107,41,96,48,30,23,128.5
2005-03-01,57,0,60.5,26,351,120,151,104,95.6,96.2,350,100,169.3,86.3,144.1,106.4,111.5,96.3,187.9,126,101.7,140.6,106.3,356,125.7,116.2,66,130.8,63,154,132.8,140.2,337,120.9,126.1,110,176,113,87.9,15,258,137.1,144.3,143.6,98.9,27,16,377,71,117.2,51,104.2,118,166.9,99.9,147.6,14,63,148.4,147,45,126,117.3,114.9,109.3,120.8,69,116,98.6,96.9,168,199,98.8,79.4,92.7,151.7,92,159.7,193,162.5,160,134.4,47,155,199,56,185,44,150,160.6,158,172,148.3,134.5,88.4,76.5,40.8,132,25,98,76.8,70.2,88.4,70.2,105.3,76,81.1,156,185,306,181,121,105,248,179,181,140,180,148.8,269.5,240,71,122.6,156,114.2,127.9,65,63,124,82,96.3,86,91,117,80,75.5,118.5,30,117.3,120.8,160.4,132.1,130.1,176,80.5,137,83.4,173.8,121,190.2,191.8,96.3,126.8,85,125.8,114.6,124.5,40.6,11.2,80,84.1,124.1,183.5,204,94,98,104,113,94,78,144,342,241,76,53,168,60,94,122,84,150.1,52.9,106.5,133.6,137.4,133,80,108.4,100,88.3,66,72,98,108,128.6,116,211,102,56,59,86.4,53.4,153.2,136.1,86.9,159.2,164.9,102.6,160.6,161.7,141.6,145.3,117.4,151.7,174,147.4,158.6,100.1,134.2,174.7,147,158.9,111.4,153.2,169.3,92.1,129.1,114.6,191.2,209.9,174.6,151.2,132.9,117.8,170.7,148.6,135.2,108.2,133.9,179,152.5,143.6,129.7,105.5,211,93.2,93.5,93.2,113.9,110.1,141.6,111.2,132.1,76.3,177.5,101.3,123.1,139.3,135.8,140.1,84,111,146.7,108.5,163,127.8,107,114.8,104.2,106.4,120.8,87,108.8,91,75,87.3,73.6,64,110,84.5,78.5,64,94,166,86,111,187,81,138,96,305,148,268,127,114,79,187,188,158,144.2,113.5,143.4,117.8,99.8,119.5,164.4,150.7,137.2,130.7,118.8,137.5,139.9,167.9,157.5,131.3,156.7,182.6,138.4,94.4,194.1,88.7,114.7,116.4,107.1,105.8,86.5,88.2,113.1,127.7,134.6,122.8,134.3,97.1,176,175,162.5,229,185,157,111,147,127,131,114,86,112,143,77,60,150.2,94.2,121,113,101,56,85,161,92,127,170,153,89,127,126,104,116,124,73,131,107,122
2005-04-01,76.3,19,29.6,24,94,40,37,36,55.6,49.4,72,52.6,75,39.7,76.5,62.7,59.8,62.7,86,39,50.5,68.5,52,87,46.5,52.5,46,57.4,32,78.1,53.7,67.4,77,51.7,59.2,50,30,53,45.5,14,68,63.3,66,60.8,39.7,20,14,36,69,65.6,62,67.3,53,69.8,22,71.7,32,18,78.8,1,23,50.8,62.8,76.4,30.8,54.6,0,56.4,64,21.7,38,12.3,53.1,39.4,35.9,69.5,49.2,72,65,70.3,75,50.2,60,62,80.5,42,71,27,68.7,76.7,57.2,66,81.4,76.3,47.3,39.6,33.8,44,99,77,38.5,48.7,49.6,31.2,52.5,34,29.9,38,28,123,68.5,75,90,97,72,74,28,42,73.7,107,47,74.9,42.5,67.7,56.4,56.1,13,38,20,48.6,39.9,42,36.9,62,58.5,53,44.7,19,41.5,63.3,74.8,43.5,47.4,77,38.3,50.6,35.6,46,91,74.9,94.7,36.2,63.5,55,69.6,68.2,49.1,15.2,7,80,40.7,56.4,28.5,10,39.2,45,52.7,18,6,31,38,114.5,136,55,37,30.5,34,39.5,34,32,29,28.6,60,29.9,40.8,28,35,54.1,20,47.1,27,20,22,40,26.2,23,115,11,2,0,28.6,41.1,51.1,43.9,32.6,52.7,44.3,36.5,51.9,48.7,55.4,43.9,34.8,54.4,78,55.2,48.9,35.3,33.3,57.1,43,42.2,30.8,33.8,57.9,40.6,37.6,39.1,47.4,61,53.4,35.7,54.1,33.7,52.9,51.8,30,23.9,39,40,36.8,38.6,43,38.8,31,82.8,24.6,31.8,41.3,34,40.6,41.5,42.1,58.6,57.2,31.8,81.7,56.2,40,54.7,34.3,43.6,58.2,34.7,71,51.5,39.4,38.8,39.1,38.6,54.7,82,48.3,59,55,32.3,30.9,50,34,26.9,25.2,27,17.5,25,29,38,71,8,80,93,70,96,83,32,28,54,58,80.6,68,46.9,29,34,38.6,32.4,32,48.7,58,48.5,41.7,57.1,65.8,39.6,69.6,54.4,46.8,36.5,30.2,42.7,29.3,42.1,40.5,44.4,62.2,38.7,54.2,38.1,35,39.9,46.4,47.9,60.7,37.1,28.2,33,36,33,47,25,13,35,48,47,28,26,30,32,30,22,46,47.4,35,16,5,0,8,7,13,15,5,12,0,7,17,14,16,0,2,0,0,1,11
2005-05-01,5.5,4,0.3,0,2,2.3,2,5,16.2,5.8,0,6.6,29.5,3.6,19.4,10.3,29.5,7.8,20.7,0,25.8,28.4,16.6,13,9.9,9.3,1,7.6,0,21.1,12.1,20.5,25,27.8,9.3,10.1,3,0,12.2,1,2,16.8,33.2,18.9,7.8,3,2,1,44,30.2,2,20.8,1,18.4,3,29.4,1,1,27.4,0,13,22.2,24.4,17.2,1.2,13.8,3,9.2,16.8,15,16,1.6,6.1,3.6,24.1,19.8,20,20.1,15.1,14.2,5,18.2,22.5,13,4.5,12.8,12,12,16.1,16.8,16.7,24.4,21.1,13.1,8.9,20.9,6.7,15.4,15.5,2,8.2,27.2,13.6,11.9,16,3,12.9,13,30,12,3.5,41,46,12.8,12,13,13,13.3,21,15.5,12,33.1,9.7,22.7,12.4,11.6,2,11.3,16,15.1,23.6,6.2,21.2,16.1,18,7.9,22.1,19.9,12.7,15.6,19.3,11.9,31.8,15,13.8,15,6.4,32,13,24.8,41.3,12.4,13.4,22.7,14.7,18,14.4,17.8,11.6,12,11.9,21.6,11,32,5.1,4,8.6,3.4,0,0,3,8,20,10,6,9,11,13.7,14,7.5,10.4,3.6,10,1.7,0.2,11,18,7.7,15,4.1,0,7,7.5,8,10,0,6,2,0,0,8.3,16.1,6.9,12,17.7,13.4,6.9,3.6,13.2,5.5,13.3,4.2,5.5,7.8,0,4.8,6.8,8.5,6.6,7.9,6.2,7.3,9.3,12.6,12,24.2,8.3,11.4,9.8,9.1,15,9.8,10.4,11.3,7.5,4.2,11.2,7.4,10,0,9.2,14,4.6,5.5,8,33.7,11.6,4.4,7.5,10.9,11.3,5.5,6.2,59.4,19,6.5,22.9,9.9,8.1,17.7,5.5,5,6.7,8.4,6,5,3.5,6.5,7.1,7.1,14.3,3,18.8,1,16,10.6,8.1,4.6,1,6.1,11.5,1,10.1,7,1,8,0,2.7,8,7.7,9,9,0,3,0,6,0,3,10.7,4.5,6.1,6.7,4.3,6.3,9,6.3,8.2,4,5,7.6,5.8,4.5,6.5,9.4,8,5.9,8.3,6.3,5.9,6.5,7.7,6.2,7.4,10.6,11.8,8.9,6,6.2,8.5,6.7,9.2,11.8,9.8,11.5,14,9.5,17,15,13,4,7,7,6,4,6,1,5,2,3,11.1,2,4,15.5,16,9,8,0,10,5,0,0,18,35,42,31,19,15,30,28,17,0
2005-06-01,0,0,1.2,0,40,16.6,0,17,22.8,13.2,27,14.2,37.2,10.3,29.1,18,36.7,20.2,46,4,30.2,45.8,19.5,14,17.2,13.2,7,15,13,31.7,17.7,31.7,25,32.4,14.9,13.6,31,14,17.1,5,38,23.9,36.3,27.4,7.5,9,9,25,11,32.1,18,32.2,6,27.2,9,33.9,7,3,31.6,0,9,23.1,33,30,8.5,18.8,5,12.3,7,13.6,1,4,10.5,5.9,22.8,30.5,20.7,20.5,28,20.9,38,21.1,24.6,18,54,19.4,31,6,24.1,27.3,24.6,34.4,35.9,22.8,9.5,20.4,6,20.7,16.6,8,8.8,26.5,14.2,12.6,1.1,8,12,25,5,103,5.5,48,51.1,26.7,33,35,26,18.8,23.1,27.3,22.8,27,13.7,28.1,24,16.6,5,16.8,19.1,20.4,23.7,1.5,26.2,18.8,50.8,5,19,23.8,16,22.8,28.2,12.2,32.5,20.4,14.2,20.5,11.5,15.6,18,36.1,55.2,14.8,7,22,7,26.1,15.9,12.4,11.1,13.5,11.5,26.9,12,5,4,2,7.3,3.2,5,0,0,34,14.5,2,0,17.3,18,12,10,8,13.3,9.1,1.4,1.2,0.4,0,5,9.9,0,3.2,13,7,5,5,10.4,0,28,7,0,4.5,6.8,18.6,11.5,15.1,17.8,13.4,7.2,9.3,16.2,8.6,16.2,6.8,7.4,9.9,0,10.6,9,8.2,6.4,12.2,11.6,8.7,6.8,10.1,14,23.3,9.9,11,14,13.7,17,12.9,16.5,12.2,10.4,8.8,11,6.3,7.8,4.5,11.8,11.7,3.8,8.8,0.6,32.8,14.8,7.3,6.2,11.8,13,7.6,9.7,58,26,7.3,25.7,11.5,8.2,16.9,7.5,5.2,10.9,7.4,3,7.6,3.5,9.7,8.1,8.8,11.8,1,14.1,11,4,8.6,10.7,2.6,2,3.6,13.8,3,9.9,0,3,6,0,2.4,17,9.2,2,2,15,3,0,5,0,3,5.8,5.3,4.4,6.2,8.8,7.5,5.1,5.5,7.7,3.1,3.5,5.7,6.6,4.5,7.8,11.2,9,6.5,9.6,9.2,7.6,5,9.7,5.2,3.5,11.3,5.6,8.6,5.2,5.8,8.1,7.1,8.7,11.3,7.4,23,21,9.5,19,10,11,8,4,4,6,9,9,4,5,2,17,12.3,2,11,16,11,24,17,13,15,18,0,6,10,15,12,9,18,30,18,8,18,16
2005-07-01,0,0,0,0,17,0.7,5,7,5.3,5.4,23,3.8,18.1,3.6,14.8,5.3,13.1,7,17.2,1,9.9,19.7,7.4,14,6.7,8.7,0,6,0,18.6,8,19.1,18,12.6,9.3,7.3,10,0,12.7,9,56,9.4,10,13.7,9,1,35,24,1,14.5,8,11.3,1,20,2,16.4,12,18,17.3,0,7,7.7,13.6,16.4,3.4,16.4,1,7.3,10.8,10.5,20.5,6,3.4,3,17.5,18.5,16,19.3,16.5,12.7,10.5,13.9,18.5,8,9,11.1,3,20,13.4,14.1,14.3,15.9,13.3,10.6,9.7,15.4,17.3,9.2,12,10.7,9.3,19.1,10.2,8.3,4,5,12.8,8,13.3,18.5,6.5,10,36.3,13.6,2,2,8,11.8,23.7,13.8,14.6,31.9,6.3,22.3,10.3,10.7,11,8.3,9.5,14.6,18.8,6.6,10.2,10,17.4,7.4,22.2,16.5,12.1,9.5,14.4,10.9,34.1,10.5,9.6,10.5,5.9,14.2,4,17.9,22.3,10.2,5,16.5,5,11.6,9.2,16,2,1,7.6,15.4,26.5,21,11.9,9,17.1,8.6,8,5,13,22,0,11,4,19.9,19,18.5,0,0,18.9,13.5,11,22.7,19.7,9,12,19.6,12,10.8,27,4,7.4,17,14.9,3,37,12,0,0,14.3,7.2,16.2,19.9,18.1,12.7,11.3,9.6,16.7,13.4,22.9,12.3,8.1,17.6,13,17.6,18.9,10.3,10.2,23.6,17.2,17.3,13.9,15.8,22.3,12.8,13.2,13,19.9,17,20,23.9,11.3,13.4,24,16.1,17.1,9.6,17.9,15.6,19.3,18.9,16.6,14.9,11.4,24.6,8.9,9.2,21.2,16.4,23.5,11.6,16.6,40.5,13.4,17.2,12.4,22,11,20.4,10,15.2,18.2,12.7,22,10.8,8.9,16.3,14.9,13.5,19.9,13,19.2,14,21,14,11.8,6.4,14.9,8.5,13.3,10.1,13.6,27,14.7,19,15,11.2,23,8.4,11,21,3,8,27,19,32,8,16.6,16.4,13.5,13.2,12.9,17.1,14.5,16.8,16.1,9.2,14,14.6,13.8,10.7,24.3,25.4,15.2,10.6,16.3,15.8,12.3,14.3,15.1,11.7,10.2,13.8,11.9,12.2,13.9,14.6,13.9,15.7,25.1,24.8,16.9,22,18,22,24,37,27,12,24,20,20,19,13,12,24,23,13,16.1,15.7,20,3,10,9,19,56,18,8,1.5,9,20,16,25,12,13,14,14,16,9,11
2005-08-01,8,16,0.2,0,3,0,45,8,8.2,5.4,9,7.2,13.4,5.4,16.8,6.4,15.5,7,16.5,0,11,13,10.6,4,6.8,6.4,0,5.9,0,18.8,10.3,25,9,15.2,7,6,7,14.8,15.6,76,14,11.5,13.1,15.2,9.7,1,4,30,1,13.7,6,16,0,20.6,1,16.7,11,0,16.2,0,4,8.5,13.4,15.5,1.8,20.5,0,8.4,27.4,33.9,19.9,12,0.8,0,17.7,20.2,13.8,20.8,10.2,13.3,12.3,17.8,18,67,3,10,11.4,18.1,13.1,15.2,10.8,20.7,16.6,9.9,10.8,17.5,3,11.2,15.4,8.6,8.8,15.3,12.9,7.5,1,5,8.3,11.6,14.3,14.5,1.2,20.2,11,14.5,10.8,10.8,2,13.6,21.5,11.5,15.4,30.5,8,19.2,13.1,12.1,7.6,10.7,7,24.5,26.3,8.7,12.4,9.6,15.8,10,26.7,23.6,14.3,16.4,16.2,8.6,36.7,8.3,9.2,11.7,5.5,28,13,16.2,29.8,11.8,9.6,20.4,7,14.7,10.5,14.1,8.6,10.7,10,22.4,8.5,0,15.9,12,18,14,20,26.5,38,40,20,29,16,17.8,24,25.3,17,15,25,8.5,9,7.7,8.5,10,5,18.4,12,14.4,0,6,10,11,45.7,10,41,16,25,30,31.5,14.3,14.7,13.1,13,13.3,8.9,11.8,13,10.3,12.4,9.3,6.1,12.2,16,12.5,16.9,7.2,7.4,22.2,12.6,12.6,11.8,9.6,14,15,11.8,13.7,19,24.4,18.7,20.2,11.8,13.1,14.6,20.1,10.8,11,15.2,25,19.3,13.8,13.4,15.1,25,36.1,8.6,9.2,13.1,11.8,14.3,11.5,10.6,46.5,20.1,12.1,17.9,14.8,12.6,19.1,7.9,11.3,19.8,15.2,7,13.8,7.4,15.2,13.2,11.2,22,5,21.4,36,52,21.1,16.4,22,21,18.1,26.7,37,31.1,25,45,14,15,10,22,10,25,15,47,12,12,9,35,28.5,14.7,12.9,15,22.1,14.7,16.4,12.3,13.5,14.6,10.6,15.2,17.4,16,13.1,22.4,18,18.7,8.9,18.5,14.6,13.3,9.2,23.4,14.2,11.5,16.7,14.2,13.1,22.7,19.8,20,19,22.7,31.8,19.6,12,19,12.5,26,7,7,6,16,3,9,7,6,1,12,1,46,17.8,17,57,38,64,96,58,48,66,47,29,92,55,50,51,41,28,25,20,25,28,55
2005-09-01,0.8,0,1.8,0,1,12,0,4,16.9,8.9,0,11.8,14.4,9.3,16.6,16.7,8.7,15.6,14.5,9,7.5,20.8,12.4,0,8.1,11.9,8,6.6,10,16.4,12.2,13.2,5,17.3,12.9,9.8,0,11.8,26.3,4,9,12.4,15,14.6,11.6,5,0,30,5,19.4,0,10.4,0,14.7,0,15.2,0,0,12.8,0,18,9.4,15.5,13.8,14,19.6,0,11.6,10.6,11,12,19.1,4.5,5,23.2,23.4,19.1,16.9,15.3,19.7,6,23.4,25.2,17.4,30.5,16.4,4,20.4,13.8,22,18.4,23.2,23,14.9,12.3,29.4,2,20.2,17.7,12,17.6,34.3,14.2,20.2,2.5,7,10.2,10,9,20.3,25,25,21,8.5,10,7,6,15.3,30.3,6,9,35.9,9,27,21.5,18.6,11,12,7,26.7,31.1,6,19.8,19.2,56,3,74,3,20,18.7,22.6,12.8,32.3,17.6,16.5,20,18,17,11,26.8,41.8,16.7,5,18,5,18.6,14.4,14.6,13.3,2.5,15.3,24.4,12,26,21.1,32,22.2,18.1,23,21,40,7,0,26,45,43,54,27.8,30,14,38.5,2,15,12,11.2,23,20,27.7,25,19.8,19,5,16.5,15,40.2,16,15,23,15,14,27.4,14.2,15.3,10.6,17.1,14.7,10.6,7.6,12.9,11.9,19.9,12.5,13.6,15.6,1,12.9,13.9,11.8,10,20.5,14,13.7,12.4,15.8,23.8,22.4,14.7,18.5,16.1,13.1,25.9,21.5,17.7,12.6,21.1,14.5,17.7,13.5,20.6,9,16.1,18.8,21.8,17.7,12,35.8,17.8,14.7,14.7,19.1,20.9,17.9,16.6,58.5,16.7,24,26,22.7,19,27.8,19,22.2,18.9,20.5,26,16.8,10.5,18.4,19.4,18.9,31.5,32,25.4,55,69,28.2,28.8,22.3,30,30.5,28.3,32,32,15,27,30,0,17.5,68,19,20,26,8,46,4,51.4,4,6,16.2,18.1,23.2,23.6,17.8,19.2,13.7,17.4,19.2,14.4,21.3,18.5,20.1,15.2,20.2,25.7,17.7,11.2,16.5,14,18,14.6,24.1,15.7,14.3,20.1,15.6,18.7,21.4,19,23.1,27.6,32.2,37,19.3,12,13,6,20,21,16,33,30,26,22,10,18,20,18,5,48,22.8,55.4,43,0,42,24,30,44,30,35,29,27,48,36,45,38,37,52,32,59,62,31
2005-10-01,8.9,17,5.9,7.5,11,31.3,70,27,32.7,36,18,33.4,31,31.1,43.2,30,35.8,33.9,43.1,30,39.1,49.2,29.9,13,42.5,31.7,32,35.2,22,53.2,31.3,44.8,27,40.8,36.2,40.2,8,32.3,57.9,9,22,45.9,42.1,34.8,38.2,28,15,8,22,39.5,12,43.7,43,39.1,16,32.8,18,29,32.7,31.2,3,38.1,39.5,44.5,21,40,18,34.5,22.2,25.5,49,76,22.2,13.4,17,140,21.8,45.4,52,45.5,75,36.5,35.2,45.2,74,39.1,66,12,68,42.4,45,45.9,51.5,52.7,25.5,39.7,15.3,24.7,4,3,22.7,28.9,28.1,18.9,26,14,16.1,61,22,107,23,51,45,71.5,45,59,65,35,49,58,33,77,32.1,54.7,40.4,38.3,46,39.5,36,10,45.3,18,4,42.3,41.8,19,34,44,32.3,36,41.9,27.5,29.8,21.2,21.4,27.8,11,20,8,45.6,53.9,19.8,34,27,34,39.3,35.1,15.6,5.8,8.5,21.4,44.6,62,87,71.7,46,79.9,59.8,52,80,62,73,101.5,83,115,60,120,86.9,77,86,59.7,19,74.9,72,72.5,90,77,85.5,91,84.9,29,36,66,59,53.4,74,100,52,19,13,52.6,20.2,50.1,36.1,32.8,44.6,39.9,28.3,41.7,37.3,37.6,36.1,24.7,40.6,35.5,35.8,43.4,33,48.6,50.8,48.7,55.6,42.6,49.5,64.8,35.8,58.3,33.2,63.5,58.7,76.4,53.1,60.7,44.2,63.6,52.6,40.5,33.4,67.2,51.4,56.9,56.5,61.7,53.1,61.7,55.1,37.8,39,51.7,43.8,63.5,55.5,52.6,92.2,80.4,48,83.1,79.9,43.7,69,46.2,52.4,64.6,56.4,68,70.4,55.2,50.7,58.5,53,86.9,80,63.1,93,127,69.3,63.8,62,102,65.2,54.6,45,51.7,51.6,24,65,21.9,51.5,107,66.2,60,63,56.2,41,40.7,83.6,132,62.2,59.7,42.5,29.1,41.9,33.6,33.8,50.3,55.6,68.5,57,61.5,68.5,71.9,64.5,53.8,62.2,44.2,42.7,30.9,32.6,35.5,46.5,62.7,57.5,55.3,63.1,69.8,52.9,53,72.3,40.9,67.3,79.5,58.9,53.4,74,77,48.5,70,60,53,45,33,30,45,43,63,41,35,45,109,61.4,72.6,56,0,53,79,35,38,50,79,40,28,62,58,36,47,86.5,67,37,63,41,24
2005-11-01,38.1,22,17.4,52,150,47.2,37,139,44.4,33.4,61,37.1,74.6,38.1,45.1,47,67.2,39.4,93.5,22,51.4,76,36.8,127,40.7,52.3,150,39.7,56,79.3,33.7,89.8,144,45.3,40.7,35.6,119,71.9,80.8,20,80,48.6,58.1,57.8,49.9,43,13,68,103,74.8,110,77.8,8,92,72,60.8,53,55,86.5,63,130,42.4,53.3,75.1,33,48.7,52,34,106.1,99,99,39.9,0.4,28,31.8,53,39.6,47.7,9,12,31,36.5,39.2,48.8,14.5,41,8,12,31.4,41.9,43.1,49.8,52.6,46.4,29.2,41,3,30.1,19.4,4,113,39.9,31.3,26.3,12,20.6,28.8,36,88,41,10,44.5,25,62,41,35,30,99,88,52,45,57,30.8,61.4,45.7,45.3,36.1,39.3,6,43,52.9,10,38.4,47.8,45,11.5,37.1,33.8,38.7,45.3,56.9,45.2,47.1,30.9,25.9,85,13,31,40.8,58.5,72.1,27.8,40,50,40,45.3,37.5,16,7.6,28.2,30.3,54.4,131.5,183,108.3,115,112.7,106.4,75,88,129,132,44,117,124,84.1,59,119.7,172,101,90.6,74,84.5,154,119.8,178,73,140.5,81,103.5,100,115,88.9,148,103.4,152,96,81,108,54.5,84.8,37.1,78.7,80.5,61,76.2,95,73.5,74.2,90.8,85.1,100.6,78.5,95.5,90,82.8,86.9,64.6,95.5,101.5,106.9,94.3,84,101.7,124.5,69.1,89.7,80.7,127.2,93.9,119,125.2,111.1,88.2,120.2,93.5,102,72.2,122.1,78,109.5,112.1,112.3,84.4,204,75,87.9,89.3,111.4,112.7,123.3,99.8,100.2,90.8,100.8,90.2,143.9,119,86.3,140.8,75.6,97.6,97.6,103.1,90,102,86.9,97.7,109.4,122,145.7,115,115.7,74,87,94.3,84.8,88.5,99,89,82.8,66,82.3,72,79,97,89,98.1,87,95.1,80,149,119,98,71,134,114,91.4,98.3,91.5,64.6,78.5,74.8,79.9,86.4,80,103.5,92,91.4,107.9,89.7,95.9,90.7,106.8,75.1,82.4,71,81.5,62.3,101.9,75.4,108.7,108.1,103.1,102.3,74.1,84.3,96.9,66,104,101.5,101.9,79.1,108,105.5,126,189,145,130,167,142,72,105,79,156,172,173,41,90,109.1,97,48,0,130,124,93.5,60,143,66,56,55,58,62,39,51,28.5,62.5,31,50.5,24,56
2005-12-01,38,107,125.3,80.5,102,173.7,73,119,88.2,82.1,95,90.3,108.8,78.4,110.6,97,109.1,88.5,130.9,40,109.5,127.9,97.2,167,103.8,90.1,199,97.9,98,125.2,90.2,117.2,93,102.3,93.4,89.6,114,133.6,79.2,108,202,120.7,124,114.8,69.8,93,13,79,107,105.1,153,120.5,29,121.2,80.4,119.5,67,64,105.9,147,117,110.3,109.2,110.8,36,108.3,24,111.1,45.6,56.8,120,84,107.1,49,64.9,172,105.3,113,148,48.5,88,100.9,79.5,126.5,79,109.4,126,40,94,121.8,109.4,135.7,103.9,94.2,68.5,83.8,3,76.6,20,9,80.7,69.7,76.4,53.6,85.5,98.5,54.7,192,242,118,107.5,131.1,50,156.6,132.8,85,102,159,155,99,224,38,93.5,127.7,95.1,99.9,13,74.9,95,69,85.2,52.5,75,110.9,40,120.5,88.6,27,76.1,116.9,109.9,102.1,103.5,81,67.5,100,82,104.5,99,118.8,113.2,61.5,134,118,134,103.2,100.5,25.7,17,66,65.5,81.2,100,144,56.1,75,67.3,49,16,34,106,64,82,40,29,72,73,62.4,57,45,68.5,70,36.6,139.1,122.6,52,41,65.8,60,59.8,81,51,28,32,46.4,29,60,15,5,18,40.3,62.9,129.6,97,117.6,147.5,166.3,107.8,131.3,138.5,115.3,126.1,112.5,119.4,126,106,114.3,99.8,109,87.4,128.2,100.7,114.8,121.9,137.5,88.8,119.7,105.8,118.4,84.8,142.7,121.2,131.7,107.4,136.7,82.9,122.8,80.8,100.1,122,98.9,98.3,96.3,59.5,37,102.2,96.3,95,79.3,96.2,100.6,75.5,88.7,87,86.3,92.8,145.2,104.3,97,93.6,68.3,68.2,61.8,86.2,76,57.3,80.2,65.5,62.5,71,79.9,73,65.6,32,109,45.7,35.9,15,49,40.5,39,15,37.5,107,37,149,152,65,61,28,113,115,72,115,124,35,57,51.6,84.5,128.4,57.5,80.2,93.1,47.9,65.8,96.8,123.4,75.7,80.8,79.8,82.8,95,86.3,72.5,84.9,121.6,84.7,99.7,64.7,160.4,45.1,79.6,76.5,70,70.9,75.5,45.1,63.7,85.3,63.7,84.1,55.9,45.1,138,156,80.5,135,91,77.5,180,158,190,155,169,136,151,138,92,101,84.2,18,68,0,30,23,17,53,18,12,45,20,60,30,47,41,17,30,32,15,67,23
2006-01-01,131,0,115.1,68.5,35,103,264,98,135.5,126.2,129,115.8,136,120,135.8,147.2,153.3,147.9,156.6,237,147.1,160.9,131.2,58,165.2,154.7,134,155.6,81,133.1,148.6,144.2,149.9,157.4,136,148,36,160.7,89.7,76,195,177.1,156.8,175.1,119.1,115,100,161,150,152.4,97,131.6,221,167.4,187,158.9,129,68,173.1,91,102,174.4,165.6,146.5,118,120.8,49,130.1,108.2,162,144,122,91.6,72.1,128.1,291,125,206.8,373,158.5,229,174.2,148.5,211.5,203,209.6,289,55,278.6,216,192.9,228.5,190,170.3,113,107.9,8,136.4,111.5,63,155,112.2,106.2,92.6,119.5,62,88.9,197,240,379,171,274,192,323,184,206,250,487,162,286,235,212.7,152.5,177,158.7,162,161.8,138.8,163,101,133.8,58,177.1,162.3,25,76,251,184,145.9,147.3,175.1,175.9,148.1,89,116,172,180,298,162,228.5,210.9,133.5,169,71.2,169,111.7,167.6,51.5,49.2,83,102.2,127.4,124,206,107.6,61,93.2,98.4,162,103,144,56,110,111,94,170,47,110.8,145,92,143,60.3,148,160.5,200,107,60,137,138,118.6,228,119,119.3,129.5,124.7,124.2,104,113,152,151,125,69.5,137.8,137.3,99.3,164.3,160.3,128.2,136.9,154.3,140.1,143.6,120.3,154.9,151,165.2,153.7,107.1,142.2,150.3,138.7,152,105.7,132.5,170.3,107.3,129.4,131.4,180.6,129.8,167.9,162.8,128.8,125.8,169,124.9,128.5,123.4,134.7,214,128.8,125.6,137.1,100.9,192,109.8,91.4,94.8,109,115.7,129.2,111.9,130.4,98.3,135.9,123.2,163.7,144.4,131.4,156.9,100,99.8,107,138.7,123,111.5,108.5,118,112.3,118.5,141.2,43,109.5,75,74,111.7,98.7,146,126.5,104.5,115.9,127.3,134.8,158.7,126.1,65,160,211,68,79,195,209,110,86,130,47.3,275,93.8,146.6,142.5,97.4,121.9,111.3,91.1,90.8,141.3,136,128.8,136.5,136.1,110,124,135.6,102,113.2,158.4,172.5,116,89.5,191.2,73.5,141.3,152.2,137,111.5,106.8,97.9,108.7,140.7,123.6,130.2,103,87,125,125,98,214,116,123,118,100,178,102,115,133,61,120,162,29,131.9,114.9,104,103.1,92,102,217,145,122,165,135,87,104,117,72,23,174,108.5,103,85.5,99,103
2006-02-01,34,3,40.6,52,71,69,114,29,64.2,49.6,57,40.5,62.3,40.1,61.7,56.2,62.1,47.7,78.8,17,36.6,58.8,61.8,99,42.7,64.2,77,45.9,51,67.2,50.8,70.8,83,46.6,47.8,42.6,53,62.2,96.6,23,94,48.6,52.7,49.6,52.8,80,52,77,87,59.7,92,69.6,16,73.3,29,54.5,37,17,76,96,39,41.9,53.2,57.9,19,40.1,43.9,51.2,82.7,61,105,122.3,15.5,42.8,58.7,84,55.8,52.6,30,37.5,53,48,52.1,108,65,48.8,29,29,22.1,61.4,46.5,58.7,57.2,75.1,10,54.4,2,54,40,26,38,54.3,39.2,36.1,13.3,43.3,38.6,79,50,17,37.5,12,70,35,24,35,22,52,159,30,10,65.5,45.5,66.8,41.1,62.1,45.1,48.9,26,14,60.2,46.8,10,70.5,54.3,28,44,66,48.3,62.1,75.6,51,69.9,22,43.7,199,21.5,39,74.6,66.5,81.4,50.7,63,80,37,51.2,54.4,31,9.8,14,40.4,65,217.5,106,114.3,123,115.8,123,67,96,190,123,105,185,141,109.9,120,117.2,127,40,138,170.1,77,70.4,89.6,181,134,154.6,110,116.4,119,134,22,129.4,113.7,120.7,127,85,75,43,86.2,56.1,78,71.9,64.7,75.1,84.3,72.7,70,88.6,82.9,100.1,81,82.1,97,79.1,93.6,63.9,102.7,91.3,107,98.3,79.5,95.7,120.8,94.9,85,83.1,108.7,111.7,127.9,123.5,95.3,95.8,112.5,105.9,110.5,76.6,118.8,45,107.8,117.5,112.5,91.5,83,97.7,81.8,88.4,107.6,100.6,120.2,101.8,119.1,103.2,127.2,109.9,152.8,148.1,109.1,162.5,89.7,101.7,119.7,107,100,129,81.6,125,112.1,130.8,144.9,171,116.9,198,136,102.1,84.5,35,74,83.2,86.5,71,92.5,63,87,146,133,156,149,86,107,95,91,100,136,191,34,96.6,105.7,89.2,58.9,91.3,73.7,79.3,84.7,85,106.2,104.8,104.5,122.7,108.5,110.5,100.9,121.4,68.2,89.4,82.1,89.3,55.3,112.9,77,117.6,118,117.2,130.4,78.7,81.9,119.3,85.6,116.5,132.3,107.6,76,219,217,175.5,310,224,216,115,99,144,90,75,119,75,105,46,131,127.6,99,107,82.6,52,73,52,86,95,58,85,53,27,57,90,45,74,187,87,69,88,109
2006-03-01,13,20,5.6,3.5,107,88,55,73,82.9,78.3,76,54.2,85.5,57.4,86.6,70.7,92.7,90,92.9,79,73.3,100.6,79.8,94,90,67,89,75.1,147,79.9,66,106.3,98.7,91.5,72.9,81.8,141,102.5,71.3,22,127,97.4,105.3,89.1,56.6,51,3,46,91,96.3,71,91,193,93.5,65,86.4,55.9,78,82.5,72,104,82.3,95.9,86.1,105,70.5,25,80.9,55.9,46,162,96.2,32.3,5.7,41.2,64,68.2,86.1,86,9,56,70.3,63.2,49.5,49.5,77.4,95,45,92.7,82.4,65.4,102.1,73.4,72.7,44.2,47.8,7,58.2,31.2,13,25,47.6,38.2,32.6,12,31.9,44.1,207,58,83,84,139,20,84.5,81,58,96,156,47,88.5,148,95.4,81.2,89.5,67.8,64.7,59.2,57.8,6,7,71,42,38.7,74.1,39,18,33,104,69,67,90.2,67.1,74.7,32,41.6,101,82,206,173,120,138.5,46.4,82.7,160,127,80.5,82.3,22.9,7.5,22.5,45.6,62.7,113,82,109.8,42,89.3,69.1,80,141,87,209,41,182,129,63.5,67,123.6,151,27,68.2,38.8,97,51.5,48.4,165,109,119.7,90,104.9,37,96,82.3,143.5,145.7,117,107,79,91,109.5,133.4,57.8,64.2,73.7,53.2,79.1,74.1,62.8,78.5,80.2,64.7,78,67,80.2,112,76.5,79.2,52.3,77.9,87.8,92.6,76.8,70.1,83.8,99.6,81,66,72.2,109.1,106.4,99.7,94,78.2,69.8,103.4,85.1,75.3,53.7,88.2,91,89.4,86.9,91.8,94,104.3,92.5,61.2,72.5,76.2,79.5,93.2,70.3,81.1,98.8,120.8,70.2,119.5,109.8,90.7,100.6,63,74.7,94.7,74,57,91.5,70.7,82.2,90.5,105,138.1,60,104.2,106,92,106.3,103.5,85,164,117.7,107.4,192,137.2,107.7,222,138,78,118,100,88,75,60,172,76,114,120,79,101,92.7,88,71.6,63,75.7,64,79.3,67.7,83.2,80.8,80.2,92.1,80.8,93.3,106.4,122.3,69.6,77.3,69,75.3,45.2,91.8,74.2,93,79.8,103.2,85.3,70.6,87.9,96.3,77.2,113,103.1,110.2,72,151,56,168,143,88,81,128,96,111,123,95,80,57,88,56,92,93,149.1,145,140.8,176,150,241,130,138,198,131,134.5,148,196,143,121,149,240,89,126,104,173
2006-04-01,40,25,20.8,29,77,68.3,88,55,57,37.5,102,40.1,67.1,32.6,61.5,50.8,58.1,46,92.5,32,45.5,56.3,55.9,83,43.4,55.2,66,48.9,65,71.9,41.3,74.4,101.1,49.5,50.3,51.9,83,74.4,68.3,47,101,45.6,59.1,56.4,54.6,40,43,83,76,73.6,40,67,51,76.4,52,65.6,51,0,70.8,57,48,42.8,56.2,58.7,38,54.4,40.7,44.2,74.6,106,7,31.1,31,19.2,34.3,60,44.9,50.8,75,71,55,43.7,51.3,35,63,56.8,36,17,90.6,52.2,46.5,51.7,67.5,67.3,35.4,47.3,36.6,48,11,25.4,33,47.6,35,31,25.8,32,32,102,34,90,42,60,30,26.7,48,49,22,92,38,32,13,65.8,40.9,65,48.1,59.7,41.1,40.1,35,22,45,65,66,60.6,57.5,40.2,17,30,43.3,51.3,63.2,51.1,49.7,10,35.8,13,16,108,77,71.3,98.7,34.7,62.4,95,138.5,62.2,45.6,28.7,11.5,16,37.2,56,111.5,48,110.4,126,113.7,40.9,84,153,181,86,82,129,134,200,214,134.1,96,37,176.5,38,105,93.1,103.4,89,75,137.2,77,102.7,86,138,124.7,141.9,100.1,110.8,133,110,120,123.5,114.5,58.2,62.8,68.9,51.4,70,77.5,65.7,62.7,74.7,67.7,80.3,68.5,69.6,109,61.7,76.3,56.5,86.1,83.2,96.2,77.2,68.8,76.3,95,84.7,62.9,61.4,110.1,94.1,94.2,101.5,72.4,79.6,97.6,86.6,76.5,63.4,98.1,101,97.8,97.7,92.5,91.5,67.7,81.1,58.5,66.1,97.6,86.8,107,84.9,86.6,103.3,118.9,77.9,126.9,112.8,82.1,123,67.7,89.9,102.4,84.8,125,110.4,73.7,102.6,112.7,108.7,137.2,118,109.3,188,129,123.1,118.1,138,137,125.9,94.1,114,113.9,119.4,111,172,91,76,191,99,125,108,77,114,130,177.3,155,75.8,89.5,74.5,56.3,63.4,61.6,73.2,75.2,77.2,86,96.7,91.6,108.3,107,97.8,101,125.2,68,72,67.5,75.8,44.6,95.3,74.7,102.3,96.4,105,102.3,62.8,94.1,119.7,76.4,115.7,128,121.9,86.6,87,128,68.5,116,133,120,93.9,84,98,48,51,84,48,53,46,157,114.4,65.9,50,53.3,48,94,80,114,57,83,85,76.5,26,40,46,49,41,27,26,43,26,74
2006-05-01,3,0,5,10,1,0,0,1,12,7.7,11,9.4,21.7,3.7,17.7,13.3,25.1,7.2,26.1,0,23.1,21.1,15.2,0,8.8,9.5,0,6.4,0,25.6,15.2,22.6,7.3,24.4,15,13.1,0,5.7,16.7,0,1,16,27.8,19,11.5,0,0,0,0,22.3,0,18.2,3.5,16.6,0,25,0,0,19.7,6,0,21.2,21.1,15.3,0,22.8,0,8.8,0,0.8,2,0,0,0,25.8,17,22.3,23.4,17,15.2,3,17.9,27.3,12,14,12.2,5,7,5.2,15.9,20.3,24.4,20.9,15.2,9.8,23.2,2,16.3,15.5,11.3,7.8,29.2,13.6,13.6,4.6,7.4,13.8,12.7,15.3,17,6,18,35,1.5,9,12.9,15.7,14.3,18,3,5,32.1,7.8,27.2,13.8,15,10.2,11.1,16.5,5,28.4,12.3,21.6,17.4,40,8.7,23.7,25.2,14,18.3,22.1,11.4,33.5,15.8,12.4,18,5.8,19.2,16.2,25.9,45.3,15.2,14.2,27.9,14.6,20.3,11.8,19,11.3,10.2,12.8,17.9,3.5,10,8.1,3,6.8,0,9,6,0,0,61.5,7,4,0,0,10,7.6,0,0,15.1,2.2,3.7,3,0,0,12.8,0,5,0,0,0,7.1,3.8,2.8,0,5,4,0,7.6,17.6,11.9,11.5,20.7,13.1,7.9,6.6,16.6,7.7,17.3,7.2,8.5,11.6,0,11.8,9.1,13.4,9.7,12.9,15.7,9.8,17.4,18.2,19.6,30.1,20.9,15.1,17.9,8.8,22.5,21.7,19.3,13.9,9.1,10.1,18.1,10.8,11.4,7,15.5,19,9.9,10.2,0,36,15,11.8,8.1,19.5,19.9,9.8,12.2,72.7,16.8,16.6,22.6,16.8,11.5,24,12.8,9.2,10.6,11.8,6,6.4,7.3,8.9,9.1,9.3,16.1,2,18.5,3,9,8.3,10.4,0,13,4.7,11.8,13,8.4,2.9,5,13,3,0,5,0,1,1,7,3,1,15.7,6,0,9,12.4,3.5,6.4,9.4,7.3,6.9,8,9.3,3.9,8.9,7.2,11.4,8.2,13.8,15.3,10.3,8.2,7.7,5.9,8.9,10.1,13.3,6.7,6.2,13.7,8.4,11.2,4.5,9.3,10.2,10.9,14.3,12.5,10.1,5,0,5,20,4,6,22,20,26,18,12,29,31,21,7,3,12.9,15,0,4.8,0,10,8,0,8,5,5,4,0,2,0,0,0,0,0,0,0,9
2006-06-01,0,0,0,0,40,4.9,11,10,10,7.2,9,8.6,34.4,6.5,16.8,11.8,31.4,7.1,34.8,0,20.4,36.4,13.7,18,9.1,7.5,4,6.7,4,34.4,9.3,31.4,30.1,28.3,6.8,12.1,32,20.4,11.3,17,20,17.1,25.3,24.4,8.9,8,14,21,8,28.2,22,30.1,5.9,22.3,21,31,15,9,33.5,0,13,17.3,26.7,28.7,0,21.9,6,5.8,3.4,2.4,9,0,4.5,7.1,21.9,30,17,17.6,16.9,18.7,13.8,18.2,20.7,18,19,12.9,5,16.7,15.7,16.5,15.7,21,18.1,11.3,8.1,14.7,3,13.5,12.8,2,6.5,21.8,12.7,8.9,2,6.6,11.9,14.2,16.1,2,9,8,44.4,14,4,15,32,13.1,16,13.3,14.8,31.2,8.4,28.4,11.1,9.2,10.6,10.1,11.7,10,20.5,4.6,11,13.4,28.5,4.8,23.2,19.9,11.9,13.4,15.6,10.7,32.2,17,9.9,11.6,6.6,6,14.2,22.5,33.7,13.1,13.9,18.2,13.6,19.2,12,16.3,9.6,9.1,9.2,18.7,0,10,6,11,8.7,0,0,3.8,5,64,2,5,3,30.1,20,13.8,8.8,0,17.5,0.5,6,10.5,10.5,0,6,7.9,0,4.5,0,0,0,8.2,7.5,2.2,8,0,3,6,12.3,14.6,13.7,14.7,17.3,16.8,10.8,9,20.1,10.4,16,9.6,5.1,9.6,28,12.1,14.4,7.5,8.3,14.9,8.7,7.4,8.8,6.2,10.3,20,9.1,10.3,11.1,22.2,17.4,8.8,10,12.3,10.4,12.6,9.9,7.1,10.4,11,12.4,11.6,6.9,9.9,10,29.9,9.8,6.2,10.2,12.3,14.5,8.8,6.8,56.3,23.5,8.5,19.6,9,6,14,6.5,5.9,15.6,8.8,8,13,4.4,7.5,12,8.8,10.3,6,15.2,10,22,10.2,8.6,0,0,6.4,10.1,5,7.5,40,7,11,32,0,17,0,10,9,25,8,29,12,2,0,10.1,8.1,7.2,10.2,10.1,15.7,9.5,8.8,12.7,6.5,9,7.7,11.3,9.3,13.2,18,11.6,9.4,12,14.7,9.1,8.6,16,6.7,6.7,10.7,8.6,10.9,5.8,9.6,12.1,12.2,13.7,18.7,11.3,7,10,9,6,12,18,17,4,8,6,3,13,6,8.3,1,29,17.5,4,2,8.2,2,4,6,8,11,6,5,7,4,7,3,0,1,4,6,10,4,4
2006-07-01,0,0,0,0,0,0.4,0,0,17.7,5.1,0,8.8,25,4.5,19.7,11.7,26.1,7.5,16,0,22.9,21.1,16.5,0,9.6,11.8,1,7.2,0,22.6,14.7,19.2,10.1,29.3,15,11.3,0,4.2,5.6,0,0,16.1,25.5,18.1,6.3,0,0,0,0,20.4,0,16.5,5.8,22.7,0,21.1,0,0,18.3,0,0,18.6,23.1,20.9,0,13.5,0,10.2,2.8,6,12,0,0,0,28.2,21,22.7,18.5,14.1,13.5,7.4,18.6,29.8,1,7.1,12.4,7.1,8.9,16.6,19.5,21.7,24.5,24.2,13.4,8.4,26.6,8.1,16,16,9.4,9.4,28.6,14.4,14.1,3.6,8.1,18.2,15.1,19.4,17.3,10.1,20.4,35.4,11.3,10.8,9.6,14,12,20,15.5,17.1,30.6,8.8,26.9,16.9,13.2,10.1,13.9,23.5,9.5,30.3,4.8,26.1,19.1,49,8.8,22.7,25.2,15.3,18.5,22.5,11.6,35,15.9,14.1,12.7,8.7,17,16.8,30.1,42.4,12.6,14.5,24.6,14,17.4,17.2,19.9,14.2,7.9,13.3,12,0,0,3.9,0,5,0,2,5,0,0,3,8,7,0.9,10,8.1,7.8,0,0,7.1,0,4,3.3,0,0,8.7,0,1.8,2,0,0,6.4,5.4,2,9,0,3,5,9.9,18.8,9.5,10.7,17.6,13.2,5.8,4,14.7,8.5,15,4.8,3.2,7,0,4.2,6.8,10,9.7,8.7,9,7.3,7.9,11.3,8.8,26.2,11.2,14.6,8.8,5.7,16.8,12.2,9.2,13.2,3.4,6.3,12.9,8.1,8,0,12.2,16.4,2.8,7.4,0,36.9,11.5,6.1,3.7,16.9,8.2,5.5,6.9,70.1,16.8,10.2,25.2,8.4,9.5,18.6,6.7,3.9,7.1,10.1,0,6.3,3.8,4.7,8.6,7,10.2,0,16,3,8,9.2,9.2,0,1,3.9,11,3,9.8,0,6,0,0,0,0,0,0,0,0,0,0,2.7,0,1.5,6.3,4.2,3.2,4.5,9.8,4.6,4.3,7.5,2.8,2.2,3.3,4.1,8.1,4.2,2.8,6,7.7,3.2,6.9,2.8,3.5,4.9,12.6,4.7,4.7,11.2,4.8,6.8,5.7,4.5,6.4,4.7,6.1,9.6,8.9,0,0,0,0,4,1,0,0,0,0,0,1,0,0,1,4,12.8,4.3,7,6.6,7,3,3,6,5,8,7,3,1,2,1,2,2,4,4,10,6,2
2006-08-01,0,0,0,0,13,0,0,0,13.4,5.7,26,6.3,28,3.3,19.3,12.5,27.5,8.4,34.1,0,25.9,27.3,18.8,12,10.4,11.4,0,7.5,1,24.5,16.7,21.8,15.9,33.6,15.1,13.1,11,6.8,10.9,0,13,18.6,31,21.9,8.6,0,0,14,0,21.7,0,21.7,4.2,20.2,0,27.3,0,0,22,0,0,24,23.4,23.8,0,24,0,9.7,0,1,1,0.9,0,0,24.4,21.9,27,21.1,16.3,12.9,8.3,21.2,26.3,9.8,0.5,13.2,6.2,10,17.3,19.4,21.2,25,25.4,13.4,7.8,28.1,6.1,15.4,16.7,10.4,8,28.4,14.5,14.7,4.4,8.1,15.8,14.3,17.2,18.1,9.6,21.8,36.3,9.1,12.9,10.5,17.6,12.8,22.9,13.4,16.2,37.6,9.3,25.2,16.8,13.7,14.6,15.7,21.2,11.2,30.1,9.5,27.3,19.5,46.5,8.8,21.7,26.1,15.6,19.7,21.2,10.3,33.3,18.1,15,13.5,7.6,16.5,17,31.1,40.7,15.1,15.2,25.5,14.7,22.8,12.7,18.5,13.2,9.5,11.4,5,0,0,3.7,0,5,0,0,3.8,0,18,2,0,0,11.2,0,9.3,5.1,0,12.2,13,0.2,0,0,0,0,6.6,0,4.2,0,0,0,5.8,7.5,1.6,5,0,0,0,5.7,17.6,9.2,12.4,17.1,14.4,9.6,2.9,14.8,8.3,13.8,5,8.7,7,0,8.3,6.7,14.5,11.2,5.6,7.5,9.9,8.6,15,9.3,29.4,12.4,10.7,13.5,12.2,20.1,13.6,12.8,15.3,6.3,5.7,14.7,8.4,8.8,0,11.8,18.7,7.3,7.5,0,35.8,11.3,4.8,4.3,15,10.2,6.2,7.9,72,17.5,10.7,25.3,11.1,11.1,24.7,9,5.4,7,9.8,0,4.7,5.5,7.1,7.3,11.8,10,0,14.6,1,4,9.8,6.4,0,3.9,3.5,10.5,4.2,7.8,0,3.3,0,0,0,6,0,0,0,20,0,0,0.3,0,0,8.5,10.6,1.8,5.8,7.7,4.5,5.7,7.7,4.7,2.3,2.2,3.7,7.4,3.3,3.7,5.3,7.6,4,10.7,3.8,3.6,6.4,11.1,4.4,4.2,9.7,4.3,10.4,4.4,3.4,6.1,4.7,5.4,7.8,6.2,0,0,0,0,0,0,2,1,2,1,0,1,0,0,0,1,9.6,1.7,9,9.1,0,0,0,0,0,0,0,0,0,0,0,0,19,0,18,0,30,0
2006-09-01,0,0,0,0,0,0,0,0,14.6,7.6,0,4.8,19.2,2.9,19.4,9,15.5,8,9.9,0,17.8,24.3,13.6,5,9.1,8.4,0,6,0,17.5,11.9,15.8,10.2,20.1,10,7.9,1,9.8,8.8,0,0,14.1,18.6,15,5.9,0,0,0,0,21.1,25,10.9,1.1,15.6,0,26.9,0,0,16.6,25,0,15.3,20.4,14.2,0,14.7,0,6.5,10.4,9,20,0.4,0,0,23.5,20.6,18.9,16.6,12.9,14.6,11,16.7,20.3,9.4,6.4,11.6,8.9,14.3,16.3,15.3,15.2,20.3,18.8,11.1,7.9,22.1,7.2,15.5,14.4,8.5,6,24.4,11.6,9.4,3,6.2,12.5,12.5,19.2,16.4,7.7,17.7,35.9,10.2,8.3,10.6,12.8,10.7,14,14.3,13.2,27.4,8.3,21.5,13.5,11.5,5.8,9.8,14.4,13.7,25.4,4.9,13.3,15,28,7.3,20.9,21.8,12.9,17.1,20.4,12,33.9,13.4,10,9.7,5,15.7,11.7,24.4,39.1,13.5,12.1,21,12,16.2,12.9,14.8,11.9,6.7,9.5,24,13.5,0,5.6,6,9.1,6.6,5,6,13,40,118,5,2,5.3,11,13,10,2,5.5,12.8,5,12,21.6,8,2,10,0,4.1,5,3,9,9.9,23.3,3.3,6,0,4,3,13.9,15.6,9.7,9.3,15.8,13.8,6.7,4.2,14.5,8.3,15.1,5.5,5.9,9.4,0,9.7,10.9,13.2,10,10.8,11.9,10.5,16,15.2,15.4,21.7,13.2,12.2,14.1,8.9,21.5,19.3,15.5,13.6,8,7.4,12.9,6.2,11.7,35,17.4,14.9,6,9.5,35.9,35.2,13.7,5.2,11.6,18.3,18.1,9.8,8.4,56.3,15.2,12.9,19.4,13.6,6.3,15,5.7,6.8,8.7,12.6,3,4.4,5.7,6.8,9.2,9.5,17.4,10,16.9,12,15,10.3,7.5,7,12,5.6,14.1,11,14.6,19.4,19,4,0,2,15,5,2,2,20,18,24,12,20,7,8.1,8,5.4,10.2,6.4,8.8,7.1,9.1,8.5,5.9,6.1,8,8,7.3,11.5,12.4,5.6,5.3,10.7,8,6.7,5.8,11,7.2,7.1,14.7,8.3,10.2,7.8,9.7,7.9,8.2,11.8,14.6,11.1,17,14,12,28,10,12,1,0,1,0,0,12.4,0,0,0,13,9.8,13.3,8,15.7,15,20,9,26,10,10,30,0,27,27,19,0,13,23,33,19,12,9
2006-10-01,2.1,2,8,6,69,33.6,59,29,33.8,29.7,98,39,67.1,37.2,38.6,38.4,61.5,33.5,94.9,36,38.8,53.5,33,91,38.4,38.4,33,39.3,42,65.6,26.7,65.5,84.7,41,28.7,34.5,54,57.4,72.5,10,59,40.7,56.7,45.6,47.4,65,34,33,40,58.3,22,51.4,25,55.6,51,52.7,20,15,68.2,27,30,40.1,51.5,55.5,66,50.4,23,23.8,52.1,32.4,17,13.4,14.6,26.5,16.9,44.5,21.3,24,34,31,40,32.8,33.8,48,42,37.3,41,29.4,7.9,39.9,37.5,45.4,44.3,41,23.7,36.8,1,22.8,18,17.2,21.7,29.6,22.9,23.8,10.5,13,22.4,34,39.2,58,37.5,40,45,50.7,40,41,36.7,13,9,46.1,43,104,30.8,47.2,40.1,38.3,27.1,34.4,27.2,8,38.3,22.7,28.1,39.5,43,27.5,34,25,31.1,34.8,42.1,36.2,36.2,8,19.4,7,8,71,11,55.1,67,20.5,35.3,75,43.2,30.7,34,20.8,7.5,15,22.7,72,49,80,75.9,25,63.8,74.4,80,98,42.5,4,39,77,61,78.7,133,84.9,50,41,75.3,22.6,58.5,59.7,49.1,78,58,92.5,61,76.9,73,56,51,76.5,108.9,72.7,52,73,75,78,81.4,27.7,45.5,45.6,33.7,44.7,39.7,37.9,50.8,53.1,44.5,45.1,31.4,51.4,0,47.2,47.6,35.8,56.7,56.1,53.5,61.3,50.7,56.3,67.8,47.8,55.3,36,62.2,46.9,85.9,57,66.1,42.3,71.5,37.6,45.8,36.1,64.4,31,49.7,54.6,58.6,54,28.1,47.8,38,41.9,47.6,52,62,49,59.2,95.8,72,54.9,75.5,65.7,41.4,62.9,45.9,47.9,60.8,62.8,40,64.7,51.5,48.3,52.8,58.2,79.3,65,73.2,112,150,70.3,71.8,48,97,94.3,67,97,93.6,41.6,139,44,0,50,85.8,20,41,45,25,54.2,28,85,122,66,56.9,45.3,43.6,40.1,38.9,36.5,52.8,54,61.5,58.7,61.9,69.3,69.7,59.8,65.1,58.6,42.8,46.8,31,43.2,34,54.3,67,65.8,57,64.8,64,52,62.1,79.3,48.5,69.4,70.4,66.3,61.6,81.5,80,61,75,67,42,66,85,75,45,35,53.1,84,79,40,134,64.5,95.4,116,108.5,88,139,93,152,121,96,144,93,110,99,86,74,58,163.5,100,0,106,140
2006-11-01,24,112,55.2,39.7,119,58.5,145,39,75,69.7,150,51.1,91.2,46.9,84.7,55.8,77.4,62.4,112.2,80,53.9,101.4,72.1,204,65.8,62.4,59,64.1,46,73.2,62.3,106.5,93.1,81,64.2,72.1,70,82.2,87.3,23,158,95.2,116.9,86.5,61.6,59,41,72,78,85.2,64,92.2,87,105,86,85.4,16,34,87.3,71,62,62.4,83.5,91.3,68,79.8,28,52,95.9,102,47,188.4,37.8,49.4,33.6,161,65.5,102,97,49,71.6,58.4,57.5,53,69,64.1,81,11,100.7,88.8,72.1,93.1,81.4,76.3,31,48.2,4,39.7,26.5,31.5,10,50.1,39.2,30.9,27.8,2.5,44.3,78,105.6,134,77.5,79.6,80,92.6,98,74,76,126,84,105.9,104,59,77.6,76.7,64.9,61.7,64.2,60,55.1,30,60.8,8,48,84.6,10,45,45,59.3,61.9,63,73.5,67.6,64.2,34,35.8,34,30,105.5,73,84.5,94.3,37.8,62.6,70,77.4,84.4,61,23,5.6,45,45.5,44,183.5,138,135.7,95,141.9,184.6,93,151,202,120,39,108,94,121.2,110,164.9,135,163,120,96,185.1,116.6,95.8,145,143,191.8,154,140,127,185,110.1,151.3,95.3,123.1,84,88,103,47.5,98.5,53.6,93.3,103.1,69.3,87.9,103.2,93.5,86.6,106.3,109,112.8,89.4,108.2,120,113.8,106.8,84.1,106.5,108.5,120.6,116.9,101.2,117.4,132.2,102.9,110.8,77.1,138.9,116.4,128,137.1,109.2,109.6,153.3,112.5,123.7,78.2,137.6,132,142.8,132.8,127.2,97.6,194.7,98.5,88.3,110.5,123.5,132.3,139.9,124,126.7,114.9,124.3,135.1,167.3,149.8,123.6,142.2,91.8,103.2,121,107.8,65,130.9,96.9,121.7,129.5,137.5,173.4,282,143.3,163,170,117.1,111.5,195,89,88.7,91.9,106,94.4,125.7,117,116,59,211,129.7,134,303,104,98,122,169,161.1,118,119,124.4,118.1,73.5,110.2,107.1,92.4,92.2,114.2,123.8,123.4,118.1,139.2,107.9,113.3,112.8,130.6,88.6,100.9,82.9,124.3,88.7,169.5,96.6,140.4,122.5,119.7,119.9,86.6,101.4,132.3,99.9,120.4,138.8,131,91.4,182,201,155,216,177,158,144,135,159,103,89,133.4,129,83,90,126,138.3,142.6,66,54.7,48,60,41,46,71,45,51,58.5,49,79,44,49,47,73,56,25,19,41
2006-12-01,40.5,58,73.3,42,108,74.3,158,81,96.5,93.4,43,92.5,109.8,74.6,117,99,74.5,96.8,136.9,105,98.7,134.7,107.9,110,111.8,99.1,108,111,138,122.3,122,110.7,179.3,101.2,123.7,110.9,58,136.2,98.6,26,228,114.9,110.1,108.2,83.2,91,67,111,135,123.1,139,114.6,71,114.8,73,104.1,68,80,103.9,62,174,105.5,102.4,122.7,356,98.6,79,97.2,222.5,126.8,40,180.2,92,40.3,62.7,258,84.8,144,156,90.5,122.9,100.9,106.4,137.5,122.4,133.5,179,21,182.9,149.6,130.6,141.6,122.9,99.2,53,71.2,34,71.6,82.5,61.5,88,55.9,68.1,65.8,63.5,10,69.8,193,159.4,180,128.5,140.6,104,128.3,115,155,163,177,10,167.5,180,122,124.8,115.3,88.8,103.5,93.8,95,106.9,67,93.8,66,44,102,79.4,124,82.5,27,98.1,111.6,123,102.8,116.1,131,61.3,51,50,50.5,96.5,168,171,64,93.5,74,119.2,115.1,108.7,36.6,11.5,96.5,56.2,42,225,227,165,77,158.8,125.1,90,107,136.5,266,173,184,215,243.5,128,165.2,174,53,235.7,176.8,169.1,192.3,244.7,148,98,193.6,114,136.5,129,70,112.3,163,168,159,277,93,84,90.5,131.7,55.7,132.3,114,85.6,148.1,157.9,110.4,142.3,168.4,159.2,151.4,126.4,141.3,150,136.2,140.9,112.6,151.7,157.6,169.4,159.9,116.1,172.5,190.4,83.3,136.8,120.7,185.2,197.8,191.8,173.2,147,146.4,213.8,141.8,154.4,100.2,186.1,166,176.9,166.8,151.4,129.6,220.4,89.7,121.3,142.7,143.3,138.4,165.5,148.9,162.4,95.7,182.8,132.6,168.6,166,153.5,163.1,103.9,163.8,168.7,133.7,71,169.3,136.1,151.5,133.4,145.3,178.3,160,149.8,213,237,142.3,134,66,176,141.8,112.5,141,138.1,143.7,144,94,155,187,157,144.7,98,100,262,115,142,227.1,142,158.7,150.9,142.9,98.1,141.8,128.7,129.2,121.6,163.4,140.8,156.8,142.6,162,151.6,163,158,185.5,146.2,193.2,162.6,170.4,117.5,216.5,108.2,156.4,139.7,150.2,144.1,103.6,114.9,154.9,167.4,132.5,191.8,140.4,139.2,290,351,178,299,228,189,167,164,260,158,118,164.1,225,173,91,195,160.2,238.1,108,117.9,104,72,167,140,115,139,130,68,139,189,97,203,56,89,83,96,69,124
2007-01-01,53,102,96.7,100,69,213.7,61,52,158.8,117.9,51,120.3,114.8,119.8,133.9,153.3,107,122.8,124.5,237,151,158,147.3,96,155.8,155.6,179,149.8,129,125.2,149.3,142.8,98.5,134.2,139.8,148.5,312,148,76,43,75,147.9,133.4,134.7,87.2,122,33,105,246,144.7,132,127.1,54,115.6,158,145.9,42,94,135.7,114,156,124.5,121.8,137.4,165,88.9,221,140.1,154.8,118.5,185,158,111.2,49.7,116.6,214,117.5,169.6,223,153,196,171.1,154.8,152,172,178,179,35,168.7,182.1,169.2,222.4,182.9,151.4,75,87.6,15,133.6,47,95.6,114,97.1,100.4,87.7,91.5,92.6,90.9,291,211.5,222,177.5,216.5,140,269.4,192,133,136,249,152,183.7,227,200.9,137.6,174.4,160.5,147.6,72,144,141.2,94,115.1,107,111.7,145.8,69,132.5,79,152,135,146.6,166.8,160.3,141.7,92,112.8,277,152.5,200.5,158,185.3,200.5,123.6,154,140,181,110.5,159.1,51.4,28.2,79,112,150.6,224.5,192,121.5,93,87.7,120.2,186,214,183.5,36,74,127,159,64.6,97,138.3,180,232,93.1,126.2,189.2,103.6,93.2,177,297,153,337,240,115,267,175,156.9,109.2,138.9,66,211,194,212,150,75.2,110.1,107.4,90.1,132.7,127.7,104.1,109.1,126.2,121.8,27,115.8,112,106,78,103.7,116.3,124.3,111.6,150.5,117,115.2,122.2,160.5,105.9,114.2,147,134.2,101.7,150.8,163.7,135.2,118.5,127,76.7,148.2,128.7,133.4,143,110.8,121.9,126.6,84.8,55.4,101,110,135.5,102.8,141.7,135.4,117.1,150.4,107.9,94.7,145.9,183.3,157.5,142.9,159.8,111.5,130,88.6,139.6,124.8,101,44,112.6,117.3,131.9,155.9,190,134.6,81,58,116,125.2,135.9,148,125.7,134.5,129,138.7,120.3,159,152,83,91,52,207,68,94,134,111,82,134.7,133,35.8,92.2,133.4,60,118.1,99,79.5,92.6,53,17,36,27,97,10,42,53,53,160,168,183,111,70,196,90,230,251,43,139,181,145,23,240,103.1,138,36,80,275,269,240,361,214,210,144,212,239,208,147,167.9,262,228,126,120,114.2,101.7,64,204,145,159,162,134,160,140,186,93,119,103,79,75,86,35,84,53,112,166
2007-02-01,24.8,0,202.8,80,172,53,152,138,89.3,74.1,119,78.3,101.5,69.3,109.2,80.7,94.4,86.2,115.6,101,73.3,105.5,85.3,174,98.4,72.9,50,85.9,59,110.1,96.2,112.3,120,80.1,84.9,93.6,34,116.5,71.9,71,97,114.7,111.7,100.2,76.2,87,54,114,36,112.6,47,92.8,52,109.8,41,110.8,65,61,110,89,62,96.3,91.8,97.6,54,91.3,70,78.2,189.7,190.5,152,177.8,49.2,38.5,56.6,79,79.2,97.3,140,136.5,108.9,81.6,95.3,62,98,100,135,35,90.5,112.3,85.1,123,103.4,90.2,51.5,68.8,10,74.4,58,55.2,10,56,59.9,48,29,46,52.6,176,131.6,132,76,140.2,145,108.5,62,72,49,111,359,132.2,170,114.9,98.3,87.6,78.4,81.5,62,61.8,71.4,121,76.9,93,58.5,93.3,32,70,38,32,83.3,89.9,118.7,86.1,108.3,92,52.7,540,48,155,74,115.8,127.6,64.1,86,55,107.3,102.4,70.9,32.7,10.7,107,56.8,98.4,198.5,146,130.9,93,105.8,49.7,154,256,164,226,90,171,100,92.1,182,148.8,78,134,98.5,127.7,124,84.2,83.2,156,284,133.8,230,143,47,88,190,154.3,157.8,118,155,121,115,116.5,155.2,65.8,65.7,70.9,55.5,82.6,71.4,68.8,74.3,74.3,63.7,38,72.7,67.5,55,61.4,74,61,72,82.4,85.6,91.5,67.5,74.4,97.4,76,79.5,60.3,112.2,101.2,102.5,102,90.6,82.8,110,87.5,82.3,80,96.4,108,92.5,95.5,100,94.5,130.1,92.7,53.9,79,68.4,76.4,99.5,86.4,104.7,91.2,123.7,85.6,136,117.1,103.2,128.1,71.1,46,115.4,89.2,72,117.3,78,25,98.1,102.7,148.9,82,110.2,204,243,124.5,122.6,167,138,155.8,127.7,259,152,80.6,146,118,50,119,99,144,74,63,111,87,128,124.7,109,88,91,83.4,55,71.3,105,68.3,72.4,76,50.5,60,55,65,7,86.3,146.5,142,3,52,6,35,5,91.5,65,159,53,246,86,25,165,100,83.1,109.9,73,100.5,62,270,364,112,171,112,136,54,75,73,85,63,100.9,111,84,77,172,102.4,236,163,200,187,222,141,206,107,148,161,130,144,126,123,149,127,125,172,78,99,246
2007-03-01,47.1,47,54.8,46,144,68.3,361,60,109,95.9,265,124,137.4,80.9,130,86.5,98.1,90.2,140.3,76,78.8,134.8,108.5,109,102.3,92.7,76,98.4,127,131.6,113.8,123.2,205.5,88.2,112.1,120,73,146.9,96.5,61,297,107.4,120.9,121.1,93.2,38,76,98,29,136.1,186,129.3,36,133.2,54,133.3,37,35,124.8,130,50,109.7,109.1,124.9,177,108,118,100.2,192.8,213.5,103.9,204.1,48.9,26.3,75.8,75,82.2,117.4,71,97.5,112.4,98.9,104,67,225,126,71,36,119.8,131.4,103.6,119,114.3,102.8,76.5,77,5,77.4,63.6,68.7,112,56.7,68.8,68.2,52.5,57.6,77.7,117,178.6,74,61.5,138.8,80,172,100,122,83.6,110,147.4,169,155,121.4,124.7,124.5,73.4,103.6,55,86,99.7,14,99.9,12,70.2,94,87,73.5,25,48,76.1,127.1,130,98.5,112.8,47,61,66,24,175.5,133,183.8,188.9,72.2,92,185,129.8,116.9,122,40.2,16.2,45,54.1,99.4,260,266,163.4,261,181.1,80.1,178,129,286.5,673,84,180,189,246,232,173.8,90,195,203.5,177.7,101.1,194.8,251.6,97,144,187.1,185,115,128,184,123,167.3,199.6,179.4,457,184,197,202.5,170.3,67.2,152.5,122.7,80.5,162.7,152.9,116,162.2,186,165.1,142,136.7,151.2,316,320,162.3,122.4,172.6,198,199.8,173.2,136.9,195.1,204.6,81.5,142.2,135.7,208.8,230.4,205.2,176.2,185.7,169.4,269,166.5,161.5,138.4,189.5,230,175.6,206,203.4,132.6,187.9,92.8,133.2,148.9,177.2,140.7,195.1,183.5,190.4,112.7,206.7,155.7,184.8,190.8,204.2,232.2,121.4,196.5,188.4,161.6,156,204.8,263.5,210,172.3,175.5,184.7,125,165.5,147,178,150.3,148.2,112,145,78,166.8,100,196.5,254.6,84,208,103,81,296,150,163,176,308,180,247,141.3,285,380.7,52,149.8,81,157.8,273,144.5,30,210,197,210.7,169,189,161,231.5,288,172,312,281,273,283,166,341,140,192,145,130,274,129,123,97.5,270,40,173,119,182,286,201,241.5,270,258,252,149,176,191,172,96,178.9,146,157,152,239,192.2,191.1,207,408,227,267,236,237,176,282,232,53,285,245,143,180,199,172,153,157,134,261
2007-04-01,25.5,23,0,0,209,27.4,50,63,37.2,29.5,52,41.6,69.2,26.7,40.3,28.7,54.2,34.3,107.2,0,45.2,64.5,31.4,124,34.2,26.2,21,34.2,31,78.8,21.6,81.5,88.1,43,30.7,25.6,81,50.4,59.7,85,145,45.2,63,57.7,45.8,26,43,154,25,57.2,75,55.5,21.2,65.1,22,65.2,36,22,71.3,52,64,34.2,46.3,57.7,0,43.9,23,23,7.9,6,28,14,3.8,0.5,19.3,52,21.4,39.4,17,8,13,30.4,31.4,69,23,7.5,10,26,7.3,34.8,33.9,36.5,33.5,30.6,21.3,37,3,23,18.3,19.2,16.4,30.8,20.9,17.4,2.5,9.3,14.7,13,31.8,33,33.5,52.8,50,63.5,35.7,13,33.5,27,44.4,65.5,28.3,57.1,22.5,50.4,40.8,27.4,3,31.9,24.6,45.4,40.2,21.9,30.3,42,48.9,20.5,13,26.6,28.3,37.8,37.4,29.1,36.3,25,19.9,53,14,11,25.5,42.1,61.9,19.3,34.2,110,32.6,33.6,28.6,11.2,6.6,17.4,21.4,30,28,34,39.4,127,54.2,31.2,0,35.7,75.5,74,14.6,20,60,37,10,45.5,45,29,33.6,19.6,30,53.2,45.8,35,29,58.5,39,25,12,62,22,56.9,39.8,31,31,5,10,7.5,31.6,27.2,54.2,58.3,33.2,50.4,48.7,45,58.7,59.7,57.6,72,37.5,57.8,60,61.8,71,37.8,41,67.9,57.1,52.8,29.6,43.7,66.9,42.7,43,35.6,66.6,68.3,69.9,54.9,74,50.3,75,58.5,44.3,32,59.6,139,57.5,58,58.5,48.6,95.6,47,26.7,35.7,49.4,41.4,64.4,57.5,55.3,76.9,66,40.6,77,62.3,40.5,72.8,40.1,32,51.4,45.7,106,45.9,65.5,44.1,44,44.3,53,70,43.4,67,57,34.7,26.9,27.6,21,32.8,31.8,24,29.3,135.7,22,125,67,34,82,10,70,95,138,95,153,66.3,74,30.5,12,52.2,42.8,37.2,35.7,35.7,41.8,73,55,86,80,98,68.9,75,36.4,20,35.3,59,24,36.6,24.6,94,35,44,41,12,60,15,5,54,43.8,5,51,18,33.6,33,32,31.5,54,19,24,23,29,30,26,46.4,54.3,33,29,38,40,66.2,27.7,36,97,24,25,10,30,24,44,1,9,26,29,11,5,10,14,15,21,28,52
2007-05-01,31.5,1,12,7,3,10.1,12,1,22.5,24,0,24.9,32.1,13.2,26.7,22.2,25.6,26.3,38,0,23.5,38.8,16,0,18.9,17.6,1,16.5,1,32.4,22.2,26.8,21.8,23,19.6,19.9,0,17.4,24.7,2,1,23.1,33.6,28.6,13.1,1,1,2,13,34,0,35.5,1,23.4,1,26.1,1,1,28.2,3,1,20.7,26.9,28.6,0,27.9,1,20.1,2.3,0.2,8,0,26.1,32.1,20.9,53,22.2,29.2,23,19,33,24.4,37.3,36,43.5,19.7,37,19,30.5,29,29.2,34.6,35.2,29.4,18,30.6,3,26,21.4,19.5,17.6,33.9,18,17.7,27.5,16.1,13,23,22.6,95,32,45.1,54.1,50,54,35,29.9,25.3,32.7,45,13,49,15.2,33.6,24.1,28.9,9,21.4,14.9,31.4,31.4,13.9,29.6,27.2,99,3.5,26.4,18.2,16.3,27.5,39.7,14.3,32.2,30,22.6,6,12,48.5,29.9,42,51.8,23.3,23.8,22.4,22.5,28.9,14.3,12.6,7.2,21,21.5,30.8,32,20,12.2,15,16.6,9.5,0,3.4,14,31,23.5,14,26,32,29,21,7,9,29.5,9.5,6,21.6,15.1,12,12,19.6,0,12,25,27,12,12.6,6.3,9.9,58,0,0,0,7.9,17.1,22.6,18.5,22.4,21.4,16.1,15.9,24.5,21.6,29.6,21,16.6,26.7,12,19.7,24.2,18.8,15.6,29.6,20.5,17.4,18.2,17.9,36.6,25.1,21.3,20.4,25.6,30.5,35.8,35.1,25.6,18.3,35,20.5,22.9,9.2,14.6,20,24.2,22.7,25.9,20.2,41,36.5,19.6,14.8,23,19.3,23.4,15.6,21.8,44.1,26.5,20.7,42.8,27.8,23.7,30.3,15.5,22.5,22.5,15.5,15,17.9,1,16.8,16.1,14.4,24.3,25,19.2,25,26,14,10.1,7.3,0,10.2,13.8,3,7.8,11.9,5,22,14,13,15,12,20,37,27,7,3,22,22,8.5,7,22.1,17.1,17.7,18.1,21.3,12.3,10,30,11,15.3,9,21.7,10,25,35.7,19.1,35,13.5,19.6,15.2,35,17,11,15,20,15,30,15.8,21,22,21,27.2,28,14.9,33,32,26,35,13,16,22,25,25,28,7,28.7,27,28,14,31,21.7,6,3,0,0,2,5,0,2,2,1,2,2,0,3,0,0,10,0,10,3,8
2007-06-01,0.5,0,1,0,3,0.8,0,1,8.9,6.6,23,5.1,14.6,4,14.8,8.3,9.1,6.6,13.1,0,12.9,16.5,11,4,6.6,8.5,0,4.9,0,16,11.9,14,10.1,17,6.9,7.3,2,8.3,7.7,0,4,10.3,10,12,6,0,0,0,2,13.9,0,13.2,2.3,16,0,12.6,0,0,13,6,0,9.3,16.8,8,0,13.2,0,5.5,18.3,24,1,5,1.2,0,16,20.1,15.4,18.6,11.2,11.2,2,13.9,14.1,9,8,8.9,8.9,7,14.7,17.7,12.8,22.5,14.9,7.8,7.8,18.7,8.1,11.3,11.7,6.4,7.6,22.1,10.4,8.4,3.1,4.7,9.9,5,14.7,12,0.5,15.1,60,8.3,8.4,11.4,10.1,10.8,16.4,7.6,15,23.8,7,17.2,11.9,8.8,5.5,8.7,9.5,16.4,21.6,9.6,11.2,11.7,19.6,6.8,23.3,22.9,12.7,12,18.2,8.5,33.3,7.5,8,7,4.1,14,12.8,22.7,34.6,11.5,8.7,22.3,8.6,13.2,9.8,13.7,10,7.3,8.9,19,4,0,18.1,20,14.6,25,35,18,10,31,0,31,21,10,22,27.1,23,22,8.5,11.2,19,2.1,0.2,22,17,21.1,22,22,0,10,13,21.7,24,11.4,19,0,31,35.5,25.2,10.1,8.5,7.7,12.7,11,6.1,3.4,11.1,6.1,9.2,4,3.7,6.2,5,9.6,6.9,6.5,8.5,10,11.1,7.2,8.1,7.1,10.9,22.5,7.2,9.6,11.3,10.7,20.8,15.3,4.8,11.3,6,8,10.7,9.3,11.3,5,9.1,10.1,9.7,6.6,7,33.4,10.5,6.2,7.3,11.4,9.7,9.3,6.7,49.1,10.7,9.1,20.6,13.7,8.5,14.9,6.9,15,12.1,12.4,7,8.3,1,10.9,12.7,13.9,22.9,25,18.3,18,22,16.8,18.3,32,20,30,28.5,29,23.8,5,25,15,0,21,9,22,10,1,12,3,0,20,0,3,10,9.4,8.8,13.4,9.6,11.9,12.1,4,5,10,14,14,10.8,8,5,14,13,1,13.9,10,8.7,1,17.6,18,10,16.9,15,15.8,16.4,26,11.8,7,13,20.8,17.9,0,0,6,10,4,7,1,3,2,2,2,9,4,2,1,22,11.9,11,30,38,45,44,33,21,37,30,26,11,40,34,29,33,26,20.5,0,15,7,16
2007-07-01,7,0,19.4,0,1,1.3,0,0,11.1,5.7,0,5,21.1,2.4,17.4,9.2,25.3,7.4,14,0,22.6,21,14.9,0,9.6,9.4,1,5.7,0,16.5,13.3,20.3,7.9,23.1,9.6,13.8,0,2.4,9.7,0,5,12.6,21.8,15.9,7.6,0,0,0,0,21.5,0,15.3,1.7,16.1,0,22.4,0,0,15.4,1,0,16.6,22.9,16.9,0,3.6,0,9.6,0.8,19.5,0,3,9,30,25.2,20.8,22,21.2,14.6,14.2,6.9,15.8,28.4,5,1.5,11.4,6,9,17.3,16,14.9,21.5,20.8,13.6,10.5,23.7,6.8,16.1,19,11.8,8.8,28.8,15.9,14.2,6,9.7,13.6,15.1,19.4,18.8,12,20.1,50,15.8,4,11.8,2,12,20.3,13.1,6,31.2,7.8,25.1,13.1,14.7,7.9,11.7,14.6,13.8,29.8,6.2,17.3,16,33,10.4,24.8,19.8,13,20.2,23.4,14.5,31.8,13.5,14.6,12.9,5.7,9,15.1,27,33.1,15.6,13.6,22.6,14.5,17.9,11.2,19.3,13.2,11.8,15,24.2,7,0,10.7,0,12.5,0,6,6.3,1,0,20,10,10,0.7,0,12.2,20,10,1.7,15.2,13,4.4,0.9,40,40,13.3,0,0,0,0,25,10.5,8.5,5.5,8,30,0,7,8.7,14.4,15.4,9.1,15.1,15.7,7.6,4.2,14.5,7.8,13.1,1,5.3,8.1,0,5.7,8.9,8.8,7.9,9.9,9.2,7.3,10.6,16.7,13.1,29,10.8,10.6,11.7,8,15.9,16.3,10.6,14.8,5.7,8.8,11.1,11.1,9.5,0,12.8,16.9,8.3,10.3,0,31.3,14.2,6.4,4.7,18.8,9,7.2,11,61.9,15.2,10.3,23.3,10.2,8.2,24.9,9.6,6.5,9.6,10.6,0,7.8,5.3,7.3,9.9,9.1,13.3,0,20.9,17,9,11.6,8.4,0,11,7.5,12.2,6.4,12.1,0,8,0,0,0,0,0,0,0,0,0,0,9,0,0,15,7.9,4.7,6,7.6,6.8,8.9,5,5.8,10,10,9,6.6,8,6.7,7.8,8.1,6,9.2,6.9,6.8,6,12.1,9,9.7,16.3,13,12.1,9.3,12,9.1,8.9,16,12,11,5,0,10,14,10.5,11,0,7,0,8,9,13.5,6,6,2,10,10.5,9.9,2,2,0,5,30,0,0,2,3,0,0,0,2,0,0,0,0,1.5,4,0
2007-08-01,3,0,0.5,0,7,0,0,0,11.6,6.9,0,6.2,23.5,5.1,18.4,12.4,22.8,11.8,25.2,0,20.5,22.7,19.3,8,9.5,11.2,0,7.5,0,21.6,13.8,19.7,15.9,30.9,12.1,13,0,4.2,7.3,0,0,17.7,30.3,20,7.2,0,0,0,0,22.6,0,15.6,2.4,18.3,0,23.3,0,0,17.2,1,0,19.9,21.9,21.7,0,17.2,0,9,4.1,4,1,7,8.5,7.3,28.4,19.5,22.5,21.1,14.5,15.4,8,18.3,27.9,8.9,3,13.4,0,6,16.6,17.4,20,24.4,24.7,12,8.4,24.7,3,2,17.3,12.3,8.6,28.6,13.8,15.1,4,7.7,15.1,13.8,20.4,19.2,5,6,36.1,2.5,12.2,10.2,16.4,14.1,21.3,3,23.8,32.8,8.7,28.9,17.8,14.2,8,13.2,21.3,12.6,26.9,5.8,23.3,18.1,45.1,11.1,22.3,22.1,14.8,21.1,20.4,11.2,32.4,15.8,14.6,23,8.7,18,17.2,28.5,41.6,14,15.4,25.5,15.6,22.1,13.1,21.3,14.5,5,11.6,19.1,1,0,4.1,0,5.8,0,0,6.2,0,0,8,0,0,6.3,0,9.6,3.8,6.8,7,7.9,0.2,0,0,0,2,6.5,0,0,0,0,3.7,6.5,7,1.9,8,0,5,0,6.6,17,11.4,11.1,17.5,13.5,9.3,3.8,14,8.3,12.6,4,6.5,7.6,0,5.7,7.2,12.4,8.6,7.7,7.2,7.5,8.1,13.2,9.2,27.1,11.3,13,9.2,9.3,18.6,12.7,9.6,13.5,5.6,5.2,12.5,7.9,8.1,0,13.2,16.6,3.4,9.4,0,36.9,13.6,6.6,3.6,17.5,7,5.9,7,70.4,19.1,8.4,22.7,8.2,10,18.9,7.1,1,6.9,10.1,0,3.9,4,5.7,9.4,14.6,8.8,0,15.8,0,0,8.1,10.9,0,0,2.5,9.9,1,6.6,0,0,0,0,0,3,0,0,0,9,0,0,0,0,0,7.8,5.4,2,3.7,5.1,4.3,8.2,6.9,4.7,2.5,5.9,1,9.1,5,1,8.8,11.5,3,7.9,2.6,4.2,1,10.3,3.7,3.3,11.8,4.1,8.5,2.8,1,6.9,1,2,7.2,7.3,5,0,3,11,0,0,0,1,0,0,0,7.9,2,0,0,0,9,0,4,8,0,0,2,0,5.5,5,1,0,2,4,15,0,3,11,6,11,5,2
2007-09-01,1,0,8.2,6,19,5,20,12,12.7,13.8,28,18.8,32.1,21.9,14.3,13.9,27.3,20.3,49.8,3,11.6,29.5,13.3,22,15.2,12.4,1,18.1,2,46,17.8,40.3,61.8,23.6,14.7,14.3,13,32,39,13,69,19.1,26.2,25.4,33.3,4,20,35,2,27.6,16,33.4,1,45.2,1,28.5,15,7,31.6,50,4,14.3,27.3,27.4,0,17.9,1,12.7,46.2,59.5,53,4,4.5,4,17.8,12,17.9,22.8,5,31,18.1,23.1,20.2,3,4.5,18,5,2,4.3,27.2,22.7,25.2,26.7,24.1,17.2,35.5,2,2,14.7,12,14.4,19.6,13.3,19.8,3.5,9,13.1,3,20.5,5,1,15,55,9,20,15.6,14.1,18.8,18.3,10.5,17,43.1,14.7,39.1,23.3,21.8,3,18.5,20.9,30.6,49,13.8,19.5,24.9,32.3,14.6,12,33.3,29.7,24.8,29.6,17.9,31.7,12.6,15.4,6,11.4,19.7,21.7,27.9,31.2,13.5,14.8,24.2,19.2,18.5,22.6,20,5.6,15,15.6,28,42,42,95.5,79,92.3,30,112,78,83,59,108,120,125,76.9,113,98.7,76,84,70.6,17.7,65.5,44.9,64,80,47,122.8,45,63,23,57,93,119.6,96.1,79,98,112,81,93,80.8,20.5,42.3,32.2,26.1,38.3,29,29.8,36.4,33.5,34.8,19,24.3,40.3,67,11,46.5,22.5,52,47,57.4,50.4,35.5,38.3,54.9,32.9,48.1,35,60.2,58.7,71.8,49.3,68,42.3,12,55.9,41.8,35.8,62.8,70,56.4,56.2,59.7,74.7,74.6,39.1,32,36.3,47.8,43.9,59.8,57.6,53.4,102.4,103,44.9,71.4,67.5,42.6,77.2,40.3,80,94.8,55.9,100,92.8,32,154,84.5,72.3,105.5,103,74.3,123,113,80,86,15,66,40,70.4,84,88.7,49.6,84,90,14,71,79,72,120,80,96,45,16,145,57,28.3,45,48.8,12,43,4,42.5,49.7,50,89,34,44,98,77,51,32,88,21,48,25,18,29.3,50,92,86,65,66,76,57,79,102,40.9,115,99,125,93,57,43,60,56,48,49,54,57,59,50,39,49.3,43,45,46,90,62.4,62.5,105,82,68,84,68,92,90,63,95,0,84,106,46,0,88,105,68,114,177,92
2007-10-01,13.5,1,6.9,0,43,55,42,22,44.5,44.9,28,32.6,46.6,38.1,65.9,41.5,49.1,45.3,74.9,40,56.8,68.2,37.6,33,46.9,48.4,35,47.6,35,71.1,41.8,64.9,68.5,50.3,40.8,39,45,60,54.8,5,30,56.8,63.6,50.9,36.6,25,5,28,88,57.2,88,66.8,15,61.6,79,48.1,6,50,56,13,30,48.5,58.4,69.7,40,41.5,33,31,90.2,92,24,67.5,6.1,19.1,16.9,99,28.8,56.5,89,61.5,72.6,38.6,41.5,74,44.3,49.8,54,8,59.3,57.7,48.3,59.8,66.5,53.2,24.6,37.9,2,28.2,20.4,20,20,30.1,32.3,24.2,16.3,15.9,20.9,37,56.1,89,17.5,106,100,79.5,54,77,20,60,60.2,84,10,72.2,38.3,59.7,46.2,37.9,44,44.4,34.3,45.3,37.6,19.4,25.8,51.3,43.1,31.4,21,43,35.9,46.8,55.5,38.9,34.5,16,23.3,25,18.9,26.4,69,54.2,87.8,18.6,18,75,55.3,43.7,35.2,14.7,5.5,12.5,22.7,52.6,71.5,40,65.7,47,52.7,62.9,96,103,27.5,12,204,131,41,79.6,3,81.4,84,89,76.3,19,98,11.2,13.3,99,63,82.2,100,142,20,29,119,70,95.3,59.5,97,90,167,104,87.3,23.9,35.8,30,25.3,37.4,33,27.7,37.3,44.4,41.3,52,27.7,34.6,60,31,33.1,40.3,35.6,49.4,43.2,37.8,35.9,35.2,54.2,34.5,36.7,26.9,44.6,45.9,71.5,40.2,52.3,30.1,62,31.1,29.2,24.2,36.9,13,33.3,37.1,38,39.5,34.4,70.1,23.8,28.8,41.9,34.2,45.5,39.1,41.3,63.2,67.8,31.6,74.4,56,37.8,69.9,32.4,45,56.3,42.1,45,49.3,19,15,51.5,51.3,81.4,65,61,32,15,64.1,58.6,82,52,124,85.7,84,99.7,46.4,65,29,9,52,72,72,41,14,48,25,19,29,7,35.4,50,42.7,40.1,41.2,39,29.2,42.1,18,21,30,34,76,47.9,30,53,4,32,28,16,36,29,30,55,73,44,55,69,72,55,86,40.3,48,48,34,65,77,82,72.5,92,64,52,58,62,44,47,36,44.7,72,48,20,44,40.2,34.7,105,92,95.5,54,73,103,138,115,121,0,110,88.5,105,71,91,85,69,129,60,118
2007-11-01,36,27,25.1,32,96,15,60,60,45.1,42.5,28,48.6,54.1,39,65,45.6,53.5,45.2,67.2,41,50.4,57.8,38.1,89,46.5,51.2,90,46.7,22,73.4,40.5,60.8,70.6,51.3,40.2,48.5,61.8,58.1,73.3,16,37,53.4,53.2,53.8,36.5,37,21,56,45,52,34,55.9,10,55.9,14,52.2,29,12,55.6,61,18,50.2,58.6,63.6,60,42,60,45.9,74.1,64,134,41,10.7,27.5,27.7,18,32.2,57.2,77,12,27.3,46.3,36.8,74,44.7,59.5,95,11,28.8,55.5,53.8,54.3,62.4,50.4,31.6,32.1,7,29.7,27.4,41,30,44.8,35.6,21.6,23,25.2,19.4,22,57.9,55,56,36,45,119,35,50,29,22,55.5,124.5,25,67.3,37.1,53.1,49.2,46.7,30,42.6,30,48.5,42.8,26.2,34.7,52.2,49,34.8,30,55,36.6,48.3,60.3,36.6,37.7,27.8,26.1,41.6,3,45.8,50,47.6,96.2,27.3,10,58,51.2,43.9,36.9,12.4,6.2,26.5,26.3,57.1,51,63,38.2,32,27.1,27.3,15,22,26.5,0,65,18,19,4.8,16,47,19,56,12.5,18.5,36.3,47.9,33.7,7,42,46.3,24,43,51,40,65,38.3,50.6,29.2,6,30,28,52.5,36.3,30.6,55.9,57.3,47.3,63.5,71,50.5,60.5,64,68.4,61,55.4,70.6,97,92,67.6,49.4,42.5,55.4,62.8,46.7,44.2,46,56,29.8,43.5,35.2,44,37.3,70.1,40.2,50.6,41.4,44,40.2,33.2,24.9,41.6,26,33.4,31.4,29.1,35.8,30.1,81.8,27.8,32.9,34.3,41.4,36.5,31.7,39.5,60.1,35.7,31.1,68.8,38.8,36.8,48,35.8,8,27.2,32.1,13,29,26,28.2,30,34,48,31,41.1,96,85,27.2,26.1,32.4,29,24,41,32,36.8,97.9,29,76,90,27.2,45.8,10,5,17,33,14,50,85.3,29,32.3,17,44.3,31.1,41,76,28.7,29.4,15,29,29,27,11,32.6,14,38,11,81,52,33,105,28.3,85,38.8,30,9,30,47,20,59,15,35,4,21,36.1,5,54,86,40.5,99,66,42,62,69,44,34,25,45.9,81,53,16,31,30.8,27,68,23,49,34,52,54.5,45,0,55,0,85,68,53,52,42,77.5,47,103,82,35
2007-12-01,78.1,61,48.8,62,124,91.8,63,96,96.9,89.3,102,87.5,109.3,84.3,133.4,95.6,96.9,103.3,119.4,135,108,129.2,94.7,128,112.4,99.6,113,121.7,115,102,111.3,106.7,114.7,117.7,96.4,99.8,73,126.8,75.6,94,106,134.6,128,95.5,62.8,72,146,58,91,108.2,95,118.3,55,96,208,108.7,93,106,112.7,53,268,117.2,107.5,107.4,79,102.9,82,107.5,118.9,137,171,105.1,0,88.9,92.6,145.6,159,47,137.8,125,167.2,109.2,98.4,164,197.5,127.3,172,41,52,135.2,143.3,162.9,119.8,116.2,85,96.2,16,89.7,68.5,84,125,71.3,90.6,65.2,134.5,65.4,62.3,174,192.8,223,206,141.1,140,218.1,179,159,145.5,147.3,135.9,156.7,211,126.6,104.4,138.6,107.9,120.2,71,98,94.1,117.5,70,57.5,84.8,111.9,83.9,93.4,47,47,94.6,116.5,131.8,114.5,127.5,161,76.7,81,101,128,140,133.7,168.1,93.8,125,55,107.3,102,110,27.7,13.9,145,77.8,102,133.2,85,96.6,63,87.8,83.1,65,63,86,69,106,97,71,116.6,90,100.5,117,81,115,55.8,152.3,63.5,83.6,142,139,103.2,135,172,189,83,59,89.2,52.6,85,78,56,85,73,72.2,55.2,73.8,69.2,44.9,84.8,67.9,61,59.8,83,64.7,64,68.3,59.2,25,21,61.1,82.2,82.6,75.6,89.7,74.4,83.7,82.2,106.5,101.9,87.1,99.6,93.5,64,105.4,105.3,102.2,78.5,55,61.8,102.5,87.5,82.9,74,66.7,85.4,81.6,68.4,53.9,105.8,79.7,93.9,20,93.5,78.9,70.7,87.7,89,83.3,95.2,122,105.5,93.8,100.7,20,44,70.4,74.8,40,79.3,35,28,79.8,84.2,107.8,76,84.8,106,136,81.2,70,73.4,65,62,70.3,95,67.2,92.1,122,111,45,65,84.6,77,60,59,143,57,25,81.7,130,127.1,41,60,26,55.8,8,44.5,63.4,50,55,50,65,74,79.5,38,86,59,3,78,8,11,42,88,54,77,45,63,81,49,55,78,81.5,72,62,57,69.8,129,165,136,140.4,154,162.2,140,139,194,106,85,96.7,166,176,50,103,75.5,94,18,14,28,45,24,53,26,0,56,0,21,27,21.5,6,7,6,13,57,16,80
2008-01-01,165,0,102.3,102,50,214,218,51,174.7,112.1,40,115.6,128.3,121.7,133.6,162.5,112.8,131,139.2,239,127.7,166.8,152.4,42,163.8,154.1,159,151.9,107,122.5,138.5,148.8,139.4,145.4,128.3,139.6,145.2,147.4,98,34,137,162.9,141.9,160.3,103.5,117,35,134,306,147.6,171,136.8,133,142.2,253,144.3,45,39,155.6,22,222,142.8,163.2,149.1,118,96.3,46,131.8,193.5,162.7,151,187.6,112.3,130,141.5,241,177,104,190,203.5,236,178.5,158.8,272,275,181.9,154,167.4,227.2,187.9,172.8,207.5,178.5,166.4,143,120.6,84,143.7,78.7,71,104.6,116.2,113.9,104.7,159.8,93.1,94.7,96,213.2,233.3,161.5,213.2,90,262.1,155,94,224.7,252.6,183.1,196.7,210,227.5,143.4,176.8,147.7,167,114,138.4,146.9,132.9,136.4,96.5,83,158.6,154.8,126.4,78,125.1,148.6,150.4,185.2,167.1,147.3,30,115.7,222,72,147,68,213.3,222.6,129.7,103,175,174.9,118.3,153.8,58.1,55.1,103,116.8,155.7,327.5,150,137.9,196,114.7,116.6,58,146,244.5,305,174,145,131,85.5,143,153.5,197,238,107,158.7,299.5,144.6,149,208,197,164.2,236,231,113,250,193,133.9,111.3,136.6,97,95,56,79,111.5,74,132,128.9,90.1,160.9,148.4,126,132,153.3,130.4,98,128.4,149.6,162,210,143.4,142.7,156.3,45,161.2,153.4,126.6,152.1,207.7,125.9,133.6,157.3,179.3,143.3,182.6,178,159.9,143.4,168,127.6,171.8,161.1,171.9,116,121.7,170,172,110.6,140.7,125,123.5,158.2,139.9,152.1,171,142.7,179.5,109.2,151.6,166.8,189.2,180.1,161.9,226.5,43,120,115.3,177.9,163,132.3,284,87,125.8,159.1,166.2,176,149.1,111,91,109.7,100.4,124.2,85,92,104.4,157,92.6,180,54,189,217,31,127.3,183,182,104,177,243,136,107,69,249.6,271,143,120,90,95,17,27,105,176,257,257,313,116,242,139,86,28,119,40,4,92.3,213,28,343,418,192,353,139,144,163,182.4,87,214,4,63,213,234,247.5,286,294,240,174,245,213,200,184,175.9,316,254,159,92,159.4,90.5,139,54,38,46,60,48,45,0,48,104,116,106.5,130,114,74,155,153,112,157,53
2008-02-01,116.4,73,142.9,86,90,197.5,246,69,117.5,116.9,59,76.6,94.7,77.5,115.7,115.4,84,107.9,109.8,112,96.9,141.5,109.8,131,122.5,117.7,168,108.9,105,111.7,130.6,126.5,117.3,112.1,106.9,104.6,101,138.2,37,109,106,115.6,133.5,115.1,79.1,25,67,90,249,129.6,181,120.6,70,107.9,141,111.2,27,52,118.8,73,78,112.4,109.8,107.8,0,84.7,100,113.6,101.4,85.8,79,139.5,73.5,83,84.1,153,71,119.8,126,104.5,103,118.9,108.4,186,174,106.4,82,94.9,108.3,133.4,122.7,146.6,109,125.2,92.7,87,28,89.2,66.6,152,81.6,69.9,77,71.1,72.8,65.8,75.9,154,186.6,143.4,94.5,148.4,130,162.3,130,128,140,136.2,123.6,147.9,166,123.9,112.9,150.8,94.3,120.3,54,106.6,109.2,108.9,91.1,78.7,122,124.8,88.7,113,108.4,87.6,92.3,112.3,148.2,116.8,139.9,108,78.7,105,37,90,111,129.9,137.7,84.8,103,155,111.7,100.7,111.4,31.6,9.5,94.4,78.6,126,199,190,100.4,69,83.4,89.1,129,136,104,121,58.5,161,177,123.3,114,110.5,73,41,118.5,200,84.1,122.6,122.1,60,119,100.6,98,108,128,30,96,120.3,113.2,99.5,110,132,156,158.5,131.1,63.5,117.9,105.3,90.2,136,124.9,68,110.5,131.2,125.7,294,113.2,128.4,115,50,136,115.8,130.5,118.4,132.3,134.3,121.6,147.8,153,105.7,130.7,127.1,161,128.7,151.9,140.8,135.2,118.3,214,116.9,131.4,103.4,121.9,148,117.9,110.8,123.9,92.5,131.9,105.5,90.2,98.1,12,102.2,103.5,93.6,109.3,92.5,135.9,105.6,131.1,124.5,118.2,133.1,30,41,114.1,88.9,85,118.5,135,95.5,85.8,99.7,118.7,92,108.9,115,130,101.4,98.8,107.6,166,86,111.8,130,138.8,149.1,161,48,182,88.2,107,80,81,191,178,69,165,137,166,188.9,60,158,60,143,113.1,78.6,87.1,90,164,66,48,50,159,55,107,114.8,108.9,210,138.3,120.7,81.3,105,15,117,47,23,21,44,86,84,114.5,128,43,86.2,78.2,293.5,241,160,329,337,251,167,148,193,160,146,153.7,148,190,182,144,104.1,148,136,182,115,123,144,158,145,0,188,143.6,63,214,114,167,210,134,141,60,100,135
2008-03-01,87.5,48,79,37,69,192.5,92,91,129.1,103.2,28,91,90,88.9,118.8,148.8,85.5,130.9,78.7,42,122.5,127.4,129,64,132.8,146,174,128.8,122,83.2,128.7,96.5,81.8,123.7,111.1,118.8,82.4,115.6,74,26,44,145.6,144.5,105.2,56.3,57,18,40,293,110.1,41,107.8,71,85.9,120,93.3,37,27,105.8,7,142,125.8,113.8,91.3,126,74.4,105,128.8,156.5,184.9,127.8,132,78.8,67.8,92.1,194,130,161,171.9,187.2,245,135.4,126.6,153,276,146.2,253,114.2,145.6,162.5,153.2,195.3,132.2,126.8,99.8,86.6,19,100.7,67.3,100,96.7,80,90.4,72.2,53,77.6,73.4,213,208.3,199.2,133.5,164.7,145,230.6,168,178,187.4,186.9,156.2,179.1,263,170,111,159.7,122.5,147.1,126,118.6,114.2,133.6,88.3,63.8,82,123.4,120.5,107.3,167,95.6,109.7,129.4,131.4,129.2,132.9,160,85,37,66,307.6,126,154.3,181.2,101.5,182,165,136,107.2,130.8,26.9,16.7,110.1,95.1,140.4,167,95,72.7,129,69.3,74.5,93,106,146.5,131,74,124,89,67.5,65,95.2,105,85,55,190.3,177,143.6,120.6,117,161,98.4,160,190,98,102,37,84.1,57.3,73,74,100,75,64,75.7,61,85.8,80.2,55.5,99.6,91.3,16,81.7,98.9,84.1,49,76.5,75.6,125,74.4,73.6,89.8,83.3,73.9,104.9,82.2,93.4,94.9,120.4,105.8,95.1,106.9,98.2,75.6,99.6,125.1,98.2,90.5,11,78.2,108.2,96.5,102.7,97,93.9,95.5,84.2,75.4,93.3,110.6,82.3,103.1,22,116.6,92.9,87.7,106.4,85,93.8,102.1,126.8,129.6,106.3,131.4,35,93,70.3,86.6,131,80.4,63,78.6,72.2,80.6,103,76,86.3,43,104,79.7,55.6,76,97,18,79.1,52,62.4,60.6,48,128,121,7,101,11,132,92,159,110,53,105.4,77,71.1,65,28,20,35,30,53.9,77.9,72,47,136,48,103,71,88,55,85.6,66.4,50,100.5,68.6,55.9,66,30,34,57,93.6,60,22,39,58,87,49,72,66.2,65.6,118.5,170,191,175,184,175,149,169,166,153,99,110.6,204,139,58,78,96.5,64.6,62,50,20,71,29,74,49,0,75,43.5,27,36,66,33,10,42,11,36,13,54
2008-04-01,20.5,0.4,15.2,7,0,21,0,0,46.1,45.5,0,44.8,40.5,37.5,65.4,54.4,46,56.1,42.4,8,39.9,48.9,38.6,0,39.2,55.5,38,47.9,12,58.5,63.7,52.9,52.2,44.7,47.1,50.5,0,40.9,38,7,0,53.5,53.1,48,34.1,26,6,1,25,43.9,0,45.2,2,43.5,40,43.8,5,0,45.1,79,0,40.3,51.5,52.5,30,37.1,12,48.5,10.9,6,21,13.1,33.7,66,37.3,90,37.8,62.7,65.6,61.5,63,51,54,63,52.3,44.2,66,50.3,71.2,65.9,50.8,64.8,67.3,72.9,35.7,40.1,22,38.8,39.6,7,32.1,58.5,35.5,27.3,40,28.8,25.6,51,67.5,74,55,90,88,70.3,58,62,58.6,61.3,63,73.8,75,69.4,37.1,66.9,48.4,44.4,35,47.9,34,50.1,43.4,24.4,45,55.9,60.6,41.1,32,26.1,38.1,61.1,61.2,36.6,37.5,66,33.1,11,33.7,39,9,58.8,79.3,32.3,50,23,54.2,60,41.6,11.7,9.7,40.1,33.6,53.7,24.5,4,45,51,54.9,10.1,19,34,7.5,47,0,34,15,24,32,56.2,51,129,14.5,2.4,26,7,5.6,24,35,61.6,21,30,8,22,12.6,54.9,38.8,42.6,43,30,22,20,29.3,47.9,45.6,40,36.9,48.2,44.1,32,46.5,53,45.6,28,32,44.5,17,36.4,51.7,31.3,37.4,55.7,55.1,45.4,30.9,43.5,63.1,49.1,35.9,35.4,50.6,60.1,65.9,43.1,59.3,48.4,42,52.1,45.2,32.5,42.5,15,33.6,51.6,44.9,37.4,52.4,71.3,32.5,32.7,14,41,53.5,39.6,46.8,74.5,55.1,42.7,82.6,67.1,52.5,82.4,139,64,38.4,38.4,16,47.4,45,28,44.2,54.8,75.2,45,51.5,20,28,34.1,29.7,7,32,88,34.1,22,29,4.3,24,56,5,5,26,11,51,36,122,11,3,49.6,5,5.5,110,90,55,40,37.6,29.4,28.3,106,100,36,30,96,116,71,152,80,41.4,14,24.1,35.8,25.4,36,130,108,90,76,100,94,56,70,42.9,52,83,35,32.3,0,35,28,41,54,47,23,20,26,34,21,43.7,28,16,7,33,43.6,20,15,10,11,15,13,3,28,0,0,24.9,10,12,24,5,0,5,3,9,1,0
2008-05-01,1,3,7,0,4,1,0,0,10.3,4.6,0,6.5,23.1,7.3,16.3,7.4,19.2,9.3,14.3,0,22.6,21.5,14.5,0,9.3,8.8,0,6.6,4,18.4,12.6,19.1,10.8,27.9,12.3,9.3,0,4.4,3,0,0,16.4,21.9,17.1,5.2,0,0,0,0,19.1,4,15,0,14.6,0,18.9,0,0,13.6,19,0,17.6,18.5,14.3,0,5.3,0,8.3,18.5,3,25,30,6,7.2,23.9,12,21.4,22.3,13.4,20.4,0.7,19.9,22.2,4,23.5,11,2,17.6,16.2,16.3,16.9,22.7,21.1,12.4,7.6,22.8,9,14.8,14.2,15,8.8,26.5,12.5,15.1,8,7.3,15.1,8,18.9,19.6,13.5,22,70,16,14.9,10.4,16.3,13.9,22.8,14.4,19.3,29.8,8,26.3,14.5,14.3,5.1,11,18.3,14,22.8,6.8,18,17.8,30.1,9.6,19,19,12.8,15.4,21.3,7.2,33.7,12.7,11.8,14.1,8,33,18.5,24.2,35.8,12.8,14.6,22.7,15.1,20.6,15,20.5,12.9,9.2,12.2,18.9,7,10,6,4,5.9,0,5,8,3.5,5,1,6,25,1.1,0,9.3,10,5,2,6.6,11.2,3.2,1.5,10,12,6.9,0,9,4,0,0,10.3,11.2,3.2,11,6,7,7,10.3,15.4,6.3,9,15.7,11.9,4.7,0,15.4,6.3,12.5,4,6.4,9.7,0,8.7,7.1,6,6.7,7.8,6.8,8.7,5.4,11.3,8.9,24,7.4,9.4,7.9,7.5,12,13,9.8,11.2,2,4.9,10.7,6.8,9.9,0,13.3,17.6,2.2,7.2,0,29.1,9.4,6.1,4.3,11.6,9.7,5.7,7.5,66.7,14.2,8.9,15.6,13.4,10.2,18.8,5.9,4,7.6,8.8,5,4.8,5,7.8,6.9,7.8,15.3,0,19.4,3,2,9.6,7.6,0,0,8,11.4,0,9.8,0,0,5,0,3,1,8,8,11,0,7,0,2.9,2,0,5,1,8,5.7,5.9,6.9,7.8,16,7,0,0,5,13,3,1,6,13.6,2,9.6,4.6,6.8,2,12.3,7,8,10.5,6,7.7,5.5,4,11.1,16,11,10.9,9.1,10,26,7,6,11,9,3,8,6,7,8.7,6.7,6,6,2,2,9.3,0,1,10,9,38,21,10,14,12,0,6.5,2,0,0,2,10,6,3,9.5,12,4
2008-06-01,0,0,0,0,0,0,4,0,11.4,6.7,0,6.7,18.5,6.4,19,9.3,17.6,8.2,17.7,0,20.5,21.9,14.5,0,7.6,8.5,0,7,0,19.2,10.9,13.9,12.4,24.8,9.4,8.7,0,2.4,4,0,0,15.5,18.6,13.4,7.2,0,0,0,0,23.4,4,16,0,16,0,19.1,0,0,14.2,3,0,17.3,22.3,13.1,0,11.2,0,9.4,6.1,6,0,0,3.7,0,20.1,20.7,19.1,18.1,13.9,14.2,5.7,17.6,22.9,7.7,8.1,11.1,3,10,17.3,16.8,16.2,22.8,19.1,10.9,8.8,21.1,9,15.9,14.4,8.6,6.7,25,11.9,12.1,3.3,5.4,13.8,2,17.1,21.3,9.2,19.4,40,9.8,9.4,11.2,14.1,12.7,16.9,13.1,18.5,29.1,7.6,22.7,14.6,10.9,4.5,13.1,19.4,11.8,27.9,4.6,19.2,17.5,33.9,11.2,20.8,23.6,14.2,14.4,20.8,8.9,33.9,11.2,12.5,11.9,4.7,15.4,12,26.3,36.4,12.5,14.2,22.9,13.2,16.1,15.2,14.5,13.3,8.2,11.2,21.9,0,10,10.6,4,8.4,0,16,15,5.7,2,106,12,8,3.1,0,14.4,8,8,2.8,11.1,12,0.1,1,15,21,14.5,43,17,0,0,0,17.6,20.5,6.3,1,14,8,9,11.9,11.8,10.8,10.4,15.4,10.2,7.2,1,11.7,6.7,13.2,3,6.1,8.7,2,4.6,7.7,12.3,9.8,7.7,11.4,9.1,11.9,16.3,12.6,24.9,14,13,6.4,6,18.4,14.4,10.9,12.5,6,6.7,10.4,6.9,9,3,13.2,14.6,3.8,7,2,35,11.5,11,1,13.8,8.7,6,7.5,65.9,16.7,10.6,24.9,8.8,10.1,23.7,5.5,5,9,12.4,5,7.2,8,6.5,10.4,7.5,13.2,4,17.5,3,7,9.8,11.6,0,31,11,16,22,16.3,5,21,4,1,0,1,0,4,3,0,4,4,5.1,0,3.1,7,1,7.4,8.4,4.6,8.7,6,5,1,6,5,11,3,10,5,1,8.4,8,9.4,7.7,4.6,6,7,10,8,8.1,8,6,10,6,5.7,4,8,8.6,8.9,0,6,6,13,8,4,0,4,0,3,5,13,4,1,1,2,9.3,19,23,22,18,11.5,11,23,8,13,20,13.1,19,19,9,16,17,25,12,30,28,20.5
2008-07-01,0,0,0.2,0,0,0,0,0,15,6.2,0,6.5,21.5,6.8,19.2,10.8,23.2,8.8,22.7,0,26.2,23.6,15.3,0,10.5,9.2,0,7.5,0,23.6,13.7,16,14.7,32.9,13.4,9.9,0,4.5,1,0,0,17.4,25.1,17.2,6.3,0,0,0,0,22.6,0,13.2,0,20.3,0,20.9,0,0,16.8,0,0,19.8,27.1,16,0,10.9,0,8.4,9.4,16,11,0,3.9,0,22.9,22,21.5,18.8,15.6,17.1,5.6,21.7,27.4,6.6,10,12.8,0,11,17.3,18.6,20.5,26.3,23.7,15.3,8.3,24.6,7,17.6,15.8,13.7,8.7,27,13.9,11.8,0.5,8.9,16,13.2,19.5,18.7,9.9,19.5,41,15.8,11.6,9.8,15.7,13.3,15.6,23.1,26.8,32.6,9.6,26.1,14.9,14.6,8,12.8,22.4,13.5,28.2,4.7,23.3,16.4,40.5,9.8,21.5,24.3,15.1,19.4,21.4,11.1,35.1,14.2,12.9,12.3,5.8,15.8,15.1,30.8,39.2,13.1,16.8,25.4,14.8,19.9,14.7,15.6,14.2,10.5,11.1,24.2,0,8,9.6,0,7.4,0,30,15,2,1,131,7,5,1.1,7,12.8,12,0,0.5,10.1,8.7,0,0,10,0,10.6,0,0,0,0,0,13.8,15.3,4.8,0,32,6,4.5,14.5,16.3,11.4,11.4,16.2,11.4,7,0,13.2,8.2,13.6,0,7.6,6.6,0,3,8.1,13.3,12,7,12.6,12.7,11.5,17.6,11.4,28.3,14.5,12.7,6.8,8.8,19.8,12.9,11.6,15.4,0,5.6,12.4,8,9,1,16.3,19.1,2.7,7.6,0,34.6,10.3,9,3.1,13.5,12.7,6,8.5,63.2,18.9,9.6,25.7,9.4,11,18,6.3,3.8,6.9,14.1,0,4.8,0,4.9,10.8,14.1,15.2,0,17.6,0,12,9.6,13.4,0,22,0,15.2,26,14,2.9,20,0,0,0,0,0,0,0,0,0,0,2,0,0,0,0,4.2,5.6,2.9,6.7,5.8,4.3,2.7,0,0,0,5.7,0,1,5.2,4.5,0,5.7,4.6,3.5,0,6,0,0,5.1,0,5.8,5.2,0,4.5,0,1,6.9,8.5,0,0,0,0,0,0,0,0,0,0,0,15.5,0,0,0,2,15.4,17,10,10,0,0,0,18,2,5,0,12.5,3,7.5,0,5,5,10,0,15,13,7.5
2008-08-01,2,0,0,0,11,0,3,4,13.4,5,0,9.6,23.9,8.2,19.7,13.3,25.2,8.6,23.1,0,25.5,25.9,17.3,0,9.7,11,0,10.1,0,22.3,14.3,19.8,12.9,24.7,13.5,11.4,0,8,1,0,0,18.5,30,19.3,7.7,0,0,1,0,21.8,14,19.3,0,18.9,0,26.8,0,0,18.7,8,0,22.1,22.4,26.1,0,19.9,0,9.3,17.8,18.3,0,2,6.6,0,23.8,22,25.1,21.9,15,7,11,20.6,26.1,8.5,18.7,13.4,0,11,15.2,17.8,22.5,23.9,21.4,13.8,8.5,25.7,7,15.7,17,12.4,7.5,27.1,11.8,14.2,3,9.2,14.5,4,18.3,18.7,9.5,26,30,11.8,13,12.7,16.6,14.7,19.8,15.1,27.5,34.3,9,29.3,19,16.8,10.1,12.6,22.2,14.3,27.9,1,29.1,20.2,47,12.3,22,24.8,15.7,19.9,20.6,9.8,35.3,16.9,13.6,3,7.8,17.1,15.4,30.6,43.7,13.4,20.7,26.7,15.9,22.4,18.5,20.1,12.5,10.2,11.5,23.9,2,0,5.2,0,7.3,0,3,6,2.5,0,232,2,0,0,0,11.4,4,0,0,9.3,5.8,6,5,8,8,6.6,10,8,0,0,0,10.7,7.1,5.4,0,4,0,7.5,8.3,18.6,10.3,13.2,16.2,15.4,6.5,4,13.5,6.5,15.8,0,12.3,6.6,0,2,8.3,14.9,13.1,6.5,14.3,10.2,12.5,16.3,12.6,25.4,14.3,12.7,9.5,6.9,19,15.4,13.8,12,6,6.3,17,8.4,9.8,4,11.9,18.5,5.3,9.4,0,33.1,15.3,10.4,1,15.6,12,8.4,8.3,75.6,23.1,13.9,25.7,11.7,14.3,28.9,4.9,1,8.2,13.7,0,6.5,3,5.5,10.3,9.8,11.1,0,19.3,0,0,9.2,8.2,0,0,0,10.1,1,10.2,7.1,1,0,0,0,0,0,0,0,0,0,1,0,2,0,2,0,2.7,4.5,5.4,6.2,4.6,13.2,4.3,0,0,0,5.2,0,0,9.3,5,8,13,3,3.8,12,11.7,0,0,5.6,0,11.7,3.8,1,7.6,0,0,6.8,6.4,0,0,3,10,9,0,4,9,3,8,16,19.5,11,8,4,0,9.8,0,12,5,4,12,5,0,0,0,0,7.1,0,11,0,4,0,0,0,10,16,0
2008-09-01,12,20,5,2.5,51,0,35,18,11.9,11.2,25,22.7,27,11.1,18.7,12.4,26.8,13.7,54.3,14,15.1,33.1,12.7,64,14.3,11.3,2,14.4,3,46.6,11.7,41.5,40.6,25.4,15.7,12.3,27,28.9,28,67,46,18.1,24.5,25.1,27.3,3,38,52,12,24,8,30.2,10,34.8,1,26.2,13,5,34.2,1,15,16.2,24.1,26.5,0,33.7,15,10.5,28.2,31.4,3,71,5.7,3.6,19.8,40,17.7,21.6,17,10,38,21.1,20.2,12,16.5,14.7,2,22,19.1,18.2,19.5,27.1,21.3,18.1,14.7,19.1,8,13.1,12.8,15,10.7,21.1,14.6,10.2,7.1,7.7,10.5,7,13.4,15,6,34.1,35,19.8,16.1,9,18.2,15.4,26.8,20.4,15.4,31.8,10.3,27.1,21.8,16.5,9.7,9.8,19,27.7,33,13.3,17.6,19.3,27.6,11.8,22.6,24.7,15.7,20.2,22.2,13.1,31.5,10.9,13.1,12.6,8.9,9,6,27.7,38.9,11.7,32,19.2,14.5,19.6,14.8,8.9,3.6,5.5,11.3,21.5,34,45,25.1,25,28.8,22,36,29,50,58,90,35,19,17,52,33.5,17,17,18,57.2,39,53.2,43,18,21,32.1,28,21,67,23,8,25.8,32.4,22.7,22,43,22.3,14,32.6,16.5,42.1,39.7,33.4,36,34.3,19,30,39.3,35.4,39,27.9,43.2,30,9,51.8,30.9,23.4,51,36.4,45.1,38.6,33.3,49.6,21.4,34.9,28.8,43.2,42.1,46.6,45.5,38.5,28.2,54,34,29.4,17.5,39.7,54,40.4,32.5,40.6,31.1,30,29,26,25.8,34,26.4,35.5,29.9,35.1,51.4,39.5,32.6,37.8,32.8,28.7,36.5,25.2,19,27.8,27.5,26,24.7,30,3,24.4,25.7,37.4,9,32.4,16,30,24.4,22.2,22.9,29,25,29.5,40,26.9,40,59,28,54,18.9,14,21.9,52,45,52,42,28,12,46,40.5,30,40,20.3,32.5,18.2,20.7,21.3,30,23,30,33,21,30,44,24,21,35,54,21.6,17,5,33,9,19,31,21.3,30,20.3,21.5,29,4,23,51,7,22.8,37,33,33,24,49,26,39,57,33,46,41,35.4,50,58,24,16,37.6,30,44,21,33,7,31,36,45,43,40,35.2,16,36,9,14.5,30,28,17,37,34,29
2008-10-01,11,14,32.1,33,25,18.6,67,17,28.8,24.1,52.1,25.9,44.2,31.1,27.2,25.2,31.4,24.8,76.8,18,28.1,46.7,23.1,16,24.4,27.7,45,25.7,11,63.3,20.5,54.8,93.4,37,25.6,19.3,26,46.2,35,17,34,32.5,45.1,42.3,41,23,32,54,30,38.3,25,43,6,45.3,19,41.6,24,11,47.5,56,32,28.1,40.1,47.3,15,41.8,18,16.7,18.3,7.1,8,44.1,11.7,13.3,20.1,50,20.9,33,9,21,48,25.3,19.9,15,40,26.2,28,23.4,28.9,35.3,34.2,39.7,33.8,34,18.8,33.8,22,18.4,17.2,20,13.8,25.3,19.6,17.1,12.5,10.6,13.9,33,25.4,48,26,28,60,38,34,31,30.3,29.4,33.9,43.4,29.2,59.7,22.8,39.5,29.8,25.4,38,27.2,28.1,38.6,43.3,3,17,31.5,39.6,15.9,9,32.8,28.2,28.4,32.6,25.3,34.3,13,17.2,28,12.6,18.5,23.1,37.5,52.7,16.3,25.5,22.3,25,23.3,28.9,10.6,5,16.1,17.7,29,72.5,59,44.2,66,71.3,19.4,25,20,65.9,97,44,40,42,66.3,73,61.1,43,77,57.2,68.2,18,45.2,35.4,38,42,61.9,20,47,52,49,43,52.5,86.6,39.9,83,23,36,37,47.9,27.8,50.2,52.5,36.4,51.7,54.2,49,52,55.1,46.8,35,34.9,54,61,14,58.8,40.7,56.5,34,61.6,65.2,51,60,79.9,42.9,60.6,50.4,76.1,69.8,81.7,60.6,62.5,57.1,91,65.9,49.4,38,77.1,35,65.3,67.4,63.1,55.8,103.1,46.8,39.4,42.2,56.4,49.5,70,62,63,80.5,96.6,48.2,101.3,64.8,44.8,68.7,50.3,104,77.6,49.4,58,58.7,73,33,53.1,55.6,70.3,43,64.2,57,72,48.7,40.2,12,28,42,47,60,64.1,111.1,60,76,41,21,57,14,102,116,82,90,35,54,33,72.5,51,90,41.4,36.6,30,30.6,5,77,89,59,76,56,105,66,103,76,3,51,10,7,5,70,60,34,69,31,50,4,35,98,61,81,91,55,10,100.5,91,54,66.9,83,63,55,53,70,61,72,64.5,68,86,47,129,74.2,48.6,101,98,93.5,133,98,100,128,110,96,90.2,101,96.5,78,63,111,135,56,127.5,100,121
2008-11-01,46,40.8,91.8,21.5,69,42.2,120,68,46.6,38.7,71.5,40.9,64.8,41.3,65.4,49.3,65.3,40.5,73.2,50,46.9,75.2,43.8,101,41.2,53.7,47,38.9,53,74.7,42.2,67.8,80.5,49.2,46.4,38.3,36,63.8,97,67,75,52.9,59.9,54,51.3,86,76,87,20,70.4,176,84.9,2,77.4,50,58,89,56,69.6,66,127,40.8,49.8,68.6,31,57.1,50,42.8,55.2,52.2,96,153.5,23.8,20.4,35.7,97,46,46.9,42,36,65,36.4,48.8,33,53.5,49.2,44.2,44.5,55.5,49.1,42.5,51.6,60.1,52.8,28.5,41.4,42,38.7,24.8,53,43.9,46.3,36.7,26.5,7,25.7,34,41,55.9,34,53,60,70,49.9,54.6,33,1,67.2,71,51.3,46.9,61,39.1,60,40.3,49.6,38,45.8,40.6,43.7,56.3,99,73,64.4,52.7,43.4,12,35.4,37.3,49.4,56.8,45.6,48.6,55,29.3,9,28.2,18,7,64.7,76,33.6,79,50.2,58.2,42.6,41.8,28.8,7.5,12,31.6,56.7,122,254,100.7,204,118.4,66.4,204,160,156.2,82,193,136,147,114.5,195,120.8,154,46,143.1,117.3,176.6,87.9,109.4,174,180,134.2,186,259,220,202,102.9,126.4,104.7,111.9,140,158,160,180.5,119.9,53.8,72.2,66.6,58.2,69.6,77.6,50,65,85.1,71.6,90,76.7,77.9,145,32,85.8,91,106.8,95.6,115.9,101.5,93.6,123.6,148.2,73.7,112.4,82.3,123.2,88.6,139.5,158.9,130.2,109.5,85,100.2,125.9,82.8,140,93,123.1,135.5,129.9,88.4,131.7,80.4,83.1,102,106.1,124.9,133.5,116.4,121.2,110.3,122.7,108.2,182.4,156.4,104,144.7,77,121,109.2,109.9,134,122.8,97,119.3,119,114.4,142.1,85,115,105,180,103.4,102.4,84,132,79,107.3,86,115,235.4,66,229,86,114,161,67,131,89,76,131,195,173.6,111,197.4,22,66,67.4,99.4,25,81.6,86.1,63,91,147,124,163,91,125,107,122.6,57,71,92.2,40,35,129,43,86,111,73,152,58,91.3,70,86.8,67,176,55,18,192,102,113,181.9,133,132,155,143,252,127,114,137,200,151,123,195,131.1,123.7,117,63,56,66,104,58.5,69,49,62,73.6,64,75,67,48,58,46,66,28,46,132
2008-12-01,63.5,81,114,98,20,54.8,68,13,87.2,106.5,58.5,68.4,61.9,66.9,90.6,85.8,68.4,90.3,60.8,78,70.5,129.7,109.8,10,100.4,82.4,24,93,30,61.4,90.7,71.7,66,86.7,76.4,100.6,30,89.7,91,56.7,21,116.2,114,88.6,58.7,39,1,22,19,90.5,5,86.8,62,62.6,10,79.6,1,40,80.4,36,67,103.3,95.1,66.4,105,50,19,92.4,194.8,186.2,122,178.2,67.3,89.7,94.6,138,124,111.4,29,52,87.6,109.8,111,129.3,77.5,82,134,90.5,109.1,120.9,98.1,131.1,113.1,110.9,76.9,83.1,27,94.7,67.4,145,99.7,81.1,63.9,60,36,73.7,77.9,112,144,143,128,138,70,157.3,136.7,97,121.1,125.3,166.5,148.7,142,161.3,112.9,121.1,90.2,127.6,56,98.1,108.5,110.1,100.8,4,86.9,122.5,91.7,101.1,48,81.9,79.9,103.4,125.3,95.7,124.7,124,79.8,133,83.3,191.5,155,133.7,141.7,87.4,122.9,94.3,125.7,95.5,110.8,34.9,15.8,36,80.9,132.7,193,89,133.7,103,120,101.1,97,112,94.8,42,152,107,116,57.4,25,165.1,102,166,36,136.5,154.8,87,95.6,149,192,176.2,153,166,184,87,133,165.1,104.2,142.9,120,57,109,54,120.7,62.4,100.4,83.5,87.4,100.8,113.1,54,103.3,117.2,115.9,96,116.5,112.9,109.4,110.9,128.9,113.2,134.7,110.9,163.4,123.8,107.6,134.8,186.9,107.6,121.5,132.3,147.7,121.8,159.2,183,140.2,123.8,205,103.8,158.4,130.1,156.1,134.7,125.8,154.4,153.1,97,147.7,107.5,111.9,146.5,127.8,139.1,167.8,141.9,164.3,98.8,114.4,159.9,195.1,189.4,144,195.2,118.6,150,111.5,153.5,55,116.6,161,110.2,123,160.5,180.8,82,146.9,71,85,116.5,130.4,81,110,201,101.6,105,115.7,130.2,90,99,108.4,136,101,135,91,48,107.7,133,123.9,140.4,82,155,166,208,80.9,119.1,113.5,85.4,92.1,87,103,92,91,178,107,156,105,142,178,220,121.8,137,69,245,107,215,194,210,229,162,141,156,70,117,181,28,84.7,243,133,137,214,250,166,228,235,354,151,108,185.8,244,204,93,35,128.2,110.7,79,105,95.5,144,79.5,73,95,64,86,105.9,136,100,170,109,73,129,184,121,102,49.5
2009-01-01,113,78,61.9,61.9,120,96.3,77,159,84.5,101.3,29,74.2,89.7,85.5,100,87.2,81.6,98.7,94.8,163,88.6,128.8,93.3,105,93.4,85.6,117,101.2,76,89.2,83.8,100.8,91.1,103.5,91.2,83.6,129,91.5,58,64,114,113.4,101.1,80.8,54.6,136,74,135,80,100.2,77,89.8,35,94.4,83.3,93.8,31,146,93.3,94,115,104.2,98.6,94.3,45,71.3,100,94.2,129.3,66,63,91,55.7,77.5,72.7,133,119,88.3,108,93.5,66.4,84.9,77.6,100,124,99,104,82.3,83.9,89.8,91.5,116,96.8,98.6,60.1,70.5,75,82,46.2,83,75.5,62.3,65.9,47.2,52.5,60.7,56.7,63,120.6,83,92,102,168,116.3,104.8,96,6,112.8,136.9,125.7,75,112.5,92.7,105.8,83,97.2,64.6,84,99.7,168,75.9,43.5,64.1,110.5,79.4,89.9,75.6,84.5,69.8,98.7,119.9,89.9,109.2,23,61.9,72,55.7,100,36,91.1,114.9,55.9,95,83.5,102.6,100.1,85.7,23.4,11.4,68.5,73.4,84.3,180.5,89,95.8,91,99,55.1,109,88,167,52,68,104,63,127.9,52,110.1,138,93,100.5,107,96.5,90.1,65,112.8,129.9,118.6,128,129,197,148,92.1,115.7,47.2,98.7,72,70,28,73.5,70.6,65.9,85.4,68.6,65.4,94.6,84.6,79,76.7,95.1,76.4,78,84.6,77.9,79,25,61.4,80.3,92.2,28,103.7,74.3,99.5,104.5,131.1,95.2,99.4,103.4,43,70,122.2,131.2,103.6,104,95,72.3,121.4,90.7,117.8,156,92.7,117.5,113,74.8,92.7,96.2,92.2,116.3,94,115.5,117.8,100.6,118.2,105.6,71.2,131.4,154.1,154.5,113.9,158.6,92.6,75,79.5,106.5,91,90.2,136,77.5,91.4,112.9,135.9,87,100,126,73,87.4,64.7,79,98,52,62.6,89,62.1,98.9,60,77,113,47,99,95,77,97,52,111,102,136.4,83,121,88,90,38,40,64.4,62.2,72,104,60,82,108,105,78,76,49,58,40,106,74.2,20,39,108,5,128,130,150,166,48,64.8,108,83.2,73,88,38,70.5,223.5,169,168,228,189,257,164,147,204,137,100,112.2,164,166,75,47,98.5,77,8,28.7,62,64,89,30,32,24,19,25,21,17,27,17,11,21,10,7,8,41
2009-02-01,10,0,5.4,45.1,115,120,61,70,81.6,70.2,79,54.9,101.3,57.6,80,72.9,81.7,82,121.3,108,72,105.8,83,201,69.3,75.5,98,65.6,92,97.6,65.9,99.5,113,86.3,69.8,68.2,27,95,40,175,201,96.1,98.6,91.1,64.6,62,37,164,188,91.9,44,93.6,43,103,87,92.8,107,3,95.3,38,87,80.6,94.9,99.6,62,86.9,84,91.4,130.3,91.5,118,84.3,44.5,32.7,41.8,67,72,88,43,41,131.2,60.5,74.6,79,78,77.9,133,81.2,88.8,83.8,68.7,101.8,81.4,77,49.4,60.7,140,55.7,33,37,49.8,51.5,46.6,41.2,34.5,36.6,46.9,86,104.3,21,73,131,90,96,86.6,54,78.6,87.3,81.9,101.5,90,81.1,84,79.5,67.3,69.1,63,58.5,50,25,67.3,37.3,43.3,83.6,64.6,54.6,49.9,75.8,63.5,69.7,95.7,64.5,81,81,40.4,19,55.5,81.2,20,99.4,100.9,45.3,79.1,70.2,91.2,102.3,63,30.2,12,19,48.6,60.7,75,84,127.5,137,124.9,113,163,212,77.9,109,64,145,101,159,134,161.5,87,96,160,53.2,85.4,57.5,51.9,116,140.9,166.6,121,130,39,118,107,155,89.9,135.5,197.8,182,123,155.5,116.7,44.8,60,71.9,54.9,74.4,52.6,73,64.8,60.2,59.8,56,62.5,68.8,74.1,60,64.7,56.4,73,31,86.6,69.4,67.2,76.5,100.5,60.6,69.7,60.3,102,108.5,97.2,89.4,80.7,76.2,72,83.2,76.8,66.5,81.3,111,71.2,93.6,78,91.5,72.6,90,63.5,79.5,92.8,82,96.2,96.5,103.7,86.6,140.7,80.4,128.5,131.1,95.2,140.7,67.9,161,131.4,88.3,132,118.9,63,103.5,108,110.1,155.3,148,127.3,171,112,131,139.2,128.9,188,145,107,102,125.2,107.7,105,151,73,83,180,121,74,95,144,79,139,170.6,53,41.5,98,84,15,20,17,80.2,79,69,49,114,67,132,155,119,130,182,30,69,78.3,72.7,9,64,115,131,120,110,155,49,159,146,120,232,182,122,98.2,143,51,51,107,79,61,100,99,167,62,56,85.3,100,107,31,145,98.2,105.8,75,80.7,133,75,142,67.5,82,69,69,48,63,65,46,72,96,85,84,45,81,79
2009-03-01,74,33,48.3,52.9,22,100.4,152,120,90,103.3,36,89,92.4,67,100.5,101.6,82.5,111.4,81.5,29,95.5,127.4,104.1,18,110.4,98.8,148,109.1,92,90.8,85.8,94.8,86.3,108.5,100.4,96.5,22,92.8,13,95,61,126.7,121.1,89.3,59.6,27,68,116,55,105.2,80,99.6,142,75.1,77,90.2,25,14,82.7,6,105,120,101.3,96.3,88,74.9,48,114.4,27.2,21,100,33.5,66.2,90,65.2,115,76,122.6,90,101,26.3,108.5,102.8,155,75,118.6,257,95.7,102.7,132.7,117.2,142.2,102,109.3,70.8,84.7,41.9,81.2,63.9,109,62.5,61.1,75.7,53.5,54,61.8,54.5,194,152.6,140,161,224,160,142.3,147,151,175,133.5,122.6,141.8,165,106.9,101.5,125.8,96.8,107.2,68.7,89.6,86.8,96.1,87,57.7,41,111,94.3,91.1,87.9,80.8,84.4,106.7,97.4,102,116.9,118,65.5,19,56.4,142.3,96,139,135.4,69.5,102.2,102.8,112.8,89.4,105.5,30.2,9.7,56,68.9,98.6,122.5,197,52.6,120,76.5,57.1,55,47,106.5,103,26.5,19,34,104,54,64.5,26,61,127,72.2,33,56.7,129.4,111.1,91.1,80.7,65,38,37,95,30,74.4,64.2,50.6,184.2,46,48,18,42.8,58.1,97.9,84.7,69.3,106.3,105.6,49,88.7,105.4,100,43,87.8,106.5,92.1,50,96.3,69.6,93.5,12,128.7,126.3,83.1,97.6,136.5,92,88.6,84.6,183,124.5,128.9,99.8,108.5,98.9,223,113.5,95.7,75,109.1,182,102.7,109.1,105.9,83.7,97.7,116.3,48.8,67,5,73.9,97.4,79.7,83.9,88.5,133.1,75.8,127.7,102.5,96,110,88,136,95.2,81.1,108,100.6,110,115,75,74.6,93.3,54,88.8,74,40,57.2,43.2,55.5,35,49,44.5,41,54.9,91.4,50,106,53,33,98,139,170,122,123,103,185,126,113,167.6,87,138,76.7,20,194,21,78,105,120,91,92,66,124,123,193,159,126,196,93.6,177,30,238,18,37,108,43,63,114,30,55,75,86,85,70,40,100,78,106.5,115,161,124,73,79,89,120,87,99.3,73,61,58,84,104,22.1,100,63.7,32.5,31,0,38,76,60,69,125,118,150,57,81,137,177,54,80.5,66,65
2009-04-01,0,0,0,5.7,14,30,0,20,27.6,29.1,18,22.9,26.8,19.1,31.6,33.1,24.9,32.2,31.3,15,27.9,37.1,20.4,5,33,25.9,32,25.3,10,33.1,31.2,29.6,20,35.7,22.6,21.9,4,21.3,167,4,1,34.1,43.4,29.9,7.5,14,2,1,15,40.2,0,30.9,11,28.3,0,35.1,2,14,28,1,2,25,35.4,43.9,0,19.8,8,28.1,1,5,25,26,12,0,23.1,38,22,34.9,8,31,0.7,28,37.5,42,45,24.1,72,19.4,34,36.7,39.3,40.4,34.1,34.4,13.9,26.7,14.3,20.5,19.6,15.4,13.6,31.7,17,12,5,9.6,13.1,41,28.4,85,30,27,55,40.1,44,33,41.7,31.5,32.4,44,85,53.1,21.2,31.9,35,22.4,21.5,26.8,19.9,25,28.8,12.3,26,26,56.9,13.5,28.3,23.5,19.6,27.9,45.7,14.4,31.9,35,20.5,76,19.1,89,36,49.5,77.9,16.8,38.1,17.7,32,31.2,18.7,8.8,11.3,19.9,16.3,35,14,0,9.6,0,13.2,0,34,9,13,42,9,13,5,25.3,40,18.4,1,14,26,26.6,7,3,3,16.6,12.9,15.9,0,0,5,0,0,15.9,18.5,10.4,33,35,5,2.5,17.6,22.4,14.7,18,14.4,17.7,12.9,0,12.4,18.3,15.7,0,9.6,13.3,0,16.4,15.8,11.7,10.8,30,11.7,10.8,11,11.4,16.8,34.8,13.7,17.8,20,19.2,36.4,22.2,20.6,14.7,3,13.8,14.2,10.6,11.3,0,16.6,14.5,17.7,12.9,24,47.6,18.5,10.5,12.4,18.2,22.1,10.1,12.8,43.6,24.8,12.7,38.4,18.1,12.6,16.1,14.8,24,19.4,14.9,0,13.6,11,12.4,15.7,13,19.1,5,24.7,26,44,14.9,13.5,0,19,1,13.7,19,14,4,24,4,0,0,74,0,5,3,20,0,0,5,0,15,3,1,11.9,13,19.1,15.7,11.3,12,39,0,0,8,6,0,13,36,12.1,0,13.6,12.6,12.3,0,17.3,7,4,4,8,12.5,14.8,14,17.1,10,22,20,13.2,51,18,19,15,17,37,17,12,5,9,7,14.3,17,8,2,5,18.6,18,5,12.5,0,6,0,7.5,4,5,8,28,48,2,17,19,2,9,11,11,9,15
2009-05-01,8,9,3.3,2.8,4,6,0,1,11,7.8,1,8.6,15.1,4,14,9.3,14.2,11.2,14.4,14,10.5,15.4,11.8,0,7.3,8.9,2,4,4,12.2,12.7,14.3,6.5,11.7,11.2,7.7,5,6.8,53,1,6,10,11.1,10.9,8.7,8,1,4,1,12.7,5,8.9,2,17.3,2,17.2,1,2.8,12.3,1,0,9.5,12.6,8.4,0,12.2,2,6.7,22.1,16.1,14.2,8.3,5.5,9.4,15.6,63,16.9,19.3,15.9,19.3,0.2,14.6,21.4,21,15,11.7,21,15.4,16,17.4,14.4,20.5,19.7,11.8,9.8,16.5,1,12.9,13.7,9.6,10.3,22.7,12.2,9.6,3,6.8,11,15,16.6,19.4,20.5,56,39,18.6,15,9.7,16.3,12.4,26.2,14.2,13.6,26,7.8,22.1,12,12.4,5.9,11.9,12.9,15.9,20.7,4.7,14.1,13.1,24,6.8,22.1,20.8,13.2,11.9,15.3,7.4,32.6,10.6,10.6,11.9,8.2,11,11,20.9,27.1,12.5,12.5,15.8,10.3,15.8,9.6,15.3,7.6,5,11.5,18.1,20.5,28,16.6,11,12.1,10.7,14,15,11.8,0,0,21,17,9.5,15,20.4,30,7,7.3,19.1,23.5,14.8,18.7,15.3,15.9,14.8,15,15,14,6,13.6,20.9,23.2,11.4,7.3,30,23,31.5,17.2,8.8,9.9,13.3,15,13.9,10.1,5,12.1,8.9,14.9,4,10.2,14.5,0,13.8,12.6,9,8.6,12.3,15.6,11.8,16.9,11.4,22.8,26.9,12.8,14,0,13.8,24.1,23.4,12,13.3,6,10.8,15.1,9.8,16.4,23,14.7,16.3,13.5,12.9,0,21.9,11.7,12.6,13.6,19.5,25.9,9,12.2,50.3,10.1,17.4,17.1,17.9,9.8,14.8,15,25,14,15.3,6,7.2,14,13,12.1,12.5,21.1,4,22.1,27,25,14,11.6,6,27,20,20.1,30,19.5,8,20,12,0,3,11,11,2,0,1,7,5,9,12,0,11,7,8.6,16.5,11,12.2,15.7,20,11,7,6,8,7,8,30,9,5,19,13.2,11.5,9.1,23,14.5,13,14,12.7,12,12.4,16.2,6,13.7,7,18,2,15.8,26,16,22.5,12.5,24,22,19,26,36,18,12,14.8,19,23,6,26,12.3,21.4,28,24.1,0,23,0,47.5,32,28,23,18,24,29,25,32,30,48,22,35.5,24,19
2009-06-01,0,0,0,2.2,3,0,0,0,17.1,5.2,46,6.9,26.4,6,19.4,11.2,30.7,9,40.9,0,26.2,31.1,17.9,0,11.6,8.8,0,10.8,0,24.4,14.3,23.8,14.4,26.5,12.9,12.2,1,10.1,2,0,2,21.8,30.1,22.8,7.8,0,0,3,0,24.7,1,21.2,0,20.2,0,31,0,4.2,23.6,35,0,21.8,27.2,17.7,0,22.3,0,9.1,0,0,7.2,0,4.1,0,23,20.1,26.1,22.9,15.3,9,9.4,18.7,27.7,11.4,1.5,13.5,7.8,8.9,16.8,18.5,21,26.6,24.6,16.1,8.3,25.6,2,16.9,18.1,13.2,9.3,29.1,14.8,15.3,4.9,7.6,14.4,14.1,16.9,20.4,9.7,32,37.4,12.3,14.7,12.9,18,17.9,22,15.9,21.4,35.8,8.7,26.7,17.6,16.2,13.6,16,21.4,13.7,28.7,7.2,26.8,17.4,46.8,11,22.3,22.3,16.7,21.7,23.3,8.8,33.5,19,18.7,14.8,10.1,19.7,18.4,27.6,38.5,14,15.7,23.7,16.3,22.6,12.4,18.8,12.4,13.5,13.6,17.4,0,0,3.8,2,4.4,4.3,2,4.2,0,14,17,0,0,0,0,8.8,4,5,0,8.2,0,0,0,4.2,12,8,0,0,0,0,5.4,7.9,7.1,1.5,2.4,0,0,0,4.3,17.6,8.2,12.1,16.6,12.1,5.8,2,13.7,9.6,13.6,2,8.9,7.7,0,5.8,7.7,10.1,7,6,9.8,8,9.6,12.1,10.2,29.7,11.2,9.1,6,9,17.6,15.2,11.6,13,5,6.7,15.8,6.7,10.8,10,14.6,18.3,6.5,8.4,0,31.7,13.6,5.3,6,18.2,8.5,6.6,8.9,57,17.3,11.4,23.4,11.3,9.8,20.2,10,15,7.4,12.2,1,4.5,9,7,10.3,9.5,10.9,1,15.8,3,6,7.2,7.7,2,3,10,9.8,6,7.8,0,2,2,0,1,3,5,1,0,16,1,0,2,0,0,8,6,2.9,3.7,7.8,4.8,4,5,2,4,4,6,3,3,4,0,5,6,4.5,1,4.2,15,11.3,11,12,18,10,18,6,5,6.5,4,5,7,6,0,0,0,0,0,0,0,0,0,0,0,8.9,0,0,0,0,9.4,2.3,0,3.2,0,0,0,0,0,0,7,0,0,0,0,0,0,0,0,0,0,0
2009-07-01,0,0,0,1.7,7,0,0,5,9.1,6,1,4.7,14,3.8,14.8,7.3,18.8,10,18.4,0,14.8,18.2,10.5,14,7.2,8.8,1,4,1,18.6,11.4,19.8,12.2,15.1,8.7,7.8,12,11.2,0,1,8,10.8,19,15.1,6.8,4,0,10,5,18.5,2,15.2,1,15.2,0,16.7,1,2.8,17.1,1,5,15.4,19.6,15.7,0,12.5,1,4.7,2,1,9.1,10.3,2.9,1.2,23.6,18.9,17.3,17.2,13.5,12.6,10.7,14.9,21.9,6,1,9.2,10.4,9.6,13,15.7,18.1,18.7,14.8,9.5,7.8,14.8,8.5,13.8,14.9,11,6.5,20.1,12.3,9.3,3,4.9,12,10.8,15.9,13.5,8.2,18.2,38.8,8.9,8,10.2,15.5,10,20.6,10.7,17.8,25.7,6.7,26.1,10.8,10.6,8.7,9.3,14.3,13.8,25.1,4.3,13,11.6,26.4,7.8,21.4,18.5,12.4,11.3,15.4,12.3,33,10.3,9.4,12.9,3.5,14.6,10.3,22.4,31.5,14.4,9,17.7,10.5,16.8,9.8,17.5,8.8,2.5,9.1,19,16.5,7,8.6,1,12.2,8,7,3.9,11.5,17,80,12,4,36,18,16,5.3,5,29.1,18.8,7,18.9,9.3,10.2,10.7,13.3,0,6,11,10,3,7.7,7.2,4.4,18.5,0,0,0,8.7,12.1,9.1,9.4,16.5,12.4,7.1,3,12.3,10.7,12.2,0,4.9,10.7,0,12.1,11.2,12.2,9.5,21.2,13.3,11.8,14.1,15.3,18.9,19.6,14.9,10.3,15,14.4,17.2,13,9.1,12.9,10,13.8,12.7,8.1,13.4,15,13.1,15.3,9.7,9.8,22,33.3,11,8.7,12.3,16.2,20.1,9.4,11.4,42.3,15.5,12.2,16.9,15.6,7.3,14.5,9.6,20,15.2,12.6,9,11.5,10,10.4,12.4,12.2,16.4,7,20.7,40,16,10.6,8.3,0,8,0,11.6,5,6.8,5,15,5,0,5,55,6,17,15,21,10,0,11,13,3.5,7,6,9.7,5,6.3,14.3,11.3,20,17,1,1,2,12,6,31,30,9.4,4,13.9,10.8,9.4,3,18,6,6,7,8,11,4,5,14.2,11,9,15,14,8,13,14,9,15,14,18,11,6,9,6,13.3,18,11,8,14,12.9,20,5,5.6,0,0,0,3,1,5,0,0,0,2,0,0,5,4,1,4.5,7,4
2009-08-01,0,0,0,4,0,0,0,0,24.6,11.4,15.6,18.9,32.8,8.1,30.3,15.6,35.2,15.9,34.8,0,32,34,18.8,0,18.6,13.9,0,14.5,0,26.4,24.8,19.4,15.6,33.8,21.4,16.7,0,11.2,15,0,0,20.5,36.2,23.9,7.2,0,0,0,0,32.2,3,30.9,0,23.5,0,31.7,0,6.8,21.6,0,0,25.1,30.6,30.5,0,27.4,0,14.3,0,0,6,2,9.6,0,26.2,31.7,28.1,27.9,21.9,23.2,25.6,33.3,34,7,34.6,21.3,27.8,15.9,26.7,27.5,30.7,35.8,40.1,24.2,13.4,31.6,10.6,27.7,19.4,18.6,18.9,36.9,19.3,19.7,11.7,11.9,15.8,29.8,22.9,51.1,24.8,45.6,65.3,30.3,33.8,28,31.3,21.9,26.3,39,44.9,45.4,16.3,34,27.1,22.4,14.7,23.2,24,20.9,30.8,10.5,30.8,27.6,66,13.3,25.4,25.6,16.9,26.7,31.8,12.3,34.5,24.4,19.6,31.4,16.8,38.4,31.9,42.5,56.3,19.3,24.1,29.3,24.6,25.9,16.4,19.8,14.6,18.4,17.6,31.3,0,0,4.9,0,8.1,0,2.2,4.4,0,7,206,0,0,0.5,0,11.4,7.8,0,2,12.1,0,0,0,7.9,8.6,8,0,0,0,0,0,8.3,6.4,2.3,0,0,0,0,4.8,20.4,11.1,12.4,18.2,13,10.7,0,18,9.5,18.8,0,7.5,13.4,0,3.5,11.8,16.6,9.6,11.2,14.3,13.5,14,13.8,12.3,30,19,15.4,0,13.1,26.1,18,18.9,13.9,0,8.8,18.9,9.1,8.8,0,14.7,18.4,6,8.7,0,46.3,16.2,10.1,3.8,20,14.4,9.9,9.2,57.5,21.1,15.7,37.6,12,13.2,27.6,8.3,0,9.2,14.9,0,3.8,0,3.6,12.2,13.1,11.9,0,14.9,6,0,8,7.9,0,0,0,13.5,0,9.5,0,0,0,0,0,3,0,0,0,3,0,0,0,0,0,0,0,3.4,3.5,11.2,8,7.5,0,0,0,0,0,0,0,0,0,11,0,4.6,4.2,4.9,0,11.2,0,0,6.7,0,9.2,3.9,0,7.7,0,0,6.8,6,0,0,0,0,0,0,0,0,0,0,0,17.9,0,0,0,0,12.8,0.9,0,6.1,0,0,0,8,1,0,0,0,0,0,0,0,0,0,0,0,0,0
2009-09-01,0,0,10.1,7.8,30,0,10,19,8.7,11.3,8,9.9,30.1,9.2,12.9,12.1,20.7,12.5,40.8,15,9.5,25.9,7.2,45,9.8,7.8,1,8.8,1,32.5,9.9,32.4,38.8,18.7,10.4,10.6,2,26.2,16,7,57,14.7,20.4,24.6,17.5,0,1,26,0,23.1,23,31.9,0,27.4,0,27.1,7,9.5,30.2,2,10,11.5,25.4,18.1,1.6,14.2,0,8.5,41.7,58,70,16,4.9,0.5,18.2,6,15.9,23.4,8,30.7,12.7,14.1,24.8,11.6,17.6,12.2,13,27.1,16.9,22.6,20.1,19.9,18.9,12.8,15.9,28.1,14.6,9.1,13.8,4,11,15.3,13.1,18.5,1,6.4,11.8,12.4,17.2,16.5,4,25.2,26,12.1,14.5,11.9,10.1,14.8,22.4,17.7,14.4,39.3,12.6,27.9,20.3,15.8,9,13.6,18.5,29.9,39.6,11,16.6,16.2,25.1,16.3,25.3,29.9,21.8,16.8,20.8,16.4,31.6,11,13,10.9,8.8,15,14.1,23.1,34.2,11.4,12.7,19,15.3,16.6,20,14.9,8.2,1.5,11.7,26.5,40,29,79.8,54,62.8,75,87.6,69,41.7,54,56,97,101,120.1,97,84.7,71,77,91.5,26,77,29.4,21,40.9,63.8,84.4,57,47,2,40,83,90.9,82.7,78.2,44.5,73,86,88,89.8,19.9,23.7,19.4,16.8,21.6,17.6,17,21.1,20,18.1,4,13,17.3,0,19.6,23,12.3,28.6,35.1,30.3,26.4,17.9,17.4,28.9,25.8,24.9,22.5,36,34.5,51.2,30.5,29.5,25.3,18,24,23.9,29.1,34,26,22.3,26.6,31.6,47.7,19,29.1,19.7,25.4,29.5,22.7,31.2,32.3,32,78.2,62.3,33,58.9,47,35.3,53.4,22.3,56,53.6,38.8,41,59.9,34,23,49.6,44.9,76.8,101,62.4,127,98,81.7,81,75,108,130,73.6,103,81.3,13,94,69,0,41,118,67,27,42,42,39,5,101,11,18,39,15,35.7,38.2,16.6,31.8,39.6,30,22,51,63,54,54,42,25,30,28.5,13,30.2,27.5,32,14,53,56,53,64,70,53,63,74,13,46,58,62,30,31,30,41,39.5,35,51,16,20,15,8,12,30.7,16,16,1,80.2,38.1,118.1,57,56.9,0,20,0,92.5,68,87,102,51.5,40,52.5,37,35,42,59,27,38.5,72,85
2009-10-01,0,0,7,2.7,19,1,26,2,11,9.3,27,10.1,26.9,6.9,11.8,10.3,27.6,9.6,31.4,6,15,31.1,9.2,23,8.7,10.4,6,10,3,28.2,12.1,31.4,33.6,16.1,9.1,9.9,1,20.9,45,34,30,15.4,26.3,27,14.5,0,17,36,0,21,31,23.4,0,28.2,12,26.4,35,10.3,33,38,25,12.4,22.6,25.2,1.2,17.2,0,9.9,12.7,14,11,6.9,4.5,0,17.2,20.7,16.3,18.5,13.3,12.1,15.1,14.1,15.8,11,11.2,10.6,9.4,15.5,13.7,13.2,15.1,16.9,14.4,14,9.1,15.6,10.2,10.4,11.7,9.3,9.2,17.6,11.2,8.1,4,6,10.7,12.2,12.7,15.7,11,23.7,50,10.5,13.8,11.6,12.2,13.5,22.3,13.1,14.9,33,8.3,21.2,15.2,10.5,10.3,9.4,14.1,21.6,20.9,7.7,16.2,11.9,23.9,5.9,19.1,21.1,11.4,9.2,13,8.5,32.1,13.4,11.7,11.8,9.2,16.8,10.8,19.9,31.1,10.7,9.1,12.4,11.3,16.3,9,10.9,6.4,7.9,9.3,17.2,6,21,19.6,12,24.2,12,19.4,7,14.2,41.5,117,12,11,57,2,24.8,1,16,78,5.4,19,10.8,10.3,17,14.5,23.6,15,13,10,6,16,19.1,20.5,19.4,22.6,10,14,14,13.7,10,17.9,19.6,18.7,17.3,16.4,39,21,14.6,20.4,10,11.2,21.4,7,19.6,23.6,13.1,8.6,30.1,16.1,17.1,16.8,15,23.3,21.8,18.8,15,26,26.9,27.9,21.6,15.1,15,18,18.6,14.6,11.8,15.5,7,18.2,19.8,19.4,16.6,23.1,26.7,14.8,10.5,16.4,16.2,24.8,12.4,17.9,52.5,28.6,17.5,20.3,20.2,15.6,22.1,14.7,23,22.1,14.1,11,21.6,2,14.8,18.6,14.5,22.8,49,25.8,59,43,20.1,17.1,0,21,10,18.6,14,15.2,22,5,29,3,6,68,6,10,3,47,12,15,48.6,5,31.7,9,18,13.9,22.1,13.5,21.9,18.6,5,23,11,5,13,22,6,40,30,17.9,24,17.4,22.6,15.1,22,15,16,10,13,4,15.6,12.8,21,21.6,29,32,46,19.1,54,12,28.5,9,11,12,19,13,13,14,14,19.4,19,17,12,33.6,21.6,22.9,16,13.1,0,7,0,4,20,20,28,10,18,23,0,0,5,11.5,12,22,18,0
2009-11-01,17,35,28,40,263,167.3,64,167,90.4,87.8,134.1,80.3,143.2,69.6,104.3,89.8,119,87,153.1,70,107.4,143.1,86.9,161,120,81.1,178,103.9,80,143.9,76.8,127.7,158.4,102.2,101,88.7,119,125.6,61,28,93,127.9,125.7,130.2,68.6,93,61,91,74,123.1,115,141.7,84,118.8,85,130.6,57,70,122.4,78,137,117.7,109.4,137.5,87.7,98.1,35,107.9,10.4,22.1,50,23.9,45.8,48,40.8,129,95,110.1,142,66.5,101.5,80.5,79.3,99,101.4,113.1,215,95.4,104.9,113.8,108.8,124,103.9,85.1,60.5,57.6,6,49.2,50.3,82,42.7,56.3,55.8,45.4,40.5,39.9,51.3,77,135.3,100,91.1,145.6,45,125.4,92,65,55,122.3,116.8,133.9,107,87.2,96.5,111.1,90.5,83.9,38,61.4,64.2,28,80.1,45.9,51.6,89.6,78.1,71.9,64.8,81.1,77.2,87.6,99.9,85.7,87.8,21,42,85,49.9,77.1,68,99.8,114.2,52.8,76.3,77.8,98.8,113.1,76,25.3,6.4,65,53.4,81.7,164.5,87,85.4,124,94.6,71,97,74,100.7,221.5,73,114,63,134.8,112,96.7,129,84,159,30,84,103.1,117.8,105.5,107.3,97.6,104,136,28,124,91,95.3,99.4,83.8,124.9,52,41,98,84.2,48.6,97.5,113.8,60.1,102.4,98.3,26,97.3,94.7,82.2,38,85.5,93.7,89,12,100.2,67.2,81.5,314,94.9,93,78.3,90.1,110.8,85.3,81,77.6,259,106.8,109,106.2,87.4,79.2,110,86.5,84,67.1,92.6,129,100.7,105.7,86.5,80.2,75.9,95.4,65.9,80.5,25,97.6,103.4,79.3,100.9,88.6,114.7,86.5,142,118.5,97.2,106.2,65.6,134,88.5,78.8,82,99.2,153,28,76.5,95.8,112.6,68,90.1,99,223,83.7,71,22,75,61,80.9,104,83.1,102,64,75,138,102,97,48,61,35,88,93,85,90.4,70,181.5,125,108,154,75.8,75,10,42,46,95,86,159,100,42,121,117,83,9,90,74.8,44,40,136,52,84,81,115,83,174,3,83,63,95,61,73,12,125,161,118.5,152,171,114,97,131,99,88,78,107.7,97,92,22,105.7,103.9,120.1,177,95.2,0,85,0,61,72,77,80,132.5,60,129,20,88,95,82,119,72.5,113,55
2009-12-01,148,28,82.6,80.3,165,157.8,98,218,106,101.6,151.7,106.2,158,88,137,117.6,124.8,108.3,132.4,66,100.8,159.7,118.3,148,128.5,120.1,161,124.1,159,160.9,140.9,149.4,187.7,104.6,128.3,119.7,158,175.6,17,96,143,135.2,116.9,132.5,99.4,137,123,157,50,145.1,277,131,188,146.5,81,148.3,81,275,151.5,19,147,125,123.7,154,123.7,139.1,58,123.9,206.5,205,45,202.6,66.3,80,83.6,166,141,139.7,125,109,142.3,127.9,120,109.5,141.5,125.7,209,103.3,130.7,134.5,114.1,127.6,133.3,131.9,78.9,76.2,42,95.7,81.6,45,85.1,71.5,79.6,62,112.5,72.3,85.3,171,206.7,228,146,161.2,120,168,59,81,114,149,193.8,173.2,75,156.9,132.8,146.6,98.7,115,74,97.9,20,112,100,70.9,86.3,115.2,96.4,126,87.8,81.1,90.7,102.9,150.8,110.3,133.4,94,73.3,100,100.6,186.1,134,177.2,198.9,87.6,125.3,112.7,156.7,148.8,147.9,31.8,12.9,18,80.3,129.8,218,96,179.4,174,150.2,79,148.1,416,197.9,52,96.5,319,181,210.8,322,180.7,230,170,170.7,117,195,133.6,179,147.7,179.7,187,298,248,21,144,89,184.7,197.3,201.5,128.7,412,314,410.5,185,84.6,101.2,125.4,62.5,122.1,102.9,92,124.3,106.3,92.3,65,90.6,95.4,80,49,98.5,76.2,99.7,30,104.4,93.7,80.4,91.3,129,83.8,90.1,93.6,186,167.7,115.7,113.9,87.7,103.9,86,117.1,95.4,114.6,129.8,48,106.7,124.9,117.4,113.7,186,105.1,59.9,96.1,103.8,101.9,131.2,125,140,98.1,164.8,101.3,153.1,153.6,131,152.6,96.4,294,191,126,97,168,113,95,157.1,128.6,182.4,209,147.6,319,200,146.9,154.1,106,333,402,181.4,358,200,189,332,61,77,82,220,107,140,123,207,185,60,147,84,82,117,170,61,97,38,65,101,30,85,159,169,135,163,147,113,220,28,230,151.1,62,62,251,92,147,70,309,147,86,165,195,129.6,162,199,114,121,142,260,236.5,148,260,219,92,107,115,91,76,106.7,92,88,23,179,129,291,186,146.5,0,223,0,97,231,193,216,185,226,221,116,172,216,89,98.5,112,66,258
2010-01-01,39,39.8,64.5,49.9,99,102.8,232,64,78.7,105.2,97.1,76.6,118.8,75.2,102.7,91.4,85,102.9,126.6,134,96.4,134.7,89.8,104,107.6,91.5,223,101.7,158,122.4,91.9,124.5,137.4,94.3,88,78.3,88,116.5,53,33,122,122,118.3,117.2,68.7,123,48,89,143,120.8,102,130.4,134,112.8,147,114.7,66,65,115.9,72,113,105.4,108,121.8,83.5,96,49,114.3,65.5,62.1,66,36.4,49.7,62,54.6,114,81.1,103.5,53,79,30.5,79.7,81.6,63,93.3,94,107,93.8,91.3,107.7,89.3,125.9,91.8,88,60.5,62.7,36,45,51.3,60,49.1,62.3,56.2,44.9,76,46.9,53.1,144,139.8,165,94.3,287,90,110.5,86,56,74,114.1,111.1,127.7,130,102.5,100.4,103.5,81.6,88.4,89,67.2,73,65.8,81.4,49.9,27,98.8,75,74.6,72.1,82.9,75.2,90.6,107.7,84.8,96.9,25,46.8,172,66.4,135.5,40,118.9,126.9,49.9,82.9,80.5,100.9,107.5,89.8,32.8,8,54,57.3,82.2,86,81,102.4,79,97.2,124.7,107.3,117,53.8,52,33,76,180,190.2,233,116.9,97,150,246,35.6,49,48,70,98.6,102.3,125.1,72,27,107,43,77.1,148.8,119.9,111,112.1,142,264,116,124,57.8,102.3,107,67.2,110.8,98.5,112,90.7,107.4,95.2,87,88.8,113.3,82,81,87.9,78,98.3,99.3,117,107.8,88,102,113.1,92.5,88.5,77.4,122,123.1,117.4,104.2,83,100.3,114,96.6,93.3,82.3,101.3,120,102,91.7,88.9,86.8,126.7,93.2,69.2,82,73.9,88.9,93.7,69.6,91.3,95.5,134.4,88.9,129.2,95,94.8,103.9,62.8,122,126.3,84.5,98,119.2,28,9,96.9,97,122.3,213,96,187,151,114,102.5,193,170,194,117.7,162,134.7,257.9,126,147,73,137,235,54,125,91,101,67,108,150.9,108,156,58,118,73.2,28,124,66.8,49,84,168,94,82,93,114,84,98,58,85,159,89.7,88,50,272,68,76,40,29,34,102,69,148,30,139,184,21,83,61.5,118,40,129,92,58,109,100,131,84,66,103.3,201,213,72,185,104.1,188.3,81,88,74,89.5,30,93,100,106,84,74,82,54,16,16,30,90,10,140,99,241
2010-02-01,122,48,174.1,72.4,193,101.1,178,120,103.7,117.6,145.6,108.7,142,83.1,126.6,100.1,110.3,102.3,148.9,74,106,188,108.9,158,125.1,96.6,108,114.3,124,138.2,126,132.3,174.8,114.8,110.9,114.2,76,144.7,61,140,105,127.4,139.1,137.6,86.8,211,165,134,147,132.1,190,127.1,129,131.4,94,143.2,81,80,142.1,61,160,118.5,138.5,149.7,92.5,126.3,56,104.6,105.4,116.9,69,111.5,60.2,13.9,80.7,271,84.6,124.4,132,63,94.3,115.3,106.2,113,136.2,122.3,137.8,95.7,134.5,145.4,134.4,144.2,128.1,124.4,85,76.3,30,27,68.6,100,73,57,84,62.5,40.7,62.3,78.8,151.4,191.1,137,129.8,184,90,161.9,133,134,131,138.6,151.2,172.8,176,134.9,122.6,145.7,95.5,109,87,100.6,107.8,33,100.9,65.3,115,121,87.5,117,102.4,88.7,96.6,112.7,147.5,106.4,124.4,207,62.3,199,76.3,153.3,63,165.7,188.2,78.7,108.4,106.8,123.1,123.4,126.2,36,12,25.5,74.4,116,151,178,119.6,200,121.8,128,124.1,136,233,109,2,151,169,202.3,112,127.1,44,96,171,124.1,83,180,148,144.6,121.3,141.5,103,102,88,151,103.7,139.7,122.3,116.2,202.6,165,198,193,137.6,59.8,130.9,140.3,69.4,156.1,134.2,162,141,138.6,116.9,219,94.8,123.2,132,35,108.1,93,105,30,116.9,134,100.8,128.7,146.9,86,108.2,111.7,130,153.2,153.9,131.8,116.6,115.2,131,135.9,137.6,97.8,134,227,134,136.9,127.6,106.9,126.6,99.7,98.1,114.8,8,108.7,132.7,122.6,147.1,89.3,158.1,113.7,163.5,166.3,132.7,162.6,10,120,142.5,118.1,177,140.3,125,145,110.4,123,146.7,98,126.2,240,138,117.4,105.4,114,145,311,118.6,134.4,160.4,212.1,137.4,131,151,63,206,124,116,217,116,223,159,130.1,111,142,150,134,64,123.5,62,91.5,98.7,200,189,214,135,114,119,235,165,143,27,173,145.4,35,42,154,84.3,66,198,75,145,109,34,124,32,133,171,13,99.7,232.5,311,191,314,233,283,203,216,219,107,90,136.2,176,123,45,113,142.9,123.1,84,165,196,133.7,180,116,176,0,78,167,176,138,139,46,227,180,291,412,201,229
2010-03-01,39,1,39.9,54,135,79.9,134,104,63.5,59.6,90.4,56.3,94.1,58.6,75.8,61.8,90.7,59.8,118.5,56,66.3,108.7,62.7,114,65.3,64.4,64,61.7,90,91.9,71.2,100.6,115.1,70.5,61,58.4,82,84.1,4,40,71,81.5,79.3,83.5,63.9,71,29,68,65,82.7,92,93.6,26,84.9,84,91.5,115,167,86.6,14,51,64.5,83.1,80.6,61.3,81.4,58,60.9,55.5,67,102.4,86.1,38.3,4.7,34.5,102,62,80.1,74,31,21.8,48.1,54.8,47,67,55,79,58.7,77.9,74.3,66,92.8,76.1,63.3,34.4,44.1,27,23,32.4,10,37.3,44.4,38.8,27.2,9.8,28.5,36.3,84.8,98.7,70,73,27,15,89.3,41,32,55,80.2,92.4,82.1,60,65.7,65.5,77,59,55.6,48,51.4,60.4,20,66.8,45,43.1,76.9,64.8,51.2,49.1,46.1,55.8,62.9,81.5,52,53.9,15,34.2,101,46.8,167.4,106,76.1,92.7,37.3,61.6,66.5,79.6,62.2,56.1,17.7,9.4,3,32.6,53.4,271,152,60.8,70,78.1,66.7,69.7,73,104.7,103,14,71,35,54.2,36,82.5,60,58,49,175.7,54,135.7,292,112,95.1,97.8,43,51,32,65,50.1,69,79.3,62.8,71.5,101,61,56,57.6,58.7,89.6,77.4,70,92.4,107.6,25,78.5,105.4,85.7,39,89.9,118.9,46,4,102.6,74.9,80,150,122.9,118,85.6,105.5,124.4,79.1,94.4,82,225,112.9,131.1,129.8,109.4,105.7,277,105.8,112.6,71.8,109,167,112,122,114.1,72.5,117.3,95.6,74.3,91.1,94.5,102.2,122.7,83,105.6,94.6,102,98.9,125,104.1,97.8,104.5,82.8,126,72.5,88,73,80.2,70,66.2,74.2,80.7,91.7,66,73.6,71,77,52.7,51.4,73,33,55,62.9,38,64,152.9,19,128,32,61,76,36,29,79,120,95,101,38.9,175,188.7,71,245,188,96.1,170,54.3,117,36,161,31,24,110,38,95,97,107,75.4,177,67.5,98.4,74.4,85,42,156,42,75,65,59,100,37,67.7,22,92,77,58.5,161.5,217,118,276,286,143,191,166,200,109,128,109.9,92,136,54,60,94.5,45.4,84,26,165,65.1,20,61,43,0,55,22,241,144,95,197,91,186,186,330,426,53
2010-04-01,51,3,43.1,22.3,92,58.2,39,81,48.5,44.8,53.5,50.6,57.3,48.8,60.9,46.2,55.5,50.8,65.1,54,63.1,79.7,43.4,54,57.8,53.3,55,63.1,58,80.6,52.4,60,72.7,52.1,44.4,49.2,38,53.2,6,116,65,57.1,63.8,58.2,41.9,47,47,72,67,59.3,101,72.9,28,51.7,103,69.6,67,120,60.5,30,164,52.9,60,71,33.1,54.3,69,46.1,10.9,16,17,1.3,21.9,6.5,29.5,106,33.2,58,36,37,11.4,37.9,38.5,11,56,46,107,46.6,56.2,53.8,59.1,61.4,72.7,54,36.3,36.6,33,44,27,25,29.7,41.8,41.9,24.2,6,23.8,23.1,68.1,64.7,115,45,27,133,78.4,52,95,53.9,54.9,65.2,74.9,22,69.6,41.3,62.6,54,44.8,30,45.5,34,39,44.3,26.1,22,54.7,56.5,37.4,36.4,34.9,34.1,47.3,59.7,38.2,43.4,11,26.1,13,20.7,62,27,55.3,87.3,25.4,51,45.4,51.8,50.2,49.5,12,5.6,7,26.5,49.8,109.5,35,37.2,51,60.5,26.4,45.4,5,107.3,42,0,38,23,118.3,47,51,34,28,92,50,48,51.2,38,54.2,44.4,58.7,36,34,45,84,23.4,39.5,34.4,33.4,69.3,5,13,10,30.6,41.5,51.6,50.5,41.8,43.4,45.6,20,40.3,55.6,47.4,16,32,42.9,24,5,42.1,45.8,45.5,42.5,50.3,57,45.3,55.7,71,58.3,60.1,47.4,28,53.1,62.6,53.7,66.2,46.8,24,41.1,64.3,45.6,61.6,52,47.8,59.2,50.7,45.5,76.1,74.9,41.1,50.5,52.1,56.6,65.8,53.9,57.4,76.2,62.6,67.8,98.6,72,60.4,71.9,57.9,79,52.3,42.3,74,47,68,40.2,39.4,50.5,67.6,58,48.2,60,34,31.3,26.6,8,30,21,30.3,41,25.8,40.3,30,66,57,28,81,24,31,82,31,72,19,58.1,61,47,39,23,10,34.3,16,32.2,48,51,70,70,53,51,85,68,61,63,32.1,31,23.5,50,21.2,30,14,59,61,43,43,23,4,33,50,86,102,12,35.6,177.6,227,95.1,108,136,47,44,56,53,47,45,54.6,60,84,18,56,68.2,21.1,59,21,12,18.5,0,19.5,20,0,0,34,11,12,2,0,4,10,18,23,11,22
2010-05-01,16,19,25.3,8.9,82,28,19,46,21.3,12.5,35.3,16.3,46.3,13.8,21.4,19.3,39.3,15.7,59,1,23,46.2,17.2,79,14.7,17.1,17,15.9,14,53.5,10.8,44.9,45.7,22.5,15.7,11.8,28,31.9,2,12,72,23,28.3,29.1,19,16,24,12,16,34,63,45.1,15,35.3,12,35.2,26,43,39.5,22,27,15.3,27.3,39.5,6,23.9,8,13.8,27.9,33,0,44.1,9.3,12,16.4,27.6,17.5,19.3,17,17.3,1.8,20.9,24.1,20,22.5,15.5,16,14.8,22.2,21.5,19.4,25.8,20.7,21.4,14.2,23.2,3,27,16.2,5,12.1,27.2,16.3,13.3,15.6,9.9,14.7,22.6,16,20,19.2,50,35,23.9,15,28,19.9,18.4,27.3,23,18,36.7,12.8,31.3,22.3,18.1,17,17,18,24.3,26.7,12.2,20.1,17.4,35.9,8.5,20.6,22,15.4,18.5,24.7,11.6,29.1,16.2,14.8,18,9.4,32,18,29.3,42,13.2,17.5,18.3,14.5,21.7,15.5,9.5,7.1,4.5,14.8,19.7,14,58,20.2,28,23.1,4.6,21.8,13.7,11.5,0,51.5,8,24,56,20,24.3,2,5,46.6,29.4,10,26,38,20.6,15.8,23.4,0,0,16,4,3.1,21.6,17.1,19.7,54.3,0,14,11.5,14.7,11,26.2,30.2,19.3,31.9,21.4,25,26.1,28.8,30.9,38,19.2,29.9,33,5,38.8,12.6,12.5,15,21.6,25.1,18,15.9,36.4,24.3,17.9,16.8,18,32.9,29.9,30.3,25,19.1,35,25.5,15.8,14,20.9,21,24,22.2,25.3,21.8,21.7,27.6,17.6,11.2,19.9,16.4,23.9,14.3,20.6,34.9,28.2,17.2,23.8,23.4,18.5,25.9,16.4,26,29.1,17.9,19,25.8,12,19,17,18,24.3,29,27.7,51,72,25.7,21.3,10,18,37,18.6,12,15.5,35.4,1,29,27,7,51,2,20,27,33,12,30,50.3,15,5,7,34,10,22.4,17,21.4,20,28,26,25,11,29,21,14,15,20,20,42,16.4,26.6,20,43,19.7,3,10,7,8,14.8,13.8,25,20.8,41,31,26,18.5,14,23,13,15,5,8,13,15,25,12,16,23.5,20,23,16,63,23.8,13.7,13,0,0,9.3,0,0,0,0,1,1,1,2,0,0,1,3,0,7,2,5
2010-06-01,0,0,1.1,0.9,3,0,0,0,13.8,8,10.1,8.7,25.5,9.8,19.6,11.4,23.9,8.5,29.2,4,25.5,25.4,16.2,4,10.7,11,0,9,0,23.6,13.7,19.8,11.5,28,12.5,13.1,0,6.9,57,0,0,16.1,30.2,19.3,7.1,0,0,0,0,20.7,0,17.3,0,21.1,0,22.8,0,0,19,19,0,22.5,21.6,24.5,0.9,11.8,0,8.5,1,0,4,0.1,5.4,0,23.2,20.7,22.1,17.7,16,18.3,0.9,21.6,27.1,4,13.4,12.5,18,9.6,17.5,20,19.1,26.3,21.6,16.2,8.5,25.8,9,19.4,16.5,11.2,6.5,30.8,12.8,14,4.4,8.7,13.7,16.4,16.7,30,10,14,41.2,14.1,12.1,8,16.5,14.5,18.5,15.5,29.8,34.2,9.1,27.3,17.9,14.9,2,12.6,24.1,14.5,25.7,6.9,28.7,17.5,47.7,10.4,22.3,20.8,14.1,17.3,21.1,8.3,34.9,15.5,13.9,12.2,9.8,9,17.4,29.6,38.4,13.8,13.6,23,17.9,21.7,15,17.2,13.1,11.3,13.7,22.4,6,3,3.8,2,11,0.6,3.5,4.7,4.8,14,83,0,7,2.4,0,7.7,8.3,0,3,9.9,5,6.6,5.6,6.7,9.3,8.9,0,5,0,6,0.4,7.8,8.1,2.4,0,0,0,0,5.7,17.9,9.7,10,16.3,10.3,5.7,0,14.8,6.2,15.7,0,8.5,8.1,1,6.8,11.5,15.9,12.9,10.5,10.3,10.9,11.1,14.3,13.5,29.5,15.4,11.2,4,6.1,20,13.1,13,13.4,0,6.2,13.8,8.3,8.9,4,11.8,18.4,5.2,9.9,1.6,35.2,12.8,8.2,5.4,14.4,14.5,6.6,8.8,71,18.4,10.5,24.8,10,11.3,25.3,5.6,4,8.5,10.3,3,3.4,0,5.8,8.8,7.2,11.5,4,13.9,5,7,7.5,6.8,1,8,0,11.6,6,9.5,2.4,2,4,0,1,15,0,3,3,2,2,1,4,0,0,0,0,3.1,3.2,0,6.6,5,0,0,0,0,0,0,0,0,0,6,0,4.3,3.8,3.6,0,10.9,0,0,0,0,9.9,2.8,0,5.5,0,3,6,6.2,4.5,5,6,12,10,11,15,6,3,3,6,11.3,2,6,1,1,10.9,10.3,4,0,0,5.9,0,1,0,0,0,7.2,0,2,0,0,0,4,0,6,14,0
2010-07-01,28,0,5,2.5,0,0,0,0,21,7.8,10.3,14.6,30.1,10,25.1,14.6,28.9,11.4,23.4,2,31.4,33,16.9,0,16.5,12.2,0,14.3,0,23,26.3,21.3,10.5,30.8,13.7,18.5,0,9.9,1,0,0,19.9,33.1,25.4,8.5,0,0,0,0,26.7,0,20.5,0,23.2,0,28.7,0,0,22.9,0,0,26.1,26.9,27.7,4.3,24.2,0,10.2,2,1,7.4,0,9.5,0.3,24,26.5,23.5,20.9,19.5,26.8,20,31.3,32.9,3,27.9,19.3,23.5,11.7,24.3,32.5,25.6,35.6,41.7,22,11.3,29.6,4,36,17.7,15.2,11.7,34.5,16.7,15.9,3.6,11.2,14,28.4,22.8,45.2,15.6,19,90,27.5,28.8,23.8,31.9,19.4,22.2,34.3,65,35.2,15.7,31.9,23.4,19.4,5,21.1,24.8,19.4,27.9,8.1,29.9,23.2,56.3,11.8,23.4,22.7,16.9,25.5,29.5,10.2,32.6,18.1,18.1,23.7,13.8,12.4,23.1,35.8,46.5,14.3,21.4,24.4,20.3,23.7,18.8,17.7,13.4,15,15.5,32.2,7,0,6.8,2.8,6,0,5,2,0,17,145,2,0,0.6,0,8.2,6.8,0,1.2,10.7,0,0,0.3,4.8,8.4,6.9,0,0,0,0,0,10,7.6,2.5,0,0,0,0,5.7,21.1,11.4,17.1,18,12.6,9.2,0,14.8,7.7,14.8,0,7.8,9.2,0,3,10.3,14.5,8.8,7.6,12,10.1,12.7,14.5,11.7,26.8,15.9,12.5,0,7.2,20,15.8,16.6,12.2,0,9.8,13.6,8.5,8.5,0,12.8,18.9,1.6,7.8,0,35.9,15.8,10.1,4.4,16.6,14,9.5,8.4,52.9,20.2,11.3,24.7,10.6,10.6,23.1,5.8,0,7.8,10.9,3.8,3.8,0,2.9,11.8,10.8,13.4,2.4,14,0,0,6.8,6.9,0,0,0,11.5,5,8.8,0,0,6.2,0,0,0,0,1.2,1.9,0,3.2,0,0.9,0,0,0,0,2.7,1.8,0,2.1,3.4,0,0,0,0,0,0,0,0,0,7.6,0,3.2,2.4,2.6,0,10.2,0,0,0,0,7.4,1.9,0,5.9,0,0,7,5.2,7,0,3,7,7,16,1,6,3,3,5,15.1,2,2,8,1,12,0,16,0,0,7.5,4,2,3,0,0,13,20,5,4,0,12,2,3,12,8,4
2010-08-01,0,0,0,3.5,1,0,0,0,12.8,7.2,9.3,10.4,24.7,6.1,20.8,12.3,27.7,9.5,24.3,1,23.9,29.1,15.8,0,12.2,10,0,11.9,0,24.6,16.4,19.3,11.2,31,16.8,12.1,0,7.2,0,0,0,17.4,33.6,19.9,6.4,0,0,0,0,22.3,0,17.6,0,21.1,0,27.7,0,0,21.7,8.5,0,24.4,27.4,29.1,0.4,14.2,0,8.8,2.3,0.5,6.5,27.2,7.3,0,21.1,19.9,25.4,24.3,17.9,18.6,0,22.3,25.8,9,17.2,14.3,10.7,10.5,19.2,21.1,21.8,27.5,25.5,18.5,9.5,28,3,12,18.5,13.7,9.4,29.3,14.5,15.9,5.3,9.1,13.9,17.1,17.5,10,11.7,24.9,47.3,25.3,16.1,13,17.9,16.3,20.7,20,33.5,41.2,9,28.2,16.8,17.7,6.7,16.9,22.6,13,29.8,5.9,29.4,20.7,51.7,11,23.9,23.5,15.7,20.1,25.1,8.7,34.7,18.2,18.1,16.7,8,20.1,20.2,31.1,39.7,16,16.4,27,19.2,21.9,16.4,20.4,13.4,11.8,12.7,22.2,6,2,3,0,7.8,0,3.2,7.7,1.8,7,152,0,0,7,0,7.3,9.3,0,4,10.7,1,1,0,3.5,9.2,7.1,0,0,13,0,0,12,11.5,1.8,1.9,0,0,0,8,22.5,11.5,13,16.7,14.3,9.3,0,15.4,8.4,16,0,9.2,8.6,0,6.1,10.5,16.5,12.2,5.9,10.2,8.9,12,13.5,12.1,26.3,16.1,13.8,0,11.3,22.3,15.5,14.3,13.2,0,8.2,14.6,7.4,8.2,0,12,21.2,1.9,7.7,0,36.9,15.1,10.6,2.5,16.7,11.1,9.2,8.8,60.1,18,12.6,22.4,10.6,10.4,23.8,2,0,9.4,12.6,0,4,0,6.1,11.5,11.5,12.2,0,17.3,3,1,7.7,7.4,0,0,0,11.9,0,8.1,0,2,0,0,0,6,0,0,0,3,0,0,1.5,1,0,0,0,1.5,3,0,5,3.7,0,0,0,0,0,0,0,0,0,9.2,0,6.4,2,2.9,0,10,0,0,0,0,6.8,2.4,0,4.9,0,0,6,7.5,9,3,5,7,8,9,3,6.6,4,2,1,12.8,4,3,1,0,12.2,0,18,0,3,6.3,0,0,0,3,0,0,0,6,0,0,7,5,0,1,1,0
2010-09-01,1,12.9,1.6,13.2,37,29,106,22,21.1,21.6,47.6,27.9,36,25.6,24.8,23.6,32.9,22.1,50.3,4,17.6,44.7,19.4,67,25.9,21.3,22,25.9,28,61.4,20.2,42.4,52.8,32.3,18.3,19,32,43.2,2,15,65,24.4,34.9,30.7,37.7,4,10,43,56,34.4,44,37.6,7,47.5,11,32.3,8,20,34.5,17.8,21,18.7,34.8,41.4,10.1,24.3,5,15.3,95.9,93.5,52,68.4,9.9,16.1,18.8,35.5,18.5,24.3,27,29,29.3,28.6,19.3,1,27.6,23.2,49,20.7,28,35.2,24.6,32,30.3,28,22.4,29,12,20,14.6,33,13.2,24.7,19.2,19.3,3.5,9.4,11.2,24.2,23.2,25,22.2,10,72,32.3,29.4,22,22.8,21.6,25.5,30,8,48.9,20.1,41,27,28.4,29,20,24.3,35,46.9,15.9,31,28.4,31.2,18.1,23.1,32.3,28.2,25.4,30.8,24.5,35.2,12.3,16.7,17.4,12.8,27.8,14,31.5,40.2,15,21.1,22.1,20.2,22,23.9,14.9,5,13,17.4,30.1,70,124,80.8,63,86.9,71.7,92.1,62,83.4,54,269,66,96,108.7,121,85.5,74,50,82.3,40.5,91,91.4,65.3,96.5,84.9,100.4,17,55,4,54,65.1,85.8,90,80.3,91,93,98,82.5,78.3,23.8,57.5,45.2,33.6,46.9,53.9,45,39.9,47.5,50.9,16,34.7,54.4,15,20,59.1,32,60.6,15,65.1,71.9,41.7,50.6,73.7,42.3,59.9,47.5,65,62.3,86.8,72,69.2,53.1,71,57.9,56,51.5,90.1,93,68.9,72.1,76.1,71.1,64,40.9,37,44.8,5,54.5,74.4,71.5,67.6,91.5,91.4,57.8,96.5,92.4,52.2,86.9,49.4,132,95.8,67.3,107,91,75,120,69.1,77.9,97.4,46,75.7,92,111,81.1,68.5,36,55,110,77.8,108,84.9,90.9,84,42,38,75,60,55,99,64,54,70,90,109.6,73,108.6,60,42,21,45.5,12,40.2,58,60,52,89,97,58,90,75,62,154,35,105,28.6,25,17,104,66.6,74,58,110,80,37,13,89,17,122,82,69,49,111,98,64.5,70,66,85,57,51.7,76,55.8,53.2,64.4,58.3,58.9,43.7,104,74,83.3,109,80,96,72.9,17.5,29.5,144,5,64,100,63,107,147,4,98,83,195,192,152,97
2010-10-01,7,15,33,15.7,45,46.1,44,78,33.9,32.4,46.6,30.1,48.7,34.7,24.6,28.4,40.1,27.9,57,10,39,54.6,28.8,45.6,31.6,34.5,88,40.1,108,66,24.3,52.9,51.8,39.8,26.5,26,133,50.4,44,5,48,32.6,41.2,36.7,36.8,25,26,61,50,47.8,35,50.7,25,48.9,80,42.5,15,158,45.4,25.3,20,28.3,39.3,42.9,18.5,28.2,27,27,64.8,51,47,71.4,13.6,17,15.9,39.2,19.7,30.1,18,28,22.1,24.9,23.5,5,35.6,25.5,27,21.6,29,33.9,33.6,33.7,32.4,31.5,24.5,30.1,14.9,23.1,14.1,20.8,15.6,28.6,21,19.5,11.4,9.9,12.3,32.7,25.5,50,25.3,26,70,38.3,35.8,34.2,28.4,30.4,28.1,38.5,22.6,61.6,21.7,36.3,29.9,32.8,8,26.7,23.4,35.8,49.3,20.4,30.1,32,38.3,17.9,30.3,35.5,29.3,30.9,36.2,29.2,33.4,2,17,7,13.4,15.5,17,40,50.5,19.3,25.9,24.9,27.3,23.7,34.1,15,4.9,12,17.3,35.1,122.5,70,92.1,77,68.4,100.3,96.8,133,76.5,41.5,183,186,93,50.5,84,94.2,89,83,44,58,63,34.3,40.3,73,84.6,108.9,68,124,37,42,78.9,107.9,78.1,81.5,40.8,108,70,74.5,82.1,28.3,47.8,40.1,31.8,42,38.5,15,44.1,44.1,39.8,18,41.7,43.2,10,38,47.7,38.4,56.5,51.7,64.8,55.6,41.7,53.3,72.5,45.3,56.7,34.6,53,44.9,83.5,55.8,67.3,45.2,70,44.9,51,40.6,80.6,57,60.3,61.3,58.5,56.6,61,52.3,39.2,48,57.4,52.6,66.5,61.4,62.5,84,78.3,61.5,85.9,74.8,45.7,83,52.4,46,56.4,58,50,67.7,55,53.6,67.7,76.2,113.7,125,71.9,75,87,82.2,91.5,106,192,96,80.4,82,84.4,25.1,80,82,14,71,49,82,65,41,37,54,65,67.4,76,61.1,35,52,35,43.7,70,38.2,72,40,83,52,50,65,50,72,100,59,39.3,58,32.9,29.2,34.9,67,69.2,67,36,94,66,84,51,100,44.9,46,94,67,67.9,57.5,168,97,71,95,67,39,53.7,50,47.4,43.5,54.5,57.3,56.3,43.6,68,64.9,194.1,86,98,71,79.5,62,86.5,130,27,62,80,101,115,43,67,73,92,64,52,50,52
2010-11-01,37,43.7,46.4,42.6,89,78.2,62,71,87.1,70.8,54.6,56.1,63.8,63.4,74.9,77.3,67.8,65.7,60.2,31,65,78.2,84.6,66.5,66.7,95.8,168,70.5,79,68.3,64.7,60.4,73.2,62.6,64.5,74,66,60.8,171,44,37,78.3,74.2,60.4,46.1,90,105,65,112,70.3,30,68.9,67,69.8,39,61.2,57,110,60,79.4,60,73.4,72.1,74.5,51.2,52.4,54,85.3,3.6,52,55,103,54.9,51,55.4,81.5,78.6,80.6,43.1,78,64.3,67.9,67,51,71.6,74.1,142,65.3,75.2,82.9,67.5,90.8,90.3,76.6,52.6,50.5,44.4,54.8,41.4,87,50.8,54.5,55.6,36.7,41.3,36.3,40.6,92.3,91.1,132,74.9,10,80,90.1,40,79.9,70.3,81,92,81.7,78.8,82.3,59.8,79.6,62.2,66.3,71,58.5,63.7,31,65.5,46.7,58,81.4,77.8,56.2,46.4,63.2,57.3,77.5,82.4,65.9,64.8,113,44.9,34,51,45.5,45,73.8,82,50.2,70.6,61.6,87.5,80.2,57.8,15.4,9.9,42,51.2,67.2,137.5,110,88.4,70,81.3,71,74.8,100,87,221.5,69,116,76,63.4,59,98.6,74,102,58.5,111,125,71,51.9,101.3,113.7,100.4,141,189,92,91,104,89.4,42.9,79.2,38.3,94,94,73,69.1,62.3,66.3,52.5,52,75.7,64.7,84,57.9,91.1,59.3,66,64.8,65.7,60,71,48.5,70.9,76.7,57,79.7,63.5,83.8,77,110.3,99.9,88.1,69.9,57,48.2,107.6,110.7,86.6,75.6,34,56.4,92.4,62,88.5,45,63.8,91,77,57.1,25,78.7,75.7,98.6,86.7,95.6,90.3,68,100,96.2,59.8,116,140.4,125.8,95.7,113.3,80.5,27,53.7,82.7,39,69.6,77,54,75.9,92.8,113.1,84,73.8,72,46,67.9,67.8,66,113,74,65.5,63,53.5,40,55,58,21,82,62,73,52,77,55,55,33,48,45,50,80,37,17,50.1,102,50.4,47,61,45,46,71,139,62,83,62,45,63.5,55,53.5,20,28,68,65,103,100,102,107,59,34,66,62.8,60,58,27,62.1,210,240,149.5,139,148,148,122,111,152,108,81.7,97.8,120.7,114.8,63.5,64,73.8,39.6,27,3,26,33.7,15,34,36,7,41,15,23,19,24,11,11,10,8,24,37,33
2010-12-01,51,26,44.3,41.9,107,102.3,108,61,75.1,82.1,81.5,52.2,88.3,57.1,95.4,68.4,86,84,121.1,135,79.8,107.6,80,105.5,75.7,73.9,65,65.7,181,95.8,66.3,88,108,87,77,70.2,78,91.1,18,69,94,95.3,100.1,77,58,88,25,34,74,89.7,237,94.1,31,95.1,98,89.6,35,150,88.2,79.8,94,87.3,96.5,85.7,63.2,84.3,74,81.8,70,41.8,61,105.3,51.6,64.8,45.8,80.1,77.8,93,28,79,113.4,66.5,77.9,56,84.1,69.8,59,80.9,82.2,91.9,73,96.9,84.1,75.3,53.6,46.1,45.7,45.4,44.1,139,46,50.1,55.8,38.8,23,36.2,43.2,93.3,103,189,80.1,129,154,101,90.9,78,76.2,87.1,91.3,109.5,33,86.3,72,85.2,75.4,61.5,23,56.7,53.7,57,63.2,44.4,70,83.9,62.1,61.3,48.8,76.1,60.1,68.5,95.7,68.1,74.5,38,44.2,51,53.3,91.3,31,78.6,87.1,41.4,78.1,75.8,83.6,86.7,61.1,21.4,8.7,53.2,50.1,74.9,126.2,37,73.5,65,84.1,59,78.8,94,128.7,52,5,87,104,125.5,79,93.5,97,166,108,32.9,87,71.8,44,99,101.6,107.4,45,138,41,62,49,92.2,58.8,72.1,136.8,56,12,28,53.7,50,67.1,57.1,62.5,81.3,70,55,56.6,77,71.2,104,66.6,71,45,121,56.6,62.9,73.3,65,89.5,67.9,66.2,74.7,97.9,86.2,73.7,61,82,64.8,94.2,84.2,71.5,67.8,70,70.4,84.5,62.5,78,22,71.4,86.1,78.7,70.8,59,88.2,65.3,83.9,81.4,89.5,93.2,67.6,80.1,84.8,89,91.2,135.5,111.1,84.8,116.7,67,107,90.3,71.6,97,85.7,104,37,72.9,87.4,109.9,58,85.4,123,94,73.1,51.3,18,78,49,47.5,38,48.5,12,18,66,35,45,92,58,15,40,67,150,22,81,48,178,65,38,43.9,52,60,45,3,68,59,68,69,75,87,97,92,111,57.1,37,41.6,110,38.9,29,31,95,115,98,81,58.5,34,93,76.6,137,185,141,63.1,150.5,248,129.5,182,170,234,76,91,74,97.7,74.2,91.6,101.8,89,62.7,106,91.9,47,69,21,21,32.4,19,18,40,0,15,43,45,52,42,6,48,44,20,35,48,28
2011-01-01,97,88,40.6,89.5,170,111.4,150,215,135.6,125.5,167.1,122.7,139.7,102.2,145.5,146.7,111.6,118.9,198,46,128.5,154.4,139.8,175.8,152.3,155.1,142,150.2,101,168.9,141.2,156.8,186.7,131.5,145.7,121.8,114,171.3,85,99,48,148.9,157.1,166.9,97.2,147,45,77,93,133.3,137,118.2,104,151.6,50,169,64,82,160.7,118.9,250,165.6,154.1,144.3,145.3,132.9,162,134.1,106.1,87.5,72,137.3,76.7,31.2,117,178.7,115.4,181.8,157,18,180,157.7,139.4,67,158.7,151.6,195.2,134.3,172.2,173.8,166.4,196.6,164.4,155.5,102.5,96.7,95,105,82.6,148,96.7,94.8,92.3,87.9,30.6,79.7,88.4,193.3,205.5,219.6,185.9,145,155.4,226.7,206.6,194.1,216.6,214.1,176.3,208.7,277,193.6,136.3,170.6,143.4,145.7,102,121.6,123.5,125.3,118.3,82.4,78,146.3,127.2,127.9,113.9,121.7,139.3,124.2,171.6,149.2,139.8,116,86.5,277,108.8,171,178,217,224.5,112.1,149,140.2,173.8,115.5,147.2,30.3,25.6,115.5,95.2,139.6,239,91,100.1,72,109.2,112.6,110.1,51,162.5,320,3.5,67,50,127.5,35,104.4,184,119,116.5,135,208,131.9,62.7,150.4,153.5,130.2,176,168,111,123,85,107.5,118.5,103.2,93.7,55,60,25,91.8,67,143.2,155.4,94.7,163.8,164.5,128,150.5,168.1,165.2,80,124.8,167.2,141.8,187,180.5,129.4,146.6,420,163,171.2,124,171.9,196.5,101.8,147.4,126.8,240,178.6,185.3,160.5,147.4,144.6,152,145.3,155.6,126.6,140.2,174,145.8,138.8,142.6,111.1,268.4,113.9,114.5,126.7,124.9,140.2,148.4,145.9,147.5,83.5,163.7,141.6,147.4,149.3,147,141.5,106.9,128,125.3,142.6,96,132.9,156,117.1,114.7,114.4,141.9,63,117.2,66,19,83.1,88.9,88,44,24,80.6,72,83.3,257.1,55,71,142,128,112,148,99,137,277,66,211,113.1,189,149.8,124,151,152,148.1,103,155,128,201,181,119,112,143,185,94,221,132,150.3,131,205.9,117,97.2,201,85.8,119,189,192,165,81,105,74,169.4,162,79,99,93,199,274,179,167,163,141,152,167.5,109,157.5,146.8,172.3,182,161.4,142.6,35,134.4,43.7,205,82,32,89.9,5,60,99,32,263,89,79,101,85,106,135,91,103,156,218,101
2011-02-01,192,100,24.9,88.2,171,100.8,49,103,135.9,120.2,151.3,115.5,180.6,111.5,161.9,171.3,161.9,143.5,164.5,131,147.8,137.9,153.8,139.2,181,162.6,113,163.7,56,169.7,152.6,173.1,146.1,168,121.5,148.9,108,220.1,50,69,37,172.4,166.7,193.6,114.8,97,63,133,72,152.1,106,135.7,96,143.8,77,176.1,63,145,174.5,143.9,152,162.6,184,148,146.2,135.3,61,135,84.3,79,172,180.6,108,146.1,133.4,215.4,133.9,216.5,208,170.9,199.5,192.7,155.9,191,179,190.1,208.5,203.9,249.9,223.6,180.9,225.1,197.6,181.5,107.5,116.8,110,194,90.3,271,112.8,132.4,116.8,92,100.5,104.6,90.8,225.5,219.5,259.6,210.7,397,192.1,303.7,322,234.7,239.1,245.7,179.4,216.1,325,211.8,161,174.5,170.3,181.1,97,139.8,140.4,137.2,116.3,81.7,72,163.3,151.1,122.2,126.4,135.2,128.9,144.6,189.4,163.6,156.1,140,105.9,540,151.8,137,227,212.4,199.5,145.9,178.5,151.3,187.7,104.5,167.1,55.8,47,129.2,120.7,141.2,180,132,102.9,58,92.9,128.4,102.5,200,60,46,64,145,90,139,98,116.6,101,90,128.5,81.1,115,129.8,162.7,105.5,165.1,133.9,278,233,111,52,151,128,74.9,124,118.2,154,121,141,114.9,71.9,95.8,135.4,82.3,134.4,115.6,133,121,123,108.9,58,96.9,101.7,66,24,85.1,83.7,93.2,109,107.5,85.5,98.7,90.4,126,113.1,102.3,128.1,88,106.3,122.2,104.2,94.1,109.1,100,73.4,98.1,105.9,93.7,112,86,106.8,99.9,83,127.3,125.8,84.6,100.3,82,111.4,102.7,82.4,120.4,83.3,119.5,111.9,140.8,129.2,131.4,149.7,89.6,81,95.4,113.1,69,88.3,86,90.5,101.5,104.3,131.9,117,111.5,99,50,95.2,91.8,231,114,141,106.2,91,118.4,78.4,100,126,43,93,174,78,85,89,191,90,128,97.9,63,48.1,62,169,45,95,80.8,40,84,146,67,48,62,99,85,41,70,105,85.9,52,173.6,92.7,77.3,118,57,85,135,179,70,65,110,64,115,121,123,108,81.1,121,163.5,122.5,131.5,159,201,128,124.4,128,128.3,106,107.7,119,123.9,77.8,64,91.4,70.4,42,84,162,96.2,105,16,153,25,90.5,19,55,14,37,57,30,9,15,13,15,28
2011-03-01,47,14,8.3,34.6,89,147.7,57,71,74.3,65.6,63.8,51.2,73.4,59.5,72.6,70.2,79.5,70.2,85.7,34,71.6,91,69.7,88.2,70.4,73.2,190,60.2,174,77,61.4,74.9,86.8,71.9,67.3,69.8,71,70.7,5,135,89,77.9,70,72.9,53,152,103,85,86,80.2,121,85.9,71,86.7,137,68.5,130,117,78.8,69.5,130,63.1,83.8,84.5,54.1,70.5,111,75.1,86.2,89,2,48,39.2,19.5,43.1,74.3,59.3,82.8,55.2,53.7,58.3,50.3,59.9,47,69.6,61.4,71.1,65.2,72.4,76,53.8,82.5,79.3,71.6,41.8,38.6,13,20,32.6,13,41.8,42.3,42.5,30.6,10.4,33.2,38.1,94.6,81.7,101.3,72.5,107,93,91.3,18,68.6,73.7,74.4,76,87.2,91,70,59.6,85,50,56.3,40,48.7,53.1,52.2,49.3,35.7,19,66.9,62.3,45,44.2,54.2,53.8,68,76.8,55.2,63.4,20,37,66,51.8,142,74,78.5,81.2,36.1,76.3,65.7,83.3,76.8,64.7,21.3,14.8,40.8,33.7,55.7,93.5,69,71.1,69,79.7,81,81.5,68,170.2,76,99,89,105,80,115,94.3,85,109,66,90.8,92,39.2,41.4,82.8,97.5,111.7,83,103,87,46,74,93.6,78.9,72.4,93.4,90,74,59,73.3,57.5,61.1,52.1,46.8,60.7,59.6,62,53,71.9,57.6,64,52.2,56.6,43,60.2,47.5,53.5,67.8,65.6,61.5,63.1,71.5,70.5,90.7,93.4,72.8,61.3,65,57.6,87.2,68.9,71.3,65.1,40,57.4,73.8,54.1,77.1,57,63.6,75.9,65.7,62.5,92.4,89.1,58.8,66.9,67.8,77.6,87,65.3,75.2,93.1,83.8,75.7,126.3,99.6,66.3,107.8,54.5,73,70.5,70.5,70,79.2,131,67,68.5,83.7,107,157,78.1,48,116,78.8,65,52,89,79,68,85,74.2,43.6,152,58,11,84,72,45,109,105,72,143,55,101.1,38,64,79,44,40.9,42.6,48.8,40.6,85,81,80,69,58,130,116,40,57,50,51.7,8,40.4,33,33.8,28,55,86,117,61,168,23,54,83,120,57,95,75.4,69.9,158,119,93,123,113,120,105,82.3,133,79.5,64.5,72.3,77.8,81.7,51.4,63,71.4,77.3,98,49,62,56.6,57,43,66,1,46,53,81,116,26,27,106,54,67,99.5,101,62
2011-04-01,21,17,5,11.7,35,35.5,47,35,30.7,29.1,53.8,25.5,48.2,32.8,38.5,29.8,45.9,33.9,64.2,130,33.6,50,25.9,50.6,30.9,28.9,40,28.4,25,55.4,27.2,51,67.4,36,20.6,27.4,40,50.6,30,17,41,35.9,42.7,41.2,30.7,32,9,35,23,52.3,96,47.5,48,42.8,20,40,23,31,50,32.7,47,29,40,53.6,10.8,29.7,20,23.2,51.8,56,65,70.3,12.7,43.2,21.7,38.2,19.4,35.5,30.1,36.3,34.5,27.3,31.3,11,35.6,27.6,33.4,26.1,33.9,38.2,40,40.1,38,28.8,20.2,36.4,19,2,18.5,19.3,17.3,30.1,21.9,20.2,21,12.7,16.6,38.2,31.3,50.1,25.4,65,50.2,43.7,39.5,33.3,35.6,40,38,41.7,42,59.3,25.1,44.5,40.1,27.2,20,28.2,22.1,36.8,45.5,15.2,25.5,33.2,35.9,18.1,28.6,35.3,25.6,32.2,45.5,23.6,37.9,18.4,17.6,53,18.7,43.5,82,46.7,78,17,31.6,24,28.3,34,30,14.4,6.3,19.4,19.8,29.5,27,41,45.5,46,43.3,8,44.4,62.4,15,80,31.5,7,32,91,102,59.2,20,27,82.5,12.7,48,31.1,20.2,41.4,42.9,56.5,27,38,4,45,57,53.5,93.1,40.8,66.9,87,82,75,63.9,18.4,32.9,32,19.1,28.6,32.8,30,32.2,35,35.3,15,19.1,35.6,3,33,35.4,22.4,26.7,20,39.7,39.8,26.4,26.5,42.9,29.3,26.2,22.6,65,43.9,51.2,38.2,49.8,31.6,65,40.6,28.2,21.1,34.6,14,42.2,36.4,41.1,39.9,30.9,49.9,22.2,21.5,39.9,26.9,44.2,36.3,38,59.3,68.5,32,50.4,47.2,32.9,59.7,27.2,87,55,36.9,62,54.2,14,37.7,35.9,34.9,55.4,35,41.1,61,81,51.9,47.9,20,44,96,52.9,42,71.8,14.4,71,82,12,18,62,42.8,41,46,46,8,14,63.9,74,75,28,59,37.7,33,33.2,30.2,17,33,80,45,30,47,65,19,58,55,32.9,12,25.3,5,24.4,3,55.8,22,48,34,86,36.1,70,42,35,55,59,35,41.4,16,20,19.5,34.5,25,7,28,34.5,17,32.4,27.9,41.4,40.4,32.8,27.3,82,47.7,52.6,117,149,81,90.9,175,62,210,120,80,87,89,95,83,110,108,143,34,141.5,140,81
2011-05-01,0,0,0,1.9,32,5.4,0,7,15.5,9.3,19.1,9.4,25.1,6.7,15,12.5,26.2,11.3,29.7,2,17.4,31.2,11.7,21.8,8.9,10.8,7,9.5,4,25.2,13.2,30.8,25.4,22.8,8.9,9.9,15,21.5,2,1,1,16.1,27.2,23.1,11.8,21,2,5,15,28.1,52,25,1,19.4,2,21.5,1,10,26.2,7.3,5,16,29.2,21.9,1.2,17,1,7.9,7.1,1,6,6.5,4.2,0,16.5,19.5,13.6,18.3,13.1,16.1,12.1,16.8,16.7,11.2,10.4,12.1,9.8,14.7,13.1,17.4,14.1,20.8,15.8,9.1,10,17.8,8.1,13.9,12.2,10.6,8.2,19.1,11.6,9.7,3,6.4,9.6,9.8,14.2,15.5,7.6,9,37.9,9.9,12.2,11,14.5,12,21.1,10.7,20.4,28.6,7.9,19.2,13.2,9.4,7.7,12.1,17.6,19.6,27.8,6.6,15,12.1,25.4,7.6,23.3,33.9,15.2,11.9,18.8,8.5,31.6,12.9,11.6,6,5.3,15,12.8,23.9,31.4,12.4,10.3,15.8,10.8,15.9,11.3,11.5,10.1,9.3,8.9,21.7,0,4,20.9,26,20,8,17.9,25.6,1,19,83,9,7,87,27,25.3,3,4,102,15.7,0.5,2,0.6,13.3,17.2,25,14,20,0,0,5.1,21.2,36.8,18.6,34.4,3,14,13,24.8,12,16,13.6,16.9,14.8,13,48,14.8,13.1,12.7,6,5.2,12.2,2,12,14.2,14.2,9.9,19.8,15.5,11,15.7,10.8,16.4,15.8,13.9,13.1,4,18.2,21.6,15,9.5,15.5,0,13.6,12,11,12.8,17,11.2,13.3,13.2,15.1,26.1,28.8,11.1,11.7,1,17.7,18.3,12.1,15.3,53.5,31.1,14.7,27.1,13.6,16.5,16.2,10.2,9,29.4,16.4,57,21.9,2,16.3,17.1,14.8,18.7,26,25.7,35,63,23,20.3,15,29,0,20.7,27,26.7,13.6,53,61,9,16,50,6,36,34,33,7,19,63,8,1,2,5,16.1,21.5,11,17,2,5,10,2,18,1,10,5,4,6,19.1,0,17.9,8,10.9,2,21.3,2,2,16.6,2,9.8,15.4,7,17.1,2,16,39,15.8,0,0,0,0,0,0,15,13.3,5,11.6,9.7,13.2,13.5,10.9,4.8,44,22,28,19,107,31,51.9,110,28,61,120,40,62,60,54,49,70,61,90,0,79,33,19
2011-06-01,0,0,2,3.9,10,4.9,29,22,8.2,7.4,12.8,6.2,18.8,5.4,13,9.9,22,7.5,22.1,2,11.6,18.2,8.2,16.2,7.2,6.5,7,5.8,5,21.2,11.5,31.3,20.9,13,10.7,7.7,22,11.9,0,7,5,10.8,15.1,17.1,12.6,9,5,24,5,16.1,6,14,4,19.3,8,19.5,12,4,21.2,5.4,4,10.9,15.5,19.2,1.3,9.6,3,5.8,4.1,6,0,0.1,5.3,2.1,19.5,18.7,17.1,18.8,13.7,14.2,16.2,13.5,20.1,13.8,9.1,9.4,10.9,14.6,13.1,14.8,14.1,17.8,13.3,12,9.7,13,2,4,11.7,10,9.4,21.3,10.5,9.2,1.8,6.1,12.6,12.6,12.4,14.4,8.7,23.6,36.6,13.4,11.3,10.2,13.5,11,21.5,15.6,14.2,26.6,6.8,27.6,12.4,11.3,8.5,8.5,12.6,22.9,24.4,7.7,11.4,13.2,21.7,7.8,19.7,15.9,9.8,9.3,13.9,9.7,32.7,10.2,10.5,7,5.9,16.9,12.8,21.6,28.1,13,9.6,18.1,9.4,16.6,10.2,14.2,5.3,7.1,9.9,17.1,31.5,25.7,12.6,32,19.8,9,11.6,7.6,30.5,20,139,13,9,25.4,0,20.1,0,24,13.6,14,9,20,18,21.3,11.5,18.5,10,10,0,16,7,10.9,7.5,9.4,26.2,6,0,7,9.2,9.7,13.8,15.5,19.7,19.7,14,14,17.5,15.5,24.7,12,13.6,23.1,16,15,30.2,14.6,10.3,33.3,19.6,26.1,19.8,20.9,32.8,17.1,21.1,13.9,18,28.7,28.3,33.2,17.6,16.9,45,24.8,18.8,8.2,21.9,33,25.1,25,27.6,15.9,10,29.4,13.9,10.7,23.9,18.7,29.8,16.5,22.4,43.6,14.1,20.9,18.4,25.4,10.9,25.2,13.9,43,29.8,15.9,20,15.2,11,16.7,13.9,15,20.1,10,27,16,18,13.3,9.8,9,7,5,13.7,5,8.9,25,1,35,0,10,9,3,40,33,37,25,20,12,33,30,12,28,12.9,14.2,2,16.1,11.8,25,15,10,16,18,22,24,46,46,16.4,3,15.9,18,12.5,15,16.9,9,14,14,11,9,8,11,12.3,2,25,35,16.5,36,30,30,25,49,5,8,20.7,11,18,16.2,23.6,22.1,21,17,8,21.9,6,7,3,2,7.9,5,3,5,0,2,6,6,3,7,0,3,0,6,3,8,3
2011-07-01,9,10,0,2.8,6,2,0,5,12.8,7.4,14,7.3,22.8,4.6,15.4,13,18.1,8.7,18.3,0,24.2,23.7,15.7,10.9,8.9,10.3,1,6.5,1,22.4,13.1,20.8,11.4,29.4,10.7,12.5,3,10.8,15.1,4,10,15.8,28.7,18.2,6.7,2,15,13,6,22.5,1,14.8,3,22.1,2,23.7,5,2,17.8,6.9,1,20.2,25,21.6,0.7,11.7,2,8.7,1.8,1.3,0,3.6,5,0.3,22.7,21.1,19.1,18.3,14.9,13.1,7.8,21.1,25.7,10.2,10.3,11.6,8.7,11.7,17.6,19.5,19.1,26.5,21.8,15,9.2,23.5,7.2,16.9,15.9,0.2,6.2,28.6,15.1,11.9,4,6.9,13.7,15.4,21.6,18.5,8.7,20.9,42.9,10.3,13.2,10.2,15.2,13.5,18.8,13,27.1,28,9.6,27,14.1,12.2,6.9,14,22.5,12.5,26.1,5.3,23.3,16.9,38.5,10.7,22.5,23.5,15.1,19.4,19.9,7.6,33.2,14.5,12.8,14,6.4,16.1,13.6,24.9,36.9,13.4,12.5,22.4,14.8,18.9,12.2,15.9,13.2,7.9,12.8,19,9.5,8,4.1,9,4.9,1.4,5.1,9.7,0,0,64,4,1,4.6,0,10.6,0,0,3,10,0,4,1.6,5.1,8.4,7,4,0,0,0,0.7,11.6,16.1,2.4,0,3,4,3,12.8,15.5,10.1,11.2,15.8,14.4,9,0,12.2,6.5,13.6,3,7,10.4,4,6.3,5.7,13.9,8.1,4.7,11,9.2,11.4,13.5,9.8,25.4,13.5,10.7,0,9.6,19.7,15.8,11.4,12.8,0,6.4,8.9,10.9,10.4,4,13.3,13.9,3.2,8,10.7,32.4,12.5,7.1,6.7,14.9,10.4,7.1,7,64.1,17.8,12.2,26.9,8.7,6,17.7,5.5,0,6.5,8.4,7,3.9,0,4.8,10.3,8.1,13.6,9,16.3,2,3,7.8,7.6,2,5.5,5,11.7,8.4,10.1,3.6,10.5,9,5,0,1,1,7,6,12,6,1,10.7,0,5.1,0,0,4.5,5.1,4.7,5.1,4.3,0,0,0,0,0,0,0,1,2,3.6,0,5.9,3,3.8,0,9.8,0,0,6.5,0,5.5,4.5,2,5.8,0,0,11.2,7,8,0,6,15,6,36,0,13.3,0,4.7,6.5,14,5.2,5.4,2.1,0,9.1,6.5,30,18,12,15.5,21,15,28,0,5,0,0,36,1,0,35,46,0,25,28,7
2011-08-01,0,0,0,0.4,3,0,12,0,9.7,5.3,7.6,4.8,19.3,1.8,15.4,11.2,21.4,7.9,16.8,6,18.4,19.4,15.1,6,8.5,8.5,2,5.2,2,23.2,13.1,19,4.2,21.4,11.9,8.9,3,7.3,8.1,0,1,13.8,21.7,15.4,6,0,1,1,1,18.9,1,12.3,2,16.3,1,19.6,0,1,14.6,5.6,1,17.7,19.5,15.9,0.3,3.9,1,8.2,0.3,1,8,0.6,3.4,5,25.1,17.4,21.2,18.6,12.3,14.7,12.5,18.4,28.3,11.7,10.3,11.1,7,9,16.7,17.7,17.6,21.9,19.4,7.3,7.9,22.8,6.2,16.4,17.5,10.2,4.8,27.8,12.4,12.7,0.6,6.4,13.8,13.7,16.8,19.1,10.7,20,37.4,8.3,8.5,8.9,15.2,12.3,22.7,10.3,17.9,26.9,8.6,25.7,15.1,12.1,9.5,11.1,15.4,13,24.8,4.8,19,16,36,9.7,24.1,20.3,12.7,16.7,20.8,9.6,34.1,11.8,11.6,12,5.6,16.2,16.6,26.4,30.1,14,12.2,18.3,13.7,20.9,14,18.8,12.3,10,10.7,16.3,0,10,4.4,3,6.6,2.6,3.6,3.1,8.2,8,125,2,12,3.5,0,9.2,5,11,2.5,13.2,6,3.5,0.6,6.4,6.5,6.6,0,5,0,7,0.3,6.5,6.3,2.1,28.4,0,0,0,4.4,14.5,7.5,10.6,15.8,13.7,6.3,10,14.7,7.1,14.1,5,9.3,8.3,1,8.7,9.2,15.4,10.6,10.2,10.2,9.4,10.9,16.2,15.9,28.6,14.9,11.6,30,8.4,16.3,11.4,9.9,10.1,10,7.9,13.8,5.4,9.7,2,13.2,16.9,3.8,8.7,4.3,37.9,13,7,6.6,14.9,10.1,7.2,7.7,70.4,13.1,10.4,21.1,8.9,9.4,18.9,3.8,4,8.9,9.3,3,3.7,1,1,8.3,9,14.2,3,13.7,8,3,8.1,7,3,0,0,8.4,0,7.2,1.4,0,4,2,0,5,3,3,2,3,3,1,5.3,4,25.5,5,10,4.2,5.8,3,8.5,6,5,1,7,7,9,12,12,13,31,7.9,3,7.8,7,7.2,4,13.3,6,0,11.3,8,8.8,5.5,12,7.5,20,17,15,11.6,0,0,3,0,0,0,0,6.1,0,5.9,8,7.1,5,5.1,2.4,14,10.1,0,4,0,0,3.5,0,0,0,0,0,0,0,0,2,0,2,0,2,5,11,0
2011-09-01,2,0,4,2.2,41,29,0,57,21.3,9.7,17,8.4,24.6,10.8,13.9,14.5,24.6,13,25.7,0,25.9,26.1,14.1,15.3,10.4,14.5,34,11,13,24.4,10.2,23.9,14.3,26.2,12.9,8.2,35,18,16.5,15,19,15.6,23.2,20.7,8.7,17,21,14,62,20.6,3,17.2,2,21.2,20,23,15,80,22.9,14.5,35,12.3,19.5,19.9,2.3,16.8,8,9.9,11.2,12,62,2.1,3.9,6.1,16.9,21.3,17.1,20.4,13.8,16.9,8.4,13.5,20.9,5,11.9,10.6,9.4,15.9,13.6,14.2,17.2,20,18.7,11.1,8.9,14.9,10.6,15,12.3,8.2,10.4,18.7,12,11.8,1,5.8,11,13.3,15.2,17.9,9.9,24.4,41,10.9,16.7,11.3,14.8,10.8,19.4,12,20.9,28.7,7.9,24.6,12.4,11.5,8.3,14.1,14.9,18.2,20.7,10.9,19.2,14.6,22.8,5.9,19.1,18.8,13.6,12.3,16,7.4,34.5,15.3,10.2,9.5,6.1,15.6,11.4,29.9,38.9,10.7,13.6,17.8,12.1,14.1,10.1,10.3,8.9,10,9,20.3,8.5,1,18.5,24,16.6,25.4,22.4,15.1,42,0,164,23,10,18,0,23.1,5,31,15,22.2,33,0,1.4,18.7,17.8,26.9,9,19,0,38,20.3,17.4,21.5,13.6,1.3,17,25,22,24.6,12.7,17.4,14.1,17.6,10.4,12.4,0,13.8,11.8,11,0,6.5,12,0,11.9,10.5,13.1,11.3,12.7,13.7,13.3,12.1,11.6,13.3,22.7,19.1,10.8,1,12.4,27.3,16.5,13.8,11.5,1,11.8,13.8,10.5,17.3,0,10.8,17,12.6,12.6,6.1,31.3,12,13.6,15.2,14.4,19.3,11.7,12.4,46.6,12.9,17.1,19.1,16.3,13.6,20.7,15.1,10,14.6,22.8,48,11.6,7,13.5,16.4,15.9,24.3,20,24.4,22,11,18.8,16.2,24,29,16,20.8,29,18.6,0,21,13,0,25,21,12,16,25,11,37,0,33.3,8,0,9,0,9.1,15,10.2,13.5,21,16,7,24,61,34,25,30,4,5,14.7,7,21.9,1,10.4,3,11.5,17,24,9,17,19,10.3,15,13.3,20,47,13,17.6,5,6,7.5,0,25,26,1,14.3,8,9.6,9.4,16,12.9,11.1,4.7,7,16.1,23.9,16,22,22,21.1,20,12,22,13,15,25,0,20,22,20,20,22,23,6,2,10
2011-10-01,16.5,43,12.1,24.6,52,25.1,117,34,29.9,25.1,73,28.6,47.2,32.1,44.1,35.6,47.2,31.9,86.4,53,24,41,31.9,72.2,23.6,31.9,25,27.6,20,66.1,23.4,61.3,92,33.8,22.4,21,55,51.8,85.5,37,91,28.4,38.9,34.9,48.5,27,56,67,33,52.2,28,41.8,5,54.7,36,49.2,35,15,55.2,28,67,27.6,38.5,42.1,14.2,34.1,29,19.4,103.9,114.7,37,88.4,12.9,15.3,22.7,46.3,27.3,33.6,29.8,38.3,40.3,27.2,30,13,39.5,34.3,29.3,23.2,38.3,35,30.5,37,39,34.6,23.1,37.7,5,42,18.8,20.4,19.2,31.5,24.1,25.2,11.4,14.1,25.5,38,33.4,43.8,28.3,40.7,54.7,36.1,38.9,31.5,31.2,34.7,43.7,41.7,31.2,58.6,22.8,46.6,30.6,33.6,26.1,27.6,27.8,37.7,47.2,23.8,32.3,36.2,33.1,28.3,28.3,30.8,31.8,35.4,38.5,31,37.5,21.9,17,25.5,13.7,33.5,26,37.9,49,23,30.3,28,27.1,20.4,34.6,27.1,8.1,22.7,19.7,34,102.5,89,111.2,108,133,78.9,126.6,98.6,94,0,183,91,119,186,116,131.5,86,140,153,68.7,93,88.3,118.8,129.7,122.5,149.2,103,120,47,114,104.4,138.6,97.5,114.3,183.4,83,91,106,117.7,18.4,66.4,63.5,54.7,59.5,75.2,74,50.6,73,70.7,93,72.5,69.7,58,68,83.4,52.9,99.8,93.2,96.4,92.7,70.7,105.8,115.5,51.3,81.9,57.4,112,119.6,128.4,130.1,90.6,96.7,112,117.9,68.3,72.8,118,93,109.3,115,108.8,94.2,104.9,59.2,73.5,76.7,104.7,107.2,109.4,102.7,101.6,105,145.8,77.4,136.5,121.9,89.6,122.2,75.5,197,144.2,84.8,136,132,80,134.2,132.8,119.3,140.5,157,118.2,140,116,115.8,113.3,88,143,128,96.2,144,110.3,100,174,156,65,66,140,105,118,155,144,92,113,151.4,113,111,72,91,65,78.3,25,91.5,113,96,128,101,124,122,133,107,84,172,73.5,118,58,75,20,115,42,93,110,84,107,73.3,86.3,136,76.8,171,177,162,95.1,164,145,143,130,146,115,92,97.2,93,91.1,82.1,108.5,101.3,108.2,66.5,99,127.6,74.1,124,104,65,84.7,41,81,72,40,82,121,63,58,100,0,49,73,107,88.5,68,91
2011-11-01,32,22,37,49.9,74,74,127,119,64.1,55,99.4,59.8,93.9,56.3,73.2,66.3,87.6,48.4,109.5,75,72,106.1,59.1,90.3,60.2,67.6,84,57.2,84,89.6,62.2,106.3,103.3,82.2,65.9,52.1,137,98.5,75,58,114,77,89.3,97,64.1,73,133,73,45,106.2,148,100.3,25,91,142,87.2,56,237,85.1,65.8,219,58.8,84.7,93,48.1,94.7,31,51.4,52.1,36,63,81.5,31,35.8,31.4,73.7,50.1,72.8,70,55.1,57,46.5,50.4,24,63.4,59.3,65,61.4,82.1,71.1,63.2,83.5,74.7,61.1,35.5,44.6,7,34,27.1,24.9,31.5,43.4,35.5,26.7,25.5,26.7,37.6,87.7,97.7,97.7,63.7,69.6,79.1,86.9,80.9,67.5,73.8,79.5,82,76.7,84.1,68.2,71,81.4,59.2,57.4,50,45.3,48.5,45.4,66,37.3,40.8,76.1,55.5,49.5,44,47.1,56.7,62,78.4,47.6,52.6,36,31.4,58.8,33.7,79.8,46,79.3,78.4,32,53,60.8,76.3,54.2,57.2,19.6,8.4,36.7,33.6,62.6,66.5,165,90.7,103,90.4,60.7,103.1,105.3,154,61,133,55,64,109,52,98.6,76,48,81.1,85.4,118,114.4,123.7,128.4,116.1,117.4,155,160,113,101,72.6,113.4,125.8,85.8,69.4,110,116,129.5,101.4,57.9,111,107.7,67.7,115.5,123.2,150,101.1,124.6,114.3,70,97.9,113.7,140,73,113,81,108.5,113.5,121.1,128.4,99.2,126.2,137.4,92.1,114,67.3,199,126.3,132.5,138.8,124,107.3,179,118.9,100.2,65.8,133.3,139,133.8,113.4,112.2,82.1,115.4,78.3,76.1,90.2,89.2,101.8,107.2,86.5,100.7,70.7,134.8,82.4,113.9,92.3,93.9,100,71.5,66,103.9,90.6,113,103.3,91,98.8,86.3,101.3,111,114,100.6,71,89,85.5,82.4,50,120,112,83.2,155,101.5,135,102,84,58,45,111,119,121,137,169,131,166,123.6,152,185,78,146,71,113.5,60,83,141,156,158,164,152,57,63,97,131,126,82,129,72,84,72.8,173,70.6,122,111,100,61,86.9,81.4,82,75,76,86,138,76.8,88,79,84,131,119,89,142,127.7,125,113.8,112,122,132.9,123.2,84.7,41,117,177.1,146,82,63,82.7,66,115,113,23,70,103,85,34,58,34,62,67,89,111.5,132,126
2011-12-01,15.6,52,53.8,33.8,11,83.6,33,44,81.9,75.5,50.4,64.7,59.5,67.5,78.8,85.7,59.5,83.9,59.6,32,80.3,99.3,88.9,62.6,71.2,87.1,68,83.4,147,87.2,67,54.8,55,78.6,72.9,70.9,67,73.4,65.2,32,46,85.5,85.9,61,42.6,47,19,43,241,68,73,90.7,74,63.5,38,71.7,23,141,63,86.2,108,88.3,77.1,93,68.3,60.1,65,104.4,36.6,27.5,24,55,59,54.4,54.1,75.2,77.9,90.5,84.1,31,64.3,70.8,67.9,62,87,82,90.2,67.4,83.3,96,72.8,108.9,102.2,100.3,57.1,43.7,16,53.2,49.8,59.5,58.8,65.8,56,38.9,36.2,42.6,39.5,98.1,92,111,74.8,116.4,103.1,98.8,89.2,86.5,77,89.4,105.6,95.8,103,83.9,63,74.8,72.7,63.5,54.1,66.3,50.8,62.9,62.2,35.8,42.1,76,77.6,54,45.3,63,52.4,89.1,79.4,70.6,67.5,146,47.4,92.8,59.4,40.5,77.5,72.4,98.2,46.3,86.2,76.4,91.4,120.2,65.2,20.3,10.8,58.4,47.3,62.1,93.5,79,27.4,7,26.2,12,24.9,13.7,49.8,2,24,27,7,25.2,17,22.6,12,20,18.2,112,30,51.1,22,35.1,38.7,33.1,27,60,97,80,24.1,31.6,17.5,30.6,3.3,23,18,26,18.2,80,46.4,40.3,45.9,58.2,50.2,27,39.9,62.3,60.7,50,41.1,44.9,38,34,35.1,58.9,41.6,41.2,61.3,48,44.7,53,61.6,73.9,51.1,41.8,8,34.8,63.1,46.5,56,40.9,35,28.7,45,35.6,47,15,36.4,40.4,37.9,30.2,13.6,92.1,45.4,47.2,31.6,50,41.4,40.6,49.8,66.7,33.2,56.7,116.2,50.5,54.9,58.1,52.1,33,29.7,36.6,0,25.6,54,23.4,24.7,39.2,47.8,4,47.5,42,27,16.3,13.9,14,10,12,22.9,39,14.9,12,40,16,57,11,16,23,5,26,14,41,29,17.7,33,28,37,32,3,9,35,8,9,52,17,21,17,14,18,30,14,37,41.3,16,38.7,24,5,24,26.9,26,48,33,39,21,15,10,52,16,41,41,27.4,86,94,98.5,171,92,140,133,61.5,51,52,43.2,42.5,60.4,63.8,31.9,12,31.9,8.9,31,16,19,13.3,7,7,0,0,7,41,22,47,12,0,25.5,18,20,29,39,8
2012-01-01,22.2,9,44.3,47.2,198,124.4,152,87,85.9,95.7,136.8,101.4,122.4,86.4,104.4,92.9,110.6,96,142.7,91,118.1,135,91.9,150.3,121.8,92.6,206,106.2,96,127.9,87.1,123.9,133.4,100.3,97.3,88.1,109,126.6,75.4,78,167,129.8,105,117.5,77.6,149,102,120,136,107.5,98,125.7,31,122.4,52,104.8,158,247,109.9,90.6,103,120.3,126,114.9,63.8,117.7,105,103.5,38.7,35,31,76.3,49.2,29.1,39.2,100.2,85.1,104.4,115.1,70.2,82.5,78.3,87.6,95.1,97.4,116.5,105,97,94.7,114.4,91.3,129.1,98.7,78.2,54.2,59.6,35.2,52.3,49.5,45.8,48.9,60.5,45.6,40.2,21.2,41.4,43.7,131,147.5,131.1,91.8,126.4,99.2,125.3,114.8,115.7,99.2,126.6,114.4,124.3,143.2,95.5,97.6,103,82.9,85.9,66.8,65.5,66.2,56.8,74.1,55.2,47.2,96.4,73,79.5,65.4,78.2,72.2,84.2,94.6,83.3,82.8,55.9,43.8,82.9,58.2,110.2,81,110.5,108.3,52.7,78.4,88.3,88.7,96.7,82.4,23.4,6.6,64.5,52.5,77.9,88.5,165,58.6,116,64.8,38,39,87.2,144,123,167,54,102,70.2,87,70.7,38,88,69.5,87,27,196.4,146.6,95.6,85.4,76.5,24,34,82,47,22,74.7,105.2,55.3,61.3,38,109,83.5,93.8,53,116.2,119.7,84.8,137.5,119.4,169,128.4,128.9,119.1,163,92.8,113.8,158,92,113.7,75.9,94.6,90,109.7,103.5,86.5,95,114,96.6,97.4,83.4,97,107.5,119.3,96.5,94.4,84.9,85,93.6,79.6,51.7,95,131,98.6,88.6,86.1,66.5,81,98.2,66,78.7,71.7,81.3,93.7,66.3,82.4,76.6,103.6,66.4,108.1,85.9,85.7,85.8,58.2,47,82,70.3,79,77.3,102,68.1,60.1,65.4,86.2,62,66.8,125,80,67.2,58.2,74,59,145,74.7,97,88,145,109,70,174,47,88,22,84,88,147,144,190,45,120,102.5,67,83,57,75.7,40,17,87,108,93,94,80,65,57,128,67,50,77.3,136,78.7,82,71.8,150,56.3,37,40,68.9,44,78.1,53.9,85,70.3,35,88,44,60.8,122,78.5,136,172,80,103,114,107.1,130,100.2,89,97.9,114,102.9,66.5,69,92,59,102,203,65,63,106,128,10,9,164,107,48,120,87,58,115,139,62,117,85,114
2012-02-01,169.7,30,139,90.3,125,91,198,35,91.1,93.1,91.4,78.7,87.7,68.2,114.4,89.2,80,94.6,95.2,67,79.1,135.6,109.9,98.9,115.9,102.1,68,95.8,64,93.5,126.8,96.3,92.7,93.5,98.8,110.4,44,115.8,96.7,71,52,113.9,120.5,97.9,77.5,30,32,40,33,110,32,94.2,20,83.4,27,96.1,34,102,94.6,93.1,25,96.5,94.4,90.7,106.2,71.6,21,96.1,172,132,6,103.9,64.9,73.6,92,124.1,91.1,111,119.8,98,121.9,109.7,130.3,120.4,136.2,105,118.9,98.9,115.5,135.6,105,126.7,109.9,113.6,77.3,84.1,37.5,95.9,75,72.5,86.6,72.8,66.7,66.1,75.5,67.3,84.7,143.2,165,144.2,132.4,139.7,121.7,141.2,132.6,134,128.3,117.8,150.3,166.3,138.7,146.5,120.3,117.7,85.7,124.8,80.3,91.4,110.2,94.4,92.5,64.2,89.6,116.6,91,118.9,98.5,80.8,72.7,107,126.5,102.4,139.9,103.9,73.9,146.1,87.2,169.4,130.9,160.6,166.7,90.7,121,111.7,130.4,110.6,114.1,36.2,12.2,77.6,79.7,130.9,310.5,231,175.4,85,165.9,112,170,159.1,190.7,165,219,195,260,147,290,180.5,138,208,143,105.1,225,194.1,142,145.5,150.5,201,214,147,412,127,125,173.3,190.1,169.6,137.9,107,87,90.5,156.5,71.2,106.4,98.9,87.9,133.1,112.5,142,110.8,130.3,120.3,75,107.4,118,105,115,105.5,106.4,119.8,50,157.4,123.9,117.8,129.6,187.7,93.2,118.5,128,87,118.2,170.4,183,144.8,133.3,84,107.2,150.9,119.4,159.7,102,145.5,147.7,70,107.2,144.3,94.6,110.2,137.9,50,141.7,158,141.7,175.5,101,144,144.8,192.5,183.4,159.7,182.7,104.2,131,144.8,141.2,80,154.4,169,144.8,147.4,163.4,202.4,155,154.7,285,217,161.9,155.5,122,129,98,123.4,67,156.1,105,146,119,79,217,199,125,50,112,86,111,130,139,135,63,185,54,89,107,80,75,103,172,117,128,112,165,197,204,110,138,120.7,287,144.7,183,105.6,178,90,153,235,153,147,73,124.3,122,162.8,126,165,90,139.2,270,386,371.5,290.5,357,166,238,186.6,236,147.3,141.3,171.3,174.8,169.7,111.2,186,155.1,206.4,339,147,154,127,104.5,233,168,6,184,297.5,226,98,220,2,324.5,150,126,141,127,231
2012-03-01,14,0,20.7,20.4,84,15.8,90,100,37.5,30.6,77.1,28.9,64.8,31.3,39.2,40.9,55.8,34.6,91.2,58,30.7,57.8,32.8,88.6,33.9,44.3,71,33.3,66,76.3,22.6,71.2,88.9,36.7,29.4,34.4,54,67.8,84.3,8,87,38.8,52.8,48.8,44,23,11,80,31,66.8,64,55.7,4,71.8,11,56,11,29,79.3,37.7,47,36.8,45.9,52.7,21.4,47.5,38,25.3,86.6,63.5,50,15.9,18.2,34.5,22.2,45.4,24.8,39.3,36.5,39.2,47.5,29.5,31.5,48.7,41.5,41,33,30.9,36.4,38.5,37.2,45.7,46.8,37.3,27.7,39.9,21.3,24.7,20,24.1,21.1,25.9,25.8,30.3,32.8,16.9,20.9,38.3,44.8,56.8,33.1,47.1,60.7,54,40,43.5,38.9,42.8,47.4,45.2,38.3,61.7,26.8,52.5,33.3,40.7,29.5,35.7,26.9,45.3,42.7,23.7,27.7,45.4,41.3,36.1,33.2,32,33.4,38.2,38.9,32.8,37.3,22.2,21.8,25.3,14.1,37,32.5,45.1,70.5,24.7,32.8,33.5,32.8,26.6,34.8,27.3,6.8,27.5,28,45.6,62,58,115.6,98,110.5,101.7,52,95.3,51.5,190,93,40,83,101.3,75,118.2,71,94,99.7,23.1,62,39.4,53.4,90.4,103.3,138.2,80,137,86,36,97,131.5,123.4,111.4,219.5,71,32,55.5,89,23,54.7,55.6,48.6,56.5,60,33,47,57.6,55.5,37,48.5,59.9,60,57,64.7,41.6,61.8,79.2,76.9,70.7,56.5,78.4,90.2,41.6,61.8,43.5,138,114.7,95.3,74.1,62.7,57.1,71,82.2,56.9,49.8,79,107,69,68.6,70.5,92.8,101.4,55.8,38.5,56.5,72,54.6,73.6,66,72,72.7,132.9,58.8,104.2,82.7,63.3,85.9,47.7,118,134.1,73,78,117,55,93.8,94.5,104.7,129.7,228,102.6,261,184,106.7,108.2,98,172,42,87.6,100,94.4,85.3,113,88,97,96,121,97,119,64,172,73,112,242.6,61,102.8,59,59,86,46,55,65.5,62,34,56,82,110,198,44,43,49,154,47,59,71.8,78,40.9,79,83.6,62,71,63,41,62.5,86.3,175,56.8,97,93,134,84,84,54,69,130,81,70,47,65.1,38,61.5,58,69,74.1,67.5,51.1,254,95.8,216.3,192,70,28,39,52,53,60,67.6,35,126,156,57,82,55,147.5,189,83,138,93,45
2012-04-01,17.5,31,32.7,26.6,63,114.7,39,118,55.5,52.5,50.7,46.9,75.6,49.9,64.7,67.5,66.3,50.9,74.2,22,59.5,78.3,49.6,75.6,54,64.3,82,61.6,74,79.9,62,64.4,63,51.6,57,50.3,93,65.7,67.8,80,49,64.3,64.1,63.8,40,108,53,44,105,59.6,103,75.3,34,69.6,56,73.3,50,157,73.3,50.6,126,56,66.8,86,40.5,56.4,149,50.6,143.8,184,20,34.1,27.8,39.5,21,70.1,41.4,69.6,65.8,56.8,52.7,46.5,51.3,51.6,58.2,54.8,63.1,52.1,68.1,74.5,54.1,70.7,78.1,70.3,28.1,31.4,25.5,30.6,31.5,31.3,26.8,40.4,39.1,19.2,9,22.6,26.9,80.2,63.5,96.2,58.4,66.2,97.2,78.7,61,71,71.5,66.7,74.4,77.2,64.4,68.7,44,60.3,50.5,45.6,35.7,52.4,31.7,52.5,35.8,25.6,32.5,55.3,50.4,37.6,39.5,33.2,38.5,54.8,63.7,43,39.5,32.9,29,44.3,29.7,67.4,46.4,68.8,94.7,29.9,53.7,55.2,68.4,62.4,45.4,12.2,6.4,28.3,31.6,56.7,46.5,29,63.6,24,26.6,84.3,117,64.2,19.3,0,141,84,26,37.6,0,69.9,58,37,21.9,72.3,79,31,41,35.2,54.5,63,143,153,25,14,86,64,80.2,62.1,59.4,110,49,74.5,66.2,39.6,48.3,43.8,38,43.1,41.7,43,38.2,40.4,43.8,36,36.9,37.6,15,19,38.9,43.5,31.4,44,53.7,39.8,31,41.6,56.8,47.8,39.7,29.7,10,36.4,65,46,47,33.4,9,24.6,31.1,28.7,35,23,30.2,31.4,28.7,32.9,12.6,77.3,26.7,30.8,31.7,37,38.1,30.6,41.4,55,41.7,34.6,89.3,51.7,37.5,41.4,31.3,47,26.3,32.8,6,34.6,9,22.7,34,42.2,64.1,0,55.3,23,25,62,60.8,179,129,105,69.6,90,60.8,41.7,74,18,25,43,39,74,20,3,27,20,36,11.4,12,18.5,27,29,31.5,38.5,43.5,28,35.8,7,23,31,25,25,23,17,7,62,36.4,103,28.6,49,40,40,53.9,71,23,55,13,45.2,186,10,39.1,15,20,24,52.1,106,53,28.5,113,84,74,83,51.1,56,43.3,33.7,37.1,55.2,44.9,28.1,20,27.6,80,126,62,108,52.1,14,44,39,56.2,32,42,57,57,34,24,103,34,123,44.7,76,58
2012-05-01,0.7,1,0,6.1,110,32.9,28,59,18.9,13.5,28.9,14.1,35.4,10.6,11.9,19.3,25.4,16.6,40.5,5,17.7,39.7,16.9,35.5,15.4,18.5,44,20.3,35,38.7,13.2,40.3,49.5,25.4,15.9,11.6,19,38.2,20.9,13,52,21.4,30.4,31.3,14.4,19,20,48,24,28.7,55,35.6,13,33.7,28,36.3,21,27,38.8,14.7,32,15.9,33.2,27.3,8.8,21,20,10.7,27.8,25,51,7.7,4.1,2,13.7,18,16,20.9,13,13.3,10.8,17.5,15.9,14.4,16.1,12.3,14.8,18.4,16.5,19.7,20,23.2,17.6,15.5,11.1,20.5,9.1,10.6,13.7,10,7.7,15.5,11.6,10.4,4.2,5.7,10.7,17.4,17.8,18.4,9.2,36.5,36.5,13.9,15.9,16.2,15.8,15,25.6,14.1,17.2,34.3,14.4,21.8,20.2,12.9,11.6,19,13.9,29,28.7,10.1,15.8,15.5,24.8,9.6,26.5,25.5,18,13.4,15.7,12.3,31.4,9.8,8.2,9.8,10.1,19,11.5,29.5,45.9,9.4,13.6,15.4,13.1,16.3,14.1,11.4,6.7,9.7,9,18.4,21,30,32.6,40,32.9,9,29,35.9,17.5,8,123,43,50,68.5,51,44.1,23,73,51,18.4,13,5.9,8,24.3,33.3,39,25,35,7,29,23,32.4,55,30.9,64.4,22,58,45,43.1,11.7,21.4,18.6,11.5,15.1,14.3,2,19,17.4,17.2,11,11.2,14.8,10,16.4,19.3,16.8,19.6,29.9,19.4,18.2,13.9,15.8,24.4,24.1,19.1,11.4,20,33.5,28.8,21.8,21,15.6,25,20.7,13.9,16,20.1,16,18.2,18,20.1,24.4,41,29.8,11.4,12.7,16.7,16.6,19.5,16.8,24.2,58,40.9,21.9,32.3,27,19,24.7,16.1,50,33.6,23.7,31,35.7,22,24.2,20.3,24,40.6,36,36.7,56,64,38.1,38.4,16,65,31,33.5,49,38.8,19.3,43,55,23,16,68,13,19,17,50,27,28,38,8,19.2,20,15,15,22,10,22.1,16,4,6,19,45,47,13,15,20,17,24.6,10,19.9,15,27.3,13,10,16,22,34,32,22.4,37.6,64,21.6,41,28,25,23.4,0,18,19,44,10,19,42,17,39,15,12.8,22.4,18.9,17.8,9.7,70,27.6,61,57,16,45,14,49,30,51,39.1,54,82,19,44.5,35,34,25,11,20,7.5,14,75
2012-06-01,0,0,0,1.6,1,5.1,0,3,17.8,5.8,12.9,13.4,28.4,7.9,21,11.2,29.8,9.2,25.2,16,26,31.6,15.7,6.6,11.4,10.7,2,10.7,2,22.9,17.7,20.9,11.3,31.8,14.4,15.1,3,8.5,14.2,1,0,17.7,31.6,21.6,7.8,4,1,5,2,28.2,2,20,2,25.9,1,26.7,3,1,21.2,12.4,2,24.8,27.9,27.1,3.5,22.1,0,10.1,0,0,0,0,7.8,0,22.9,28.6,24.2,23.4,16.3,20.4,10.4,22.1,25.5,10.1,18.8,15.6,14,10.3,20.8,24.1,20.9,28.9,29.2,19.6,9.1,26.1,7.7,16.9,16.1,11.9,8.5,28.5,16.5,14.9,5.4,8.4,13.9,19.3,20.8,28.3,13.2,32.6,47.1,16.9,17.4,18.6,19.4,17.5,18.3,25.6,33.9,39.9,10.5,26.7,19,16.2,9.1,16.5,25.7,14.3,29.3,7.5,29.8,21,52.5,10.6,23.1,21.8,16.5,23.1,25.3,9.5,33.1,20,16.1,16.2,10.4,21.1,19.4,32.9,43,16.2,17.5,24.3,18.7,21.8,14.7,18.8,13.5,13.3,13.3,24.9,0,9.2,4.9,0,5.1,0,0,11.5,0,0,73,0,0,3.7,0,8.2,0,1,4,9.1,0,0,0,5.7,13.2,6,0,0,0,0,0,7.9,10.7,1.6,7.8,0,0,0,5.9,19.3,10.4,14.6,17.1,15.6,8.1,0,17.4,7,15,0,7.6,9.3,0,0,9.3,12.8,9.3,0,11.2,8.1,13.3,14.8,13.1,27.1,14.7,13.3,0,8,20.3,12.8,16.1,15.2,0,8.7,15,8.6,8.6,0,16.1,18.1,0,7.5,0,33.8,13.7,9.9,3.6,16,11.6,9.5,8.6,58,17.8,10.2,22.6,12.8,11,22.6,4.2,4,8.8,11,0,4.6,0,0,9.5,13.8,9.8,0,13.4,3,1,10.5,7.7,0,0,0,13.7,0,8.4,0,0,0,0,0,15,0,0,0,0,0,0,0,0,0,0,0,0,0,0,0,0,0,0,1,1,1,0,0,0,0,0,0,0,0,0,0,5.4,0,0,4.8,0,2.7,1.2,0,4.8,0,0,1,0,0,0,0,0,0,0,0,13,0,3,3.2,16.7,3.5,5.1,3.7,0,9.8,0,0,9.2,9.8,11.1,9.5,15.4,9,7.5,5.8,9,15.4,13,11.1,9.7,11.4,22.1,13.9,16,2,9.9
2012-07-01,0,0,0,2.6,3,0,0,0,18.5,7.4,11.5,15.8,26.3,9.9,25.5,14,34.2,12.2,27.7,1,26.6,34.5,17.8,7.1,13.5,11.7,0,11,0,24.7,23.3,21.2,12.9,32.9,19.1,16.3,0,8.4,17.7,0,0,19.1,34.5,22.9,8.4,0,0,0,0,27.9,0,22,0,29.1,0,28.7,0,0,21.1,11.9,0,24.9,26.2,28.5,8.2,23.8,0,10.7,1.5,3,1,0.3,7.9,5,23.3,29.2,24.6,24.4,19.3,24.5,15.7,24.6,26.3,11.4,29.5,18,19.6,14.2,24.7,26.3,23.4,31.7,36.1,22.6,10.8,29.7,8.6,23.8,18.9,13.3,11.3,31.9,15,15.3,6.1,10.6,14.4,24.3,20.6,35.7,15.8,34.4,55.9,25.5,23.4,24.1,29.1,22.8,17.9,31.2,37.3,39.7,13,27.5,18.8,20.5,9.5,17.5,23.1,15.8,31,10,29.9,21.2,54.4,13.1,23.4,22.7,19.8,24.6,25.8,11.8,33.1,21.2,16.7,21.1,14.3,26.4,21.7,34.4,46.2,15.7,18.2,25.6,20.9,23.2,14.9,17.9,14.4,14.4,13.9,27.5,0,8.6,6.9,1,6.6,0,0,14.7,0,0,125,0,0,7.5,0,8.8,0,4,3.5,12.9,2,0,0,9.3,14.1,6.6,0,5,0,0,0,9.5,11.8,5.5,0,0,2,0,9.1,19,11.7,13.9,17.2,14.4,9.1,0,15.3,6.7,16.3,0,8.3,7.8,0,0,10.6,14.8,11.5,0,11.9,12.1,12.7,16.5,14.2,29.7,16,13.5,0,9.7,22.9,14.3,18.3,14.4,0,7.4,14.8,11.2,9.8,0,16.2,18.3,0,11,0,38.3,14,10.5,0,17.5,13.9,11.8,8.6,59.1,20.2,15.5,27.8,11.6,12.3,20.7,0,3,8.7,12.7,0,4,0,0,11,17,12.7,1,14.8,0,0,11.7,7,0,0,0,13.4,0,9.4,0,0,1,0,0,9,0,0,0,0,0,0,0,0,0,0,0,0,0,0,0,0,0,0,0,0,0,0,0,0,1,0,0,0,0,0,0,0,0,0,0,0,0,0,0,0,0,0,2,0,0,0,2,2,0,0,1,12.2,2,5,4.8,20.1,4.8,3.4,4,0,11.9,0,1,11.1,10.8,12.8,10.6,15.7,10.5,9.6,7.7,8.3,16.5,17.2,16.7,7.5,12.4,23.3,17.8,13.7,0,10.2
2012-08-01,0,1,14.1,6.4,20,2.4,29,18,11.9,11,28.9,13.1,34.3,9.5,12.2,13.6,25.8,17.8,40.1,0,11.8,31.9,11.6,32.5,12.1,11.9,0,13.3,1,35.4,10.9,35.8,53,18.6,10.2,8.5,8,30.3,21.9,8,14,15,22.4,31.5,17,29,12,2,34,25.9,19,29.2,4,29.8,26,26.9,10,15,33.9,9.3,33,14.1,30,17.8,5.6,18.7,0,9.5,39.3,44,42.2,37.6,4.2,3,15.5,15.5,15.9,22.2,11.6,16.6,13.3,15.7,16.8,16,13.8,10.1,13.3,17.2,15.8,19.4,15.5,19.1,15.1,12.7,10.1,24.6,9.4,7.1,13,8.2,9.7,16.4,9.7,13,2.6,6.1,12.6,11.6,17.3,15.2,10,27.2,33.5,11.2,16.4,12.8,14.1,15.5,23.8,11.5,19.2,33.4,11.6,27.4,20.3,11.9,9.3,13.1,13.9,28.5,35.3,10.5,14.1,15.8,23.4,11.8,25.4,29.1,19,12.4,13.1,9.8,36.1,10.9,9.4,11.5,9.6,14.9,12.7,28.3,38.2,10.9,11.1,18.1,11.4,16.6,15.5,12.8,5.5,10.1,10,19.4,13.5,30,31,13,35.7,27.1,34,50.6,21.5,71,16,40,36,117,82,44.9,13,70,98.7,10.6,10,33,30.6,27.7,39.1,41.4,15,20,22,20,57.1,40.4,75,35.3,90.8,73,42,50,46.8,10.8,22.4,23.5,15.9,24.6,16.9,23,21.5,19.7,24.3,8,13.2,24.3,26.7,25,27.6,10.8,17.2,39.7,23,26.9,17.3,18.9,28.9,20.7,21.2,13.5,75,39.4,32,29.8,23.9,21.7,36,34.6,17.5,14.7,23.4,24,27.3,24.3,32.9,31.1,25,28.6,15.1,12.3,24.1,20.1,28.3,19.8,25.5,48.6,64.6,24.8,34,25.5,18.8,34.7,15.5,48,48.8,28.6,47,46.8,20,29.6,28.4,24.9,42.9,35,38.4,64,61,42.3,42.1,75,50,60,47.5,88,54,10,92,18,0,28,115,36,35,21,70,33,10,41,29,46.2,10,26,30.6,31.9,18.5,23.2,3,32,8,17,35,18,21,14,21,55,26.2,22,28.1,52,26.7,10,31,18,23,37,28,13,24,19,26.9,25,22,24,10,10.5,7,14,33,15,15,36,25.2,21,21.1,16.2,29.5,23,20.3,15.6,92,34.5,82.6,77,54,79,75,20,23,58,44,25,55,72,110,67,25,48,79,109,76,96,64
2012-09-01,5.6,10,16,15.6,16,6.1,52,35,16.4,17.2,40.8,17.1,25.7,21.5,22,16.4,28.5,20.1,42.1,2,11.3,34.1,18.5,37.9,15.3,20.4,18,16.9,3,52.4,15.3,45.4,53.8,22,19.1,20.2,13,30.3,71.6,8,25,16.4,23.5,25.9,38.5,18,10,33,29,33,35,30.9,0,36.8,0,25.9,10,0,26.5,16.8,14,14.1,25.5,34,4.7,18,0,12.6,86.8,87,54,44.2,10.7,18.7,22.9,33,20.2,18.2,19.4,29.4,30,21.1,18.8,10.8,33.6,21.2,21.6,20.9,23.8,29.7,23.4,25.1,29.3,26.2,22.3,31.7,13.8,25.4,12.8,18.9,16,28.6,20.1,23.8,9,10.9,19.5,23,23.1,26.7,20.7,30.6,56.4,31.4,25.2,21.2,21.6,23.4,24.8,30.2,16.6,50.4,14.8,42,22.5,26.5,12.8,18.3,26.5,33.3,48.2,12.9,32.5,28.8,30,15.8,25.4,28.1,27.2,26.4,34.5,20,26.7,15.2,16.8,18.9,11.2,27.5,23.8,31.4,39.7,17.9,20.3,24.4,21.3,16.6,22.3,20.7,5.5,15.9,17.8,34.1,101,59,122.2,115,118.4,123.7,100,80.7,96.8,45,128,130,93,155.3,111,143.1,78,125,146.7,55,104,92,64.6,105.4,109.4,147.8,107,104,28,95,92.6,175.8,63.8,125.5,125.1,77,51,57.5,76,20.9,47.9,44.2,37.1,41.5,43.2,23,39.6,46,40.6,35,32.3,53.8,19,8,51.4,36,73.4,80,66.3,66,48.6,60.1,82.5,43.2,66.1,46.6,52,58.6,89.3,82.4,74.1,62.2,65,67.6,61.3,60.6,99,67,73.2,85.2,40,78.1,91,44.9,52.5,62.3,89.2,65,87.7,74,75.3,102.7,99.6,73.7,120.3,101.9,74,116.8,69.7,105,100.5,78.2,92,106.9,86,106.9,119.1,119.2,144.2,114,108.7,133,126,118.8,107,95,88,53,78.9,85,70.8,55,45,133,13,114,153,94,75,88,65,94,40,132.3,78,34.5,103,41,43,47.9,30.2,63.1,43,70,90,77,104,113,72,100,95,119,28,45,44.4,21,20,40,75.3,82,115,104,106,55.8,104,125,52.8,89,100,86,80.7,110,95,111,173,147,128,56,64.9,44,63.7,50.5,71.9,59.8,65.8,45.2,141,103,90.4,36,5,5,2,5,10,23,39,10,52,56,19.5,24,34.8,58,58,27,67,29,22
2012-10-01,0,1,16,92.8,73,101.7,83,67,121.7,92.6,139,101.5,134.8,74.4,129.9,125.5,96,90.2,122.6,34,92.7,167.4,126.4,130.8,117.6,119.1,95,103.5,56,111.4,141,123.5,166.6,94,113.1,137.1,54,135.4,89.6,72,34,113.7,119.6,118.4,93.7,56,45,25,140,120.6,62,101.6,34,117.9,18,138.8,34,40,118.4,95.7,52,106.5,99,110.8,130.2,89.1,26,96,125.9,151.7,107,126.3,58.3,12.5,109.1,149.1,93.5,132.2,122.8,105.1,145,112.1,129.4,120.3,163.5,137.3,141.5,105,131.3,150.2,122.9,138.3,151.6,134.7,85.7,78,53,102.1,77.9,84.3,89.4,74.1,92,67.6,10.2,70.3,96.5,157.3,195.1,187.3,150,158.4,148.7,168.9,147.1,144.5,147.5,139.6,142.1,169.1,172.2,159.2,129.6,136.2,99.7,124.3,93.1,99.2,102.7,82.5,98.6,72.6,99.9,108.1,99.9,139.5,119.1,80.6,91.4,119,153.7,112.8,144,113.8,76.7,169,111.8,192,151.4,205.8,213,105.6,136.2,118.1,151.2,143.7,131.9,46.3,16.1,98.2,80.2,131.4,124,109,186.3,208,194.7,171.1,161,251.5,259,96,374,198,198,277.5,296,202.7,160,318,246.2,81.6,134,138.9,118.8,172.8,172.2,222.5,189,183,85,180,236.3,178.4,220.9,216.6,228.6,219,271,206,202.3,82.9,108.8,121.1,77.2,144.8,129.9,102,129,140,118.6,75,112.1,113.7,97,72,109.8,102.9,127.4,150,161.1,130.1,120.3,151.9,166.4,77.6,120.7,106.4,137,232.8,192.3,157.6,149.6,143.8,136,155.2,132.8,116,187.5,167,153,175.8,87,136.7,155,107.6,103.1,134.4,155.2,134.1,176.2,165,169.7,113.7,203.7,140.7,179.9,180.9,176.9,207.8,109.5,261,209.2,150.2,198,199,200,170.6,172.6,159.4,216.6,249,176.4,315,220,172.2,154.8,246,216,191,180.8,308,218.5,151,177,209,37,159,383,206,308,235,267,252,155,145.7,191,115.8,157,85,121,75,128,141.5,176,243,179,182,158,175,199,183,138,233,143,187,180.5,68,111,132,142.2,182,151,170,149,103,145,217,156,207,253,172,152.9,198,134,138.5,291,167,187,95,170.1,73,137.7,143.4,174.8,169.4,164.2,115.5,283,185.5,212.6,283,295,200.5,96,176,233,262,202.2,364,216.5,238,258,266,153,187,268,221,199.5,193,183
2012-11-01,4,16,38.3,31.1,150,52.6,40,45,35.4,26.2,66.7,34.3,46.2,30,36.4,34.4,53.4,33.5,66.1,50,40.9,39,34.2,67.9,28.9,34.1,20,28,19,68.4,18.6,70.1,81.2,33.2,27.6,37.5,56,59.4,66.8,33,77,38.4,49.5,40.7,48.7,72,51,40,62,58.5,40,43,56,75.9,24,47,74,19,51.8,34.5,65,32.7,37.6,48.2,17,42.1,10,23.2,180.5,182,71,156.4,15.4,13.4,25.6,45.7,28,41.8,36.1,34.5,49,30.2,38.9,44.9,35.5,35.1,33,29.1,35,40.4,33.7,37.9,45.1,37.8,25.9,36.3,18.3,26.7,18.7,19.9,20.5,29.5,30.7,26.9,2,18.5,25.3,39.3,41.2,53.6,33.1,43.9,60.2,48.5,41.2,36.8,33.2,38.5,50.4,44.3,35.8,65.9,26.8,49.5,28.3,37.9,33.9,31.7,29.6,44.8,43.6,22.6,33.6,54.2,32.6,31.6,38.1,35.5,32.1,33.2,43.5,31.5,39.8,25.4,22.7,29,18.2,32.7,32,44.8,63.5,27.2,29.7,32.9,33.3,34.1,37.2,23.4,6.6,23.6,22.4,53,115.5,137,153.1,65,118.2,178.6,68,147.7,97.6,0,140,214,127,91.4,99,158.4,236,150,98.5,54.4,173,77.9,74.6,125.1,138.7,181.1,277,238,105,102,207.7,182.6,137.7,143.1,69.4,135,86,100,131,38.1,59.1,51.3,47.3,54.7,62.4,50,52.8,68.4,66.7,93,62.5,63.7,22,35,59.3,58.6,91,69,81.1,73.2,75.9,88.5,105.5,41.9,91.9,71.5,50,57.2,108.2,113.8,94.1,77,90,60.8,82.9,67.8,107.5,80,82,108.8,85.7,80.5,89.3,55.6,81.2,111.4,111.2,101.3,109.2,98.3,111,107.4,82.1,95.2,173.9,146.7,95.8,137.3,38,75,86.2,96.5,32,103.2,68,111.8,131.6,128.9,181.7,140,125.6,125,96,131.1,137.7,210,116,149,119.6,185,127.9,70.6,107,62,34,167,93,205,60,60,62,94,88,107.3,51,63.5,103,55,68,66,57.1,78.1,65,57,44,63,57,161,120,65,65,67,93,41,64.3,58,42.7,61,90.6,156,117,215,117,69.6,125,106,79,63,56,96,89.8,167,66,139,281,219,171,144,104.7,95,103.4,83.5,104.7,120.2,114.4,67.2,118,92.6,142,134,110,162,56,87,54.5,139,104.9,120,118,101,90,128,51,72,130,65,121,101,123
2012-12-01,3.1,0,28.8,40.6,134,76.7,172,78,80.6,72.8,155.9,78.4,122.8,52.3,79.8,65.5,92.2,75.5,152.2,56,77.6,116.1,67.9,156,70.8,63.2,48,61.1,8,135.9,70.3,120.7,195.1,85.2,81.9,64,200,116.6,81.9,82,97,106.2,103.7,114.3,76.4,37,155,128,75,106.3,100,120.6,17,106.6,17,100,129,22,112.4,67.2,142,92.7,106.9,122.2,70.9,111,26,72.1,84.7,79.3,45,10.5,33.8,20,39.3,87.6,68.3,97.1,100.2,64.2,78.2,55,55.9,79.2,79.1,85.4,86.5,82.3,100,93.3,68.6,104.6,90.7,73.7,40.3,57,32.5,38.7,30,29.8,33.2,37.7,38.3,32.2,4,28.3,44.5,85.4,111.8,104.2,76.3,126.7,82.6,104.7,98.2,100.6,81.7,92.3,72.5,114.7,111,66,92.5,84.6,68.3,67.7,61,55.3,47.9,46,71.7,36.3,41.2,73.5,65.9,63.6,47.9,75.2,67,69.3,86.8,62.4,67.2,34,38.2,68.3,38.2,83.9,58.7,88.4,106.6,43.9,57.2,68.3,68.5,91.2,55.1,31.9,6.4,44.8,40.3,64,115.5,105,96.7,41,116.8,58.4,96,104.5,117,225,165,76,76,177.7,68,104.5,158,185,147,44.5,82,126,107.7,125.4,107.7,112,95,108,45,90,73.6,121.6,135.1,100.1,304.5,165,111,148,102.8,50.8,130.7,145.1,76,140.3,145.7,158,150.5,142.4,135.6,125,98.9,143.5,71,158,135.6,70,107.4,149.4,135.3,136.2,92.3,120.8,144,88.6,104.7,67.4,197,165.9,147.5,125.3,100.3,97.9,117,125.1,84,57.7,98.2,146,121.7,100.6,93,95.8,100.3,82.6,60.8,67.5,95.1,83.5,109.3,85.9,91.6,76.4,159.3,70.2,101,92.4,105.5,90.9,55.5,116,148.6,77.5,36,126.6,101,98.2,88.9,95,110.5,134,99.8,154,99,95,79.3,58,109,109,98.6,100,119.6,162.4,110,53,153,60,135,68,103,95,381,77,198,163.7,124,159.1,89,162,85,145,116,82.6,100.9,102,118,107,102.8,77,127,134,144,162,165,141,120.2,151,90.5,225,85.9,126,45,101.3,72,87.3,81.5,143,76.2,165,128,239,101.4,10,136,94,72,130,26,94,118.8,64,98.7,100.1,106.7,111.6,100.4,75.5,94,108.9,74.1,156,108,41,68,47,118,66,93,101,114,151,161,119,103,128,73,148,193,152,126
2013-01-01,63.7,20,43.5,50.1,45,20,40,32,79.9,72.3,50.2,57.2,58,52.5,84.4,73.3,69.6,78.7,62.3,189,63.8,74.6,83.2,67,60.8,71.7,34,61.8,34,66.2,66.1,56,68.4,65,65.2,71.8,21,63.1,84.7,30,46,75.5,73.2,58.5,47.3,162,53,28,75,55.5,6,61.3,20,67.7,51.2,56.2,7,67,56.9,78.5,35,71,72.1,63,50.3,49.3,7,81.7,122.8,100,62,136.4,71,102,56,76.5,87.2,84.7,67.4,70.7,72.9,72.9,74.7,77.7,84.2,79.5,78.4,70.3,82.9,81.3,65,94.2,91.6,90.7,54.4,49.7,43.6,62.7,45.7,57.9,56.9,60.8,57.8,43.6,47.2,46.2,43,82.3,91.5,107.1,82.4,84.8,109.4,95.3,65,80.8,74,83,100,98.7,77.7,100.3,63,85.8,68,66,60.2,61.7,62.2,73.6,56.6,48.4,52,81.3,71.5,55.6,53.2,58.8,51.8,85.3,87.8,67,75.1,73.1,47.9,78.8,56.9,88.7,73.6,84.7,88.8,52.7,76.7,66.6,92.3,100.4,61.4,22,11.3,67.7,58.8,60.9,207.5,82,72.9,36,67.6,109.9,29,33.7,77,41.5,285,43,55,41.3,8,71.8,140,87,49.5,147,87,67.3,76,91,90.6,73.4,135,140,118,86,81.3,56.1,25.1,56.9,41.3,9,5,9.5,35.9,64.4,66.3,55.1,52.1,79.8,76.8,43,56.7,88.3,68.6,25,65.7,71.9,34,66.7,60.5,78,78,61.6,91.3,70,84.3,90.6,111.2,97.2,95.2,76.8,29,24,107.6,114.1,101.5,76.5,53,63.5,96.7,72.4,84.1,87,83.9,88.7,157,53.1,41.4,96.5,87.4,99,70.6,89.1,91.8,67.6,90.3,94.9,63.6,97.5,119.1,124,92.4,98.5,125,40,53.6,71.1,33,58.1,63,52.9,64.4,76.2,100.8,19,63.9,30,17,43,39.8,15,12,42,36.8,12,28.2,20.6,17,18,60,57,10,73,108,98,31,48,20,66.9,101,64,75,49,41.3,42.9,61.5,45,50.8,81,155,50,58,37,100,79,93,39,68,33,56.4,39,20,27,47.4,37,77,67,67,83,41,87,66.6,34,47,52,57.6,199,211,154.5,246,191,203,142,110.4,117,127,94.3,95.1,137.9,121.2,63.5,35,74.8,1.9,5,22,24.8,24.6,20.6,22.3,19,15.9,23.4,20.4,1,3,8,5,7,5,8,11,15,26.2
2013-02-01,20,15,19,48.1,93,108,100,118,90.5,73.2,82.1,62,80.1,54.9,82.5,89,85,75.5,97.9,373,74.9,93.8,83.1,89.9,71.9,87.7,109,71.4,87,73.2,61,83.5,105.5,80.1,78.2,62.5,80,83.8,77.7,12,66,89.9,103.5,79.1,54,15,19,27,49,91,246,87.8,4,79.4,27,84,18,14,85.7,79.8,76,84.3,100.6,90.1,54.7,73.8,75,79,46,29,255,122.4,69,77,46.2,77.8,83.7,94.8,75.3,59.9,75.7,71.3,66.4,83.9,85.5,76.7,80.5,83.5,82.8,81.5,87.8,95.6,92.3,78.2,48.4,52.6,40.6,52.7,40,53.3,43.4,52.1,51.7,39.4,48.8,40.8,42.9,88.5,98.7,100,83.8,110.8,100.8,112.2,91.7,82.7,75.5,92.8,92.4,119.7,91.2,88.8,77.4,86.6,71.6,71.4,57.5,57.3,67.6,60.4,59.8,41.9,49.5,86.3,71.4,62.6,52.8,77.2,69.9,84.9,106.9,77.3,72.7,59.9,46.4,78.7,53.2,92.4,70.5,83.8,82.4,45.8,72.3,74.4,82.2,92.5,67,24.8,10.6,57.2,53.7,54.7,69.5,123,72.2,61,90.7,79,123,62.6,78.9,114.5,192,12,85,116.4,120,87.9,151,124,92,59.2,60,110.4,94.5,109.1,100.5,90.6,22,55,96,61,68.1,92,37.3,74.5,150.3,47,30,62.5,58.4,67.8,80.4,83,73.9,91.2,90.7,65,84.5,113.8,92.6,56,78.8,105.6,82,72,92.4,68.9,87.7,103.5,120.1,94.1,90.5,102.4,115.6,93.4,95.5,76,115,124,123.4,100.8,105.8,85.2,160,87.8,83.1,61.1,84,193,86.3,77.5,40,78.7,107.7,81.4,63.2,80.2,76.4,89.4,91.6,70.2,83,90.4,111.5,76.5,128.9,80.5,87.3,87.4,83,146,103.3,70.9,79,99,40,71.4,75,81.7,94.5,70,90.3,164,93,76,58.5,78,126,5,58.2,33,55.8,76.4,11,97,58,50,94,83,103,71,92,60,95,149.4,105,134.5,64,83,50,65.3,84.4,47,84.6,73,216,63,75,88,89,56,75,204,40,91,72.8,115,166,110,58,46,28,29,52,75.3,41,62,69.5,188,95,216,63,84,53,55.5,128,156,108,100,104.2,118,100.6,85.8,98.3,128.5,105.2,69.6,159,88.2,49.6,38,8,24.6,18.2,18,5,1,20.6,26.6,22.3,3,47,5,23.9,3,14,7,15,33,5
2013-03-01,45.7,5.9,54,31.4,31,15.7,56,40,37.1,34.1,54.9,35.9,49.8,33.4,48.8,37.7,52.2,38.6,69.7,120,31.6,43,30.6,62.9,29.3,40.5,24,27.6,28,70,26.4,60.6,69.7,36.5,37,41.5,30,50.5,84.1,31.7,50,42.7,47.9,43,41.9,170,8,57,0,61.5,51,47.6,11,68.5,5,48.6,17,9,53.4,34,10,30.9,37.9,47.9,16.2,37.1,25,23.3,76.6,74,103,117.4,21,37,31.8,48.9,31.9,45.7,40.5,36,51.9,36.4,37.4,44.2,50.7,38,37.4,35.3,34.8,41.2,39.6,43.3,49.6,42.3,27.6,36.2,19.4,32.2,21.3,24.9,26.2,41.3,34.2,26.6,17,24.2,26.4,46.2,49.7,54.9,39,43.4,53.8,52.4,43.5,41.2,39.8,44.5,60.9,52,38,70.8,24.8,57.3,36,42,36.4,37.7,31.6,45.7,46.3,25.5,39.1,53.9,45.4,37.2,39.7,30.9,30.1,38.6,52.3,33.1,41.5,27.9,23.4,35.3,18,42.6,38.4,48.3,78.1,26.3,35.6,32.6,42.9,37.9,36.7,20.5,5.9,27.4,31,53.5,158,122,130.8,123,122.5,122,97,101.3,68.7,44.5,26,76,72,198.5,20,150.1,198,126,174,58.3,143,101,165,124.3,128.9,166.9,90,105,80,116,105.3,153.6,103.3,128.4,70.9,112,28,110,106.7,29.3,69.4,63.6,54,59.2,79.8,52,61.9,95,79.6,124,68,80,107,69.5,74.3,57.5,91.2,83.5,85.9,77.9,70,92,115.1,59.3,91.2,75.9,11,4,119,112.6,78,85.4,124,68.6,86.1,73.1,117.5,116,95.8,114.3,49,77.9,85.9,63.5,87.1,97.2,116.8,105.8,114.2,101.6,112,85.5,83.6,93.6,174.1,153.4,109.1,134,73,54,92.7,100.6,165,107.3,53,113.7,128.3,132.7,160.8,145,120.5,79,113,110.6,107,144,148,67,96.4,57,99.5,56.4,86,183,118,147,62,105,68,75,19,105,75,147,78,42,95,52,72,47,64.9,87,72.5,53,123,114,109,136,125,67,43,74,80,81,68.3,59,32,54,84.9,168,138,151,130,69,153,125,78.5,110,161,157,100,190,192,148,109,134,138,89,111.4,102,99.8,81.3,111.5,112.4,111.6,71.2,51,113,137,78,79,36,2,33,19,14,44.9,10,32.7,39.5,101,22,33,56,67,85,94,93,90
2013-04-01,0.5,0,0.8,8.9,22,0,28,37,14.5,14.3,39.4,18.4,36.3,18.3,21.1,16.8,34,21,49,52,18,46.4,16.2,42.1,16.1,12.9,0,19.8,4,54.2,18,42.6,55.3,26.2,16.3,23.3,45,30.6,51.3,23.3,60,22.3,29.3,28.2,33.9,23,30,11,1,36.1,43,32.9,3,34.7,1,27.8,27,7,34.3,15.1,40,14.6,27.7,35.6,4.3,21.4,10,11.2,93,78,63,50.7,14,30,19.1,28.9,17.1,22.7,19.6,24.4,24.8,26.1,17.2,13.6,25.2,19.4,16,16.7,26.1,29.5,23.9,27.3,29.8,23.4,21.5,35.2,13.6,17.2,13.9,20.2,13.6,21.6,16.3,20.9,10.4,9.9,12,21.5,19.5,28.5,19.8,33.1,51.9,24.5,23.4,22.6,22.7,20.5,22.4,28.7,20.5,46.4,17.3,40.6,25,26.9,10.8,16.5,24.7,29.8,38.4,12.1,23.2,26.8,31,15.4,24.4,32.6,26.8,24.6,34,17.5,28.6,13.5,16.9,14.8,10.9,24.6,17,35.7,44.8,17,20.8,19.2,17.5,19.8,21.9,17,5.7,15.4,17.1,27.7,149,35,72.6,87,77,36.1,59,65.8,127.4,90,98,58,109,80.8,85,82.6,35,52,62,26,35,43,27,70.5,74.6,93.5,102,99,62,102,53.3,88.4,71.4,71.4,83.9,101,96,39.5,63.9,22.6,42.3,36,32.6,36.1,31.1,38,37.8,40.6,36.8,45,29.5,43,9,40.3,43.1,31.5,47,47.8,51.4,54.7,44.2,54.8,63.2,37.4,57.9,34.8,60,30,73.2,59.8,56.8,41.4,14,54.4,42.4,44,71.3,21,58.7,59.3,36,60,20,38,36.8,41.2,46,52.3,61.3,57.4,52.5,81.6,80.1,56.9,72.7,77.9,47.9,79.4,38,134,69.1,56.6,116,65.1,86,67.8,65.2,67.7,86.4,45,58.4,53,51,80.3,68.4,114,78,114,59.6,39,67.1,20.6,50,75,3,35,95,80,46,41,46,93,25,68.7,53,17.7,66,25,29.2,43.1,19.4,49,47.6,60,38,115,69,46,78,113,45,140,36,25,29.5,29,28,45,62.4,32,54,80,35,45,101,75,37.4,144,87,77,73,40,85,117,80,117,99,43,49.6,66,45.5,40.6,51.3,51.2,50.1,39.6,105,70.8,73.6,42,70,73,30,38,54,29,46.6,50,25,35,32,31,5,35,20,34,51.5,31,61
2013-05-01,0,0,2,3.1,0,3,10,2,6.4,9.3,15.6,6.5,16.6,5.3,10,8.1,12.6,9.5,22.3,14,5.8,17.8,5.6,21.1,5.8,7.1,2,6.3,4,23.2,8.7,24.9,25.8,9.3,10.8,10.7,4,13.8,23.2,1,2,9.1,13,16.5,15.5,69,5,1,0,15.8,20,14.9,0,19.2,0,17.6,3,1,17.6,6.1,0,7.6,15.4,14.9,2.3,13.3,3,5.3,21.8,15.3,69,7.8,2,1.4,14,21.7,14.7,21.6,10.8,12.6,11,14.3,14,19.4,11,10.5,16.9,20.7,12.9,15.7,15.9,16.2,14.9,11.2,11,19.3,11.6,7.8,12.9,8.7,8.7,17.9,10.7,8.5,1,4.3,9.5,13.8,16.5,13.9,10,23.1,31.6,11,12.3,13.4,11,10.4,22.1,13.1,14.7,30.2,8.3,17.2,18.9,11,9.8,10.5,10.8,20.8,25.4,7,12.6,14.5,18.3,10.2,21.8,24.5,14.7,9.9,12.7,8.6,30.4,7.7,11.8,9.4,7.1,15.3,9.2,19.6,23.7,8.9,8.6,14.1,9.4,13.3,11.5,14.9,6.3,9.3,8.8,18.1,25,31.1,24.4,15,31.3,17,20,31.3,28.8,48.5,158,8,18,68.8,15,33.6,10,19,46.6,18.4,22,27.4,23.5,29.3,26,30,10,10,5,23,16,25.3,49.7,26.8,42.5,17,21,54.5,34.4,11.1,22.9,21.9,15.1,24.7,18,4,22.4,22.8,25.1,10,12.6,26.5,10,40,33.5,17.1,16.6,32.7,27,23.3,23.4,23.8,32.8,20.7,26.1,20,30,21,34.8,35,25.1,17.9,42,29.1,22.4,15.8,25.2,54,27.4,22.2,29.1,23,35,22.7,15.3,14,24.5,23.4,29.4,17.2,22,46.1,20.5,21.5,21.4,27.2,18.4,25,1,55,31.6,23.3,10,27.5,33,20.2,25.5,21.3,29.1,18,31.4,36,43,26.8,25.9,20,25,26,27.6,24,37.3,30,16,29,0,14,62,10,26,23,28,37,60,30.7,12,12,26,34,60,40,14.2,24,17.9,35,20,23,28,33,21,22,40,47,26.4,15,20.8,8,14,20,27.5,18,27,12,26,20,14,29,20.8,38,34,46,20,44,22,34,15,26,26,19,21.2,24,20.6,20,26.1,24.9,22.8,17,19,29.1,24,35,102,78,70,90,110,90,48,110,8,22,15,20,40.9,46,16,36,2,5,70
2013-06-01,14,0,0.5,11.2,23,89,0,78,44.6,44.1,31.6,46.5,61.8,42.3,56.6,43.3,43,51.9,53.4,3,59.2,60,32.7,41.1,47.4,47.5,59,58.4,75,52.8,54.5,42.8,32.6,47,33.1,43.8,40,45.2,51,28,33,52.9,55.1,54.6,16.9,1,30,16,18,55.3,2,39.8,16,43.9,20,67.8,33,49,44.4,31.6,72,43.8,51.2,64.4,30.9,40.1,20,45.4,2.8,1,16,1.6,15,18.4,27.2,56.8,32.6,58.3,62.2,47.1,41.8,45.4,43.6,43.3,48.5,46.4,54,38.9,68.5,47.3,48.6,56,67.6,48.4,17.9,33.3,14.7,29.6,26.1,24.9,19,47.3,33.6,19.3,16.6,15.7,19.7,67.6,64.8,71.4,41.5,105.1,119.5,56.2,50.7,53,50,51.8,65.2,64.9,49.9,64.6,33.2,46.7,48.7,34.7,38.2,59.6,30.2,50.5,34.3,26.4,37.1,52.5,69.1,35.9,29.4,26.9,25.3,50.4,66.5,28.7,35,31.3,26.4,43.8,26.1,62.9,46.5,61.5,99.3,27.6,62.6,29.9,55.3,48.4,35.1,14.1,13.2,26.2,25.3,50.4,0,18.4,6.4,0,5.9,0,1,6.5,9.2,2,187,0,0,28,12,14,0,2,21.9,16.4,0,0.8,0.4,10.4,10.5,10.8,0,0,0,0,0,11.2,11.4,3.6,17.7,0,0,0,7.8,33.4,20.1,19.7,25.1,25,16.7,9,19.2,22.1,24.1,10,15.6,20.2,0,0,17.4,26.4,13.6,26.8,20.2,16.2,18.4,22.2,22.4,29.9,23.2,24,1,0,33,21.8,31.2,18.4,9,16,19.3,9,11.9,0,16.8,17.4,12.8,12.2,0,65,21.6,10.2,13.2,20.4,21.9,13.4,15.2,58.4,28.3,13.9,41.7,15,16.5,24.9,0,7,14.2,13.6,0,12.1,0,0,13.2,16.5,13.6,0,20.6,27,17,9.7,8.3,0,0,0,14.2,0,10.7,5,0,0,0,0,13,0,0,0,15,0,10,8.3,0,5.5,0,10,9.6,1,35.2,25,13.2,0,0,0,0,0,0,1,19,39,17.7,0,0,2,15,0,1,0,0,0,0,0,0,0,23.1,6,6,0,2,0,0,0,0,0,0,0,18.9,3,14.3,11,17.8,17.4,12.4,9,13,13.4,0,2,12.4,8.1,9.4,9.8,10.8,8.9,9.8,9.3,9.7,16.8,12.6,12.1,9.3,13.4,18,14.6,2,1,11.5
2013-07-01,0,0,0,1.9,2,0.9,0,2,12.7,7.3,11.6,5.8,20.8,4.9,17.6,8.3,26.6,7.4,16.8,0,24.3,22,13.9,8.2,9.3,8.1,1,7.4,1,19.4,12.6,18.5,11.3,24.9,11.5,10.6,5,9.1,15.4,2,2,14.8,26.3,18.9,5.5,0,1,4,1,23.1,0,14.6,1,21.9,1,20.8,1,1,17.4,8.9,8,21.3,20.8,19.4,0.8,8.4,1,5.2,8.1,0,0,0,1,1.2,22,22.3,19.3,18.4,15.2,14.4,9.1,16.4,27.2,7.4,8.7,12.7,10.3,13.6,16.7,17.2,18.3,22.5,21.7,10.9,8.2,21.6,6.4,16.4,15.9,10.7,5,24.7,14.7,11.5,3.2,5.9,12.9,12.3,18.6,19.8,7.1,19.7,40.8,10.7,8.9,12.6,19.1,13.4,17.9,15.4,25.8,26.4,8.5,27.1,15.8,11.3,9.9,10.4,25,13.9,24.7,5.9,19.3,17,35.3,12.6,22.8,21.8,14.6,16.4,21.1,12.1,34.4,17.3,11.8,12,7.3,13.7,14.1,23.4,34.5,12.8,12.2,22.9,12.8,17.3,13.7,16.8,12.7,10,12.1,19,0,7.4,4.2,0,5.5,4.1,5,8.3,1.4,0,179,2,9,6.6,9,8.4,1,2,6.1,9.7,0,0,0,6.9,11,8.5,0,0,4,1,9.2,14.1,18.3,2,3.2,8,3,0,10.1,18,8.9,11,14.2,10.7,5.8,1,12.8,6.1,12.3,2,4,6.1,0,0,6.3,12.8,10.3,6.5,13.5,6.5,9.8,15.1,13.9,26.3,12,8.6,3,0,16,13.5,7.9,11.4,0,6.4,10.8,6.5,9.8,0,10,12.4,4.1,9.8,0,32.1,12.4,5.8,0,13.2,11.7,5.9,5.7,45.6,20.3,8.7,25.1,11.9,9.6,12.4,0,2,9.4,9.4,2,3.3,0,4.8,8,9.5,12.1,5,14.5,11,10,12.6,7.5,2.7,10,4,10.8,8,12.9,0,15,0,0,4,11,3.2,0,0,0,0,0,5,0,1,0,1,1,3,3.3,3,3,1,1,1,1,0,0,1,3,1,0,0,6.2,1,1,0,8,0,0,8.1,0,0,3,0,6.4,2,11,0,7,0,0,0,0,0,0,0,7.9,2,3.3,5.1,12.7,4.4,3.5,2.8,13,10.7,8,39,5,3,13.2,3,30,5,18.1,11.7,10,13.7,14.8,14.7,13,3,30.5,7,30,14,51
2013-08-01,8,0,6.5,2,0,0,0,0,14.1,6,12.7,12.8,27.3,6.9,22.9,12.1,31.2,8.1,23.8,0,26.5,29,15.6,6,11.4,8,0,9.2,0,21.9,17.1,19.8,11.2,27.7,15.9,13.8,0,6.9,13.2,0,0,21.5,32.5,18.1,8.9,0,0,0,0,22.7,0,17.2,0,24.4,0,28.7,0,0,17.9,12.9,0,23.4,26.4,22.3,3.9,21.3,0,9.2,1,3,0,0.1,6,5,22.1,23.2,24.5,24.2,17.8,17.6,10.1,20.1,26,10.3,20.2,14.1,9.7,13,19.9,21.1,21.2,25.9,24.6,18.6,9.6,28,9.3,17.5,16,12.9,8.2,27.9,14.2,15,6.2,9.6,13.7,15.4,20.3,24.4,13.5,28.9,46,17.7,18.5,17.2,19,14.8,17.8,23.7,31.9,39.9,9.7,27,16.9,18.1,6.7,16.7,24.3,13.5,27.7,8.6,29.3,21.1,51.4,10.1,25,21.6,16.7,21.3,24.5,8.3,32.9,19.5,16.2,14.8,7.9,22.6,17.5,31,39.8,15.1,17.1,28.8,17.3,22,15.9,19.9,13,13.3,14.5,28.4,8.2,7,4,0,6.2,2,0,10.8,1.5,0,141,0,0,0,0,10.3,0,1,0,9.7,0,0.8,3,6.5,11.8,7.7,0,0,0,1,3.4,8.8,9.5,2,0,0,0,0,5,18.3,10.5,11.9,16.8,14.5,11.1,1,17.1,7.1,17.1,1,7.1,7.2,0,2.4,9.5,14.5,9.4,4.8,9.7,12.7,15.6,16,12.7,26.2,14.3,13.6,1,0,19.1,12.9,17.8,13.7,0,8.2,12.9,11.1,8.2,0,14,21.9,0,9.5,0,34.7,14.5,8.7,2,17.4,10.8,9.8,8.9,55.7,16.8,12,23.6,11,11.9,22.7,4,0,7.2,11.5,0,4.5,0,1,9.4,12.1,14.7,0,13.7,0,0,11.7,6.5,4.9,0,1,12.7,0,10,0,0,0,0,2,0,7.6,0,0,0,0,0,0,0,0,0,0,0,0,1.4,1,1,0,0,0,0,0,0,0,1,1,5.3,3,6,1,0,1,1,0,0,0,0,0,1,1,5.2,1,5,1,1,15,0,12,0,11,0,0,7.5,0,4.6,5.5,16.6,5.4,7.1,4.1,0,10.2,0,4,9.1,9.3,12.9,9.4,15.8,10.9,8.2,6.6,6.5,14,15.6,17.7,10,12.9,21.9,15.3,15.9,8,10.3
2013-09-01,2,1,10,3.7,22,6.4,0,14,14.2,8.5,13.6,7.4,20.2,3.6,17.7,10.9,22.9,8.5,16.7,0,23.5,21.9,13.2,8.4,9,9.2,1,6.8,2,18.5,12.6,18.6,11.9,23.8,10.8,9.7,10,11.5,17.2,2,18,15.2,25.4,17.1,7.1,0,3,2,1,21.9,0,17,1,22.5,0,18.6,4,1,19.3,7.9,1,17.6,21.5,20.4,1,19.3,3,7.1,9.6,11,95,4.3,5,6,19.2,20.9,17.9,16.2,16.8,12.1,6.8,18.6,24.9,10.2,10.3,11.5,12.2,14,14.7,16.7,16.8,23.3,21.2,12.2,8.9,18.8,6.9,18.2,15.6,8.2,6.8,24.7,13.8,12.4,2.7,5.9,12.6,11.2,15.9,24.4,10.1,19.7,40,9.3,16.1,10.9,19.4,11.6,17.5,19.5,26.6,30.8,9,25.4,14.2,11.3,5.4,12.5,21.7,13.1,22.3,6.7,20.4,15.8,27.2,9.9,24.7,22.3,16.3,17.5,21.8,8.2,34.1,14.7,14.8,12.1,4.7,15.1,14.4,24.8,39.1,12.9,12.5,17.8,11.6,14.1,13,15.2,10.9,9,12.2,23.2,6.5,8.6,6.2,0,8,6.4,12,10.3,3.5,21.5,121,16,5,14.7,7,12.8,5,9,8,11.6,1,4.6,3.2,7.7,10.3,9.6,0,6,7,4,11.6,10.9,16.4,4.5,21.6,9,8,5,11.8,14.9,11.5,12.4,17,10.7,11.1,5,13.6,9.7,15.1,0,5.9,8.6,0,7.1,9.3,15.2,10.7,11.5,12.9,11.5,12.9,16.2,13.8,26.3,13.2,15.6,9,10,16.5,16.1,15.7,13.1,3,6.4,11,9.3,9.1,0,13.9,13.5,3.1,7,0,30.8,11.5,5.2,5,14.3,10.7,5.9,7,49.4,17.1,10.9,23.5,9.6,7.3,16.2,2,4,10.1,12.3,0,6.3,1,10,11.8,11.2,12.9,0,13.8,4,11,11.2,11.7,14,10,4,13.2,7,12.5,0,5,3,0,7,6,5,3,0,10,0,0,0,0,8.5,1,2,4.3,2,1,2,5,3,7,0,0,0,3,0,6,8,7.1,1,9.1,4,3,2,9,0,0,7,0,3.7,11,3,7.1,2,3,5,1,15,3,9,0,16,9,6,10.2,6,5,6,14.2,6.2,3.8,2.7,4,11.8,12.1,29,18,13.7,16.3,8.5,16.9,16,20,7.5,1.5,25.2,47.5,22,26.9,33,86,50,67.5,54,25
2013-10-01,14,21,20.5,20,101,102,59,35,36.9,35.8,58.8,37.3,52.2,31.4,44.5,40.4,44.9,38,65.8,100,41.2,46.9,31.6,55.3,33,36.5,26,31.4,23,61.8,28.9,59.1,70,40.1,35.6,38.3,65,50.6,67.8,41,38,43.6,51.9,41.5,44,41,36,47,41,48.2,28,46,13,53.8,8,51.7,48,36,53.3,34,105,39.8,40.8,51.8,17.1,37.2,38,26.5,264.5,145,48,87.6,59,62,22.2,47,27.2,47,42.4,33.6,50.6,38,31.2,52.8,48.8,41.5,39,34.8,41.4,40.7,40.5,44.5,45.2,42.4,27.4,36,19.1,28.4,22.2,26.5,24,33.9,31.6,19.1,18,20.5,19.7,39,40.4,58.2,38,49,53.8,52.8,46.3,43.5,40.4,43.5,57.2,51.3,34.8,66.6,25.6,48.3,36.1,42.7,36.5,34.2,27.1,42,37,20.5,29.2,42.5,38.5,31.2,32.1,31.6,30.4,37.1,52.7,29.3,31.8,25.9,27.1,28.7,18.2,35.7,32.2,41.3,67,24.6,37.3,34.7,38.4,36.4,26.4,21.6,5.2,30.6,29.2,52.5,65.5,112,108.1,44,76.8,48.7,117,87.2,52.4,43,154,145,152,222.2,135,106.2,55,22,165.5,62,128,100.5,145.1,70.5,85.7,94.7,61,113,101,49,92.7,109.5,66.2,85,45.4,32,147,157.5,90.4,23,56.7,51.4,41,54.8,57.8,58,45.6,62,51.9,108,45.8,52.1,28,15,52,40.5,56.5,70,52.1,47.9,45,57.6,68.5,46.4,55.1,41.3,45,58,80.9,57.2,62.8,48.1,13,51.5,52.1,48.2,62.3,54.6,51.1,55.2,58.8,63.5,65.8,56.4,47.3,50.6,19,54.6,60.6,52,60.1,75.5,72.9,56.7,110.3,86.6,60,73.3,14,55,68.6,56.7,50,71.7,44,48,81.1,73.7,87.1,33,81,81,52,95.8,90,72,100,115,83.6,79,85,72.1,55,39,106,66,34,115,63.7,43,132,57.2,54,31.6,43,51.1,54,15,37.1,76,36,22,43,54,54,48,67,47,86,55,28,19,15,15,37.7,42,53,40,88,37,70,53,80,30,188,49,47.7,57,52,48,134,132,69,133,73,91,89,84,53.3,46,52.9,44.2,59.5,53.5,60,42.3,116,63.2,122,64,71,53,14,26.5,54,68,53.2,64,10,32,66,35,27,44,51,37,48,83,22
2013-11-01,2.4,29,54.5,70.3,108,71,80,141,119.5,107.8,130.2,100.2,126.1,76.2,124.4,93.3,84.2,103.9,157.6,70,87.5,130.7,104.9,157.7,117,90.2,154,119.6,94,109.7,105.3,116.6,195.6,98.2,113.1,105.6,108,115.1,90.4,45,106,115.7,124.3,103.1,85.8,10,63,115,150,100.3,18,90.9,45,118.2,0,112.1,106,98,106.3,94.8,25,112.6,100.5,98,121.9,93.5,33,105.7,152.4,138,65,26.9,30,39.9,67.9,122.3,76.1,123,123,90.1,112.9,100.8,108.1,118.4,133.8,116.4,122.5,93.8,115.7,136,114.9,124.6,107.7,99.6,68.9,75.6,39.4,71,56.9,66.9,65.7,51.5,58.6,65.3,47.8,53.9,63.6,150.4,156.6,134.5,110.4,149.1,99.2,128.2,123.5,132.4,138.1,128.7,111.8,147.4,146.8,114.3,123.1,116.2,85.7,103.2,88.6,84.6,101,81.5,89.1,58.9,66.8,109.2,85.3,102,90.4,67.2,87.6,111.6,132.1,104.9,111.8,78.3,57.1,104.7,63.1,152.4,93.5,169.8,173.3,62.8,104.3,91.7,123.5,112.2,107,37.8,10.6,68.2,65,98.5,135,100,161.7,248,188.3,179.9,112,147.3,144.5,169.5,205,186,215,152,129,170.9,180,252,158,51.2,83,110.6,134.5,187.2,148.3,193.5,140,120,106,139,184.9,163,154.4,177.9,278.9,152.7,120,117.5,140.8,56.7,129.9,126,79.1,147.6,150.4,79,145.8,176.3,150.4,222,127.2,147.1,89,85,149.7,133.9,164.3,258,174.2,175.8,134,193.8,193.7,75,147.8,121.3,183,285,208.9,154.3,166.3,164.2,175,164.1,159.2,132.7,196.4,195,160.6,182.8,82,125.5,219.4,76.6,109.6,133.2,111,130.6,159.9,156.9,148.1,96.2,181.5,125.2,181.7,159.1,147.1,183.1,72,234,187.8,144.3,317,202.4,165,189,150.1,141.9,178.8,179,151.8,282,221,160.9,151,195,170,83,145.1,132,154.7,242.9,124,200,140,212,219,143,248,281,242,171,262,197.7,220,232.4,125,171,179,175,130,221,231,183,237,149,120,129,219,130,229,266,192,209,181,232,125,258,253,253,107,124,127,60,91,220,166.5,173,225,127,163,158,107,239,145,117,167,149,163.5,121,153.3,137.7,161.6,164.3,163.8,133.2,221,172.2,134,151,104,65,16,60,100,78,94.4,71,67,65,41,51,50,125,145,53,88,60,103
2013-12-01,23.7,114,57.8,56,110,51.5,0,74,76.5,45.8,80.1,47,78,43.9,65.8,66.5,75.3,50.7,75.2,11,54.1,68.3,67.8,78.5,45.9,64.3,58,52.8,32,71.5,62.8,77.6,98.7,56.6,61.2,53.3,134,56.4,86.3,21,60,59.5,68,65.2,54.7,86,28,30,71.2,59,40,71.3,16,73.5,56.4,64,24,70,63.7,70.5,18,46.8,67.8,72.8,40.2,61.2,27,58.2,92.4,119,286,67.2,71,75.3,45,61.7,65.7,69.2,61.1,50.6,64.1,53.1,61.4,69.6,71.8,52,69.7,63.9,86.9,72.2,56,69.2,78.9,66,46.7,41.9,39.1,50.2,34.2,39.3,45.1,52.9,41.7,33.1,30.4,36.4,41.1,82.2,74.9,87.5,79,71,88.2,74.1,65.7,64.2,72,77.6,79.8,82.7,67.6,69.7,54,74.3,59,67.6,53.5,52.7,52.1,56.5,60.9,46.4,52.4,89.8,55.1,52.5,45,44.7,57.7,70.5,71.7,52.8,52.1,49,39.4,58.6,40.6,79.3,60.2,73.5,79.5,43.5,61.1,61.9,70.5,62.8,52.8,26.6,10.1,59.5,47.2,52,79.5,186,114.4,105,126,86,25,76.1,152.1,153,293,68,71,84.8,68,128.4,130,100,50.5,62.7,195,97.3,108.4,161.4,134,143.5,166,239,160,178,109.9,120.7,71.8,118.8,119.5,65.1,29,8,60.6,63.1,96.2,94.4,74.8,91.3,111.7,92,82.7,117,109.4,143,104.2,117.5,120,110.2,111.1,99.3,126.3,174,151,145.2,115.6,154.6,158.7,107.6,121.7,95.2,71,20,159.6,156.2,127.7,128.7,133,116.9,122.6,89.9,144.6,128,130.4,141.2,138.8,100,123.6,92.5,104.5,117.2,103,129.5,137.1,115.1,126.3,98,125.4,126.5,164.9,135.8,110.2,148.4,48,132,106.3,111.8,86,119.5,61,102,116.4,123.5,137,92,131.1,19,60,88.1,79.7,33,44,32,61.3,8,61.7,127,14,141,221,91,54,173,182,111,225,150,177,120.7,121,91.2,41,103,76.6,103,81,135,109,103,166,187,225,170,73,142,87,99,73,96,85.3,116,83,119,119,214,109,125,80,31,58,128,102.7,133,144,125,79,141,133,207.5,161,73,150,136,150.6,120,149.8,145.7,148.5,163,143.4,97.5,27,141.4,48.8,110,15,25,44.7,39.6,63,27,39.8,6,14,27,73,27,15,80.2,80,59.4,73,67,14
2014-01-01,63.8,22,9,54.2,178,336,47,187,92.9,105.9,88.7,89,112.3,85.4,117.9,93.2,95.2,116.4,113.7,78,106.5,127.7,89.5,118.6,123.1,97.3,471,125.7,182,118.4,119.5,113.3,127.9,122.5,102.6,95,94,124.7,80.8,48,76,139.3,112.3,101.9,68.9,10,91,52,96,115.2,24,104.2,60,113.8,95.5,115.5,98,173,101.8,96.3,157,126.8,106.2,110.1,86.3,91.3,87,131.2,115.6,125,110,84.5,75,56.9,64.9,125.7,98.8,108.3,115.9,91.2,91.2,101,93.3,126.1,117.5,114.4,131.7,94,96.5,127,117.7,137,102.5,94.5,86.4,77.4,37.6,82,50.8,75.4,75.1,68.4,71.1,53.9,60.1,63,60.7,144.4,173.8,136.7,103.5,118.5,128.8,143.1,126.8,126.8,151.4,134,143.1,143.9,153.2,108.6,102.8,130.3,84.5,106.4,68.5,89.5,84,108.5,77.9,51.6,65.9,111.1,79.8,91.2,73,81.1,89.3,105.9,114,96.5,115.6,79.7,60.5,122.3,62.2,143.5,93.2,133.6,142.6,64.5,94.7,102.6,101.9,108.6,109.1,31.3,12.6,77.3,71.7,89.7,131.5,45,120.6,83,111.2,102.3,107.8,92,200.6,62.5,334,135,90,74,104,137.2,118,105,57,27.8,144,34,58.9,109.6,119.4,137.5,85,118,83,111,64,137.6,68.4,115.6,105,85,90,82.5,88.1,55.5,72.5,73,61.2,93.2,80.7,40,77,87.6,71.1,159,84.8,76.8,116,45,69.9,82.4,90.3,22,87.5,79.9,90.4,86.8,109.3,103.9,95,90.3,77,189,110.2,109.2,91.6,93.4,96,74,92.5,84.2,96.2,77,85.8,92.4,21,83,126.1,98.2,77.4,97.8,89.2,92.8,99.3,89.8,96.3,95.2,97.7,108.4,146.2,123.3,108.3,139.5,21,165,107.1,98.7,168,99.6,182,72,101.8,109.3,140.5,79,108.9,217,191,113.2,101.2,51,131,77,91.8,117,99.4,55.9,113,118,143,92,144,119,105,110,98,173,51,169.9,62,68.6,126,41,57.3,50,38,73,58,63,82,105,103,99,191,139,43,76,72,43,84.9,49,72,54,103,132,57,79,160,59,91,75,85.3,88,153,129,68,73,106,247,131,144,165,123.1,111.6,135.8,102.7,83.2,101.6,131.8,116.4,68.7,126,107.9,143.1,27,12,39.5,44.8,11,40.1,8,33.3,3,10,34.8,5,17,38.5,6,68,4,57,30,12.5
2014-02-01,162.2,174,213.1,144.5,182,89.5,175,208,207.9,140.4,226.3,194.8,271.1,176.6,170.4,158.7,235.9,173.3,211.2,45,178.6,191.9,175.1,211.6,205.9,192,110,204.6,95,181.7,163.4,186.4,245,201.3,169.1,163.4,194,259.9,131.8,115,292,205.4,215.3,222,144.7,20,167,207,22,210.2,56,192.1,140,233.2,174.8,237,106,202,255.5,170.3,225,203.4,254.7,190.4,192.1,163.3,89,140.7,144.5,131.5,305,273.2,100,177.7,146.9,273.3,150,213.5,258,193,257.1,210.7,166.1,184.6,175.3,221.4,241.1,237.3,287.8,257.5,207.9,243.6,223.1,209,125.1,130.6,128.3,169.4,109.9,102.8,137.6,132.5,127.7,108.2,121,132.4,109,293.8,262.8,303.7,242.4,319.2,227.2,275.6,258,258.3,314.9,296.8,190.6,231,295.5,233.2,189.6,179.6,161.9,178,206.3,137.7,180.3,150,153.2,133.2,135.1,176.2,204.2,141.5,173.5,160.1,151,166.4,214.1,207.5,161.3,143.5,144,267.1,197,269.7,247.8,280.7,299.6,142.4,251.1,205,243.4,135.7,202.3,68.1,79.5,164.1,148.7,166.5,443,258,161.3,137,177.8,96.9,171.4,137.6,206.6,266,165,171,181,206,279,182.5,210,220,184.9,219.9,160,213,269.5,199.3,201.5,168.2,173,160,167,273,85.9,176.8,155.2,173.2,181,142.9,109,148.5,154.6,93,162.4,179.5,136.3,199.7,172,131,173.7,190.2,203,245,161.2,186.7,165,192,200.6,169.4,170.5,185,206.2,175.5,155.9,197.3,248.8,103.2,163.4,198.5,123,150,239.7,212.7,193.3,180.4,180,163.8,197.5,192.6,209,220,170.9,181.6,84,134.3,118.9,98.4,161.7,149.4,183.8,175.1,189.1,162.6,178.3,116.4,167.3,185.2,193.7,192.1,201.4,213.7,185,251,168.4,201.8,62,210.9,184,87,159.4,173.1,170.9,83,153.3,318,227,148.9,142.9,87,199,67,135.4,160,141.5,240.1,87,110,161,129,218,134,195,109,281,173,355,166.3,202,154.8,153,163,170,198,150,88,77,112,89,167,202,211,153,144,135,84,176,178,297.3,119,108,175,143,98,169,137,68,152,97,219,229.9,105,236,194,179,641,433,966.5,445,490,426,169.2,179.7,183,156.4,152.8,194.2,195.8,177.7,147.6,268,203.3,190.1,153,83,40,116.5,53,124,87,110.5,95,119,91,165,72,58,89,106,59,129,0,93
2014-03-01,32.1,88,56,58.1,91,115.1,162,52.5,81.8,51.4,75.1,46.2,66.8,42.6,59.2,53.7,69.8,44.8,88.8,10,50.6,70.5,56.2,78.8,49.7,63,75.2,56.6,98,69.5,48.7,74.1,112.2,63.2,61.2,48.1,37,60.1,79.9,28,42,52.5,60.4,62.5,51.5,82,46,27,37,55.4,19,73.5,34,72.8,61,62.3,36,79,70.9,64.5,51,43.2,59.7,60.7,37.4,61.5,43,58.9,55.3,59,132,71.9,67,90,36.3,65.8,51,54.3,60.8,52,56.7,44,46.4,70.7,64.3,55.1,57.6,57,82.7,67.2,50.4,70.1,70.3,64.5,37.5,43.9,25.5,40.4,26.4,32.2,35.3,46.6,33.5,31.7,25.9,26.8,41.4,79.5,63.8,91.5,62,66.7,84.5,69.9,66.7,56.4,66.5,73,86.6,83.8,64.5,68.1,49.5,74.1,50.2,56.6,50.2,51.3,50.1,52,63.3,42.5,47.6,80.3,53.9,48.4,40.7,37.5,54.5,58.1,64,45.1,51.2,39,34.2,51.8,32.8,84.3,55.4,68.9,83.4,37.7,58.5,58,65.5,50.4,52.5,24.4,6.6,44.6,39.8,54.1,240.5,92,101.2,119,125,124.9,97.5,99,228.1,248,94,67,100,132.6,102,109.9,102,111,109.1,97.7,111,92.4,94,151.5,131.2,125.9,89,102,162,191,104.1,120.4,98.4,106.1,113,86.4,85,57,96.7,51.2,102,88.9,68.2,89.2,103.7,85,88.2,122.3,118,123,102.9,119.3,80,112.8,118.4,98.7,129.6,198,151.6,136.1,108.8,139.7,184.4,82.3,126.5,96.5,116,165,174.8,165,127.3,129.4,131,132.1,134.3,92.6,143.3,85,145.8,133,127.4,96.7,110.6,82.4,101.6,119.5,118.6,142.3,143.3,119.9,118.7,103.3,148.1,124.1,141.3,136.5,121.2,125.8,105,133,113.7,110.4,101,131.7,142,114,111.8,133.4,125.1,74,112.3,109,112,83.3,81.7,72,86,36,86.4,105,92.5,136.4,105,90,126,140,66,65,120,133,121,150,143,157.9,127,181.5,162,124,83,132,148,89,92,104,119,139,127,119,126,194,130,58,106,91,106.4,144,84,208,107,123,132,86,113,109,50,76,99.4,153,119,140,65,169,232,418.5,211,191,197,164.5,159.9,143.5,154.8,137,151.9,159.6,152.3,113.2,137,137.5,93.5,100,87,10,79.3,56,94,101,66.4,86,80,67,40,66,47,73,46,53,104,0,97
2014-04-01,16.4,25,50.1,42.1,86,33,258,57,78.6,44.4,87.2,50.7,73.8,41.4,70.1,58.6,73,45.8,85,55,56.1,75.4,62.2,81.4,48.4,71.3,62.1,54.7,70,84.9,71,84.6,103.4,68.3,68.4,50.6,51,79.9,75.8,31,33,56.3,67.5,66.7,64.7,52.6,42,39,11,78.1,69.5,63.1,34,68.9,59.2,69.5,92,25,79,63.3,24,42,61.6,71.2,44,69,66,46.9,82.6,99,32,84.4,68,47.3,25.3,69.3,50.5,63.4,68.2,54.2,59.3,44.1,54.4,69.5,58.2,67.5,58.7,62.6,87.5,70.8,56.2,69.6,70,60.4,39.7,44.6,24.8,35.5,27.7,31.2,31.9,37.7,34.2,33.8,24.9,26,36.7,79.4,81,90.5,67.4,77.1,77.1,65.6,75.6,62.7,75.7,74.6,75.9,75.7,67.7,67,56.4,73.9,53.9,53.9,53.5,45.7,47.4,49.8,61.5,40.9,47.2,66.2,55.2,57.2,43.3,40.9,54.5,65.5,74.2,46.8,49.9,30.9,36.2,50.2,38.1,85.7,54,85.3,85.2,36.3,53.9,60.6,71.3,49.4,49.2,25.2,7.9,46.2,41,62.4,132.5,145,127.4,132,126.8,116.4,130.7,142,122.7,178,38,102,117,80.3,199,141.2,80,168,94.2,66.4,95,90,98,124.5,115.4,130.6,132,92,50,66,119.3,145.8,153.3,112.2,107,145.3,137,100,135.8,57.2,108.3,100.2,66.5,99.8,104.4,101,96.2,120.8,118.3,110,103.3,109.6,160,116.2,120.6,63,112,189,114.9,101.2,90.5,118.7,135.4,80.6,102.7,76.8,118,103,140.7,128.5,100,100.1,179,104.6,86.5,64.4,115.1,50,118.5,112,118.9,90.9,148.1,64,78.8,79.1,104.9,88.7,119,91.9,105.2,94.1,131.9,84,120,108.8,107.7,108.3,60,197,125.8,94.3,165,136.3,100,154,97.1,111.4,142.9,39,112.8,173,220,114,117.9,184,121,108,107.9,135,137.9,152.6,139,77,171,132,148,107,150,94,59,95,197,95,92,248.4,72,186,86,239,222,90,56,112,58,66,72,78,135,100,100,150,90,77,97.3,288,135,173,67,135.3,69,77,72,88,79,195,81.9,95,75,152,89,141,100,201,120,107,147,117.5,118.2,110.2,97.3,100.4,118.7,130.3,112.8,79.7,195,119.2,196.8,248,148,96,145.7,27,222,217,138.4,202,224,177,203,282,179,151,134,93,224,2,232
2014-05-01,2.1,25,3.1,7,54,34.9,40,35.4,15.8,13.4,31.2,17.8,36.8,14.3,15.9,20.5,33.2,20,58.6,10.2,16,36.8,15.2,39,15.6,13.9,15.2,18.1,26,42.7,14.7,44.8,49.9,23.5,14.8,10.6,10,33.9,31,22,40,24.8,29.1,31.6,18.3,0,20,31,9,27.2,0,33.3,15,32.7,19.6,34.6,46,14,43,9,3,16.1,33.5,26.2,4.8,29,24,12.9,13.7,18,3,3.4,8,3.6,11.9,21.6,18.2,20.4,13.3,15.2,11.6,16.8,16.1,16.6,17.1,12.6,14.6,17.7,19.5,17.2,16.1,25.3,18.4,16.3,12.6,19.4,9.6,8.8,12.1,9.6,10.6,18.7,13,8.2,6.4,7.1,9.7,19.1,16.2,19.9,12.7,35.1,36.6,12.9,16.2,16.2,16.4,15.5,31,15.6,18,31.6,11,24.4,18.2,15.2,11,16,15.2,24.6,26.6,10.4,16.7,14.1,22.2,10.2,25.4,25.8,16.9,13.6,16.1,8.7,32.8,12,10.6,10.8,6.5,18.3,11.2,24.8,39.5,10.1,18.7,14.1,13.7,18.7,11.3,8.9,6.6,10.8,10.2,21.3,11,16,21.9,13,21.4,14.4,28.6,34.9,12.5,57,37.5,46,31,17.7,55,31.9,20,37,20.5,17.9,15,24,15.3,18.3,26.1,26.7,0,15,3,14,16,25.9,56.3,22.9,21,32.8,24,16,38.2,10.7,30.5,31.2,21.5,22.3,20,25,24.6,25.2,30.2,49,12.3,31.7,26,27.8,41.7,9.2,17,55,26.2,24.1,16.6,15.3,28.1,18.3,18.2,14,28,28,29.4,22.9,23,19.7,33,30.1,12.5,12.8,17,17,22.8,17.6,22.6,24.4,22.9,29.4,11.5,12,20.8,15.3,19,14.3,18.8,33.7,29.3,17.2,23.1,18.3,18.1,24.1,12,22,26.4,16.5,12,24.7,6,11,21.6,17.4,25.9,10,24.5,33,53,27.5,29.3,17,61,17,29.4,36,36,26,43,12,14,13,36,15,17,19,66,9,36,12,22,36,4,30,29.1,32,38,18,24,29,15,8,16,12,21,16,16,18,25,14,20.8,50,55,15,51,13,3,11,7,6,25,17,20.3,23,18,46,18,7,5,11,17,18,13,19.4,19.3,21.5,18,16.9,22.5,23.9,18.6,14.1,59,22.1,58.1,49,44,55,45.3,29,47,97,43.7,28,63,32,56,75,44,39,51,31,33.5,0,41
2014-06-01,0.3,4,5,1.3,1,9.2,0,4.7,12.8,5.8,8.4,7.7,22,4.7,16,10.8,17,9.9,15,0,22.2,21.6,15.9,7.7,10.3,11.9,5.4,6.9,10,19.6,14,16.2,6.3,24.7,13.1,9.7,5,6.4,12.5,2,3,13.2,18.7,16.1,5.3,0,1,4,1,20.1,0,10.6,2,17.6,1.2,20.2,0,11,16.3,6.5,7,17.4,18.7,16,0.8,14.8,1,7.8,3.5,5,1,3.7,28,32,21.7,21,19.5,16.9,16.2,16.9,10.5,19,30.9,11.1,9.2,11.1,10.6,12.7,15.5,17.8,21.8,23.9,21,12.9,10.3,21.4,6,18.4,18.1,11.5,8.8,28.4,12.9,13.6,8,9.9,13.8,19.3,18.4,19.8,12.1,26.7,42.5,12.5,17.7,14.6,13,13.5,18.8,17.6,19.3,32.1,8,27.5,17,14.2,6.5,15.3,20.8,10.6,25.9,4.4,22.2,16.9,43.2,9,22.6,17.6,17.3,17.6,21.3,6.6,33.2,16.1,13.3,11.2,5.3,17,11.7,29.3,40.8,16.3,13.6,20.9,15.2,18.8,11.3,15.9,11.3,12.6,15.3,21.7,19,5,4.9,7,7.7,7.3,4,3.9,0,0,163.5,2,0,7.5,3,11.2,0,8,9.5,19.3,1,2.9,0.3,5.2,8.6,8.9,0,3,8,8,8.1,9.4,4.5,1.8,6.2,4.6,0,0,6.4,16,11.2,9.9,16.3,14.4,7.1,2,13.2,6.9,15.1,9,8.5,10.6,11,9,9.1,15.2,7,1,10.6,9.2,12.1,13.9,12.5,25.8,16.2,12.7,3,0,19.1,14.6,10.3,13.1,7,5.5,12.7,10.3,8.9,2,10.4,15.2,3.2,7.4,0,34.5,14.3,4.9,8.5,15.9,13,8,10,58.7,15.1,10.8,21.9,11.2,8.2,20.1,2,5,9.8,9.3,0,3.6,3,9,6.8,8.8,13.6,8,15.9,5,6,7.9,7.2,6,1,3,8,3,8.3,2.6,1,0,0,5,9,2,0,0,11,3,4,1,0,0,6,9,6.2,8,4,4,4,4,6,5,11,9,4,3,5,3,3,5,8.3,5,6,7,6,3,13,7,11,8,4,8,8.3,1,1,18,10,20,30,46.5,0,10,23,3.2,6.6,4.6,4.4,6,12.2,5.3,5.1,2.6,8,8.4,3.9,7,5,4,6.1,1,6.8,3,5.3,4.6,4.4,5.4,1,7,3.7,6.6,1,2,2,0,5
2014-07-01,4,0,6,0.6,6,1,0,5.9,13,7.6,10.7,5.8,20,3,16.4,10.3,23.8,8.9,20.5,0,29.9,22.6,14.4,5,8.8,10,1.9,6.6,0,19,11.7,20.2,11.1,23.7,10.4,12.2,0,11.9,8.7,0,0,17,24.5,16.8,6.5,0,0,0,0,20.9,0,14.6,0,21,6.2,17.3,0,0,16.1,6.3,0,18.2,20.8,13.4,1.9,11.9,0,6.3,0.6,1,1,0,6,7,24,22.5,17.2,19.5,14.2,14.7,12,19.1,21.6,8.2,10,11.5,7.8,14.5,15.4,17.4,16.5,23.5,19.2,12,9.4,19.9,7.5,16.9,14.5,9.9,5.7,25.5,15.7,10.9,2.6,6.7,11.5,10.8,16.6,17.1,8.3,20,43.6,10.1,13,10.2,16,12,18.1,13.8,18.4,27.9,8.7,25,14.7,12.3,9.2,11.8,21.3,12.2,24.3,6.6,18.8,15.5,34.4,8.8,23.4,26.3,16.9,12.8,19.8,6.8,33.1,13,11.3,11.1,6.6,15.9,14.7,26.7,41.4,13.8,12.3,18.7,14.1,17.8,14,14.1,13,9.2,9.2,21.5,0,10,6.5,4,6.5,3,7.7,10.5,3,12,137,4,5,9.9,0,11.1,0,2,9.5,15.4,0.5,6.2,4,8,9,9.7,0,0,0,4,3,8.6,19.1,2.3,23.6,9,0,6,10.5,15.2,11.6,9.8,15.4,11.8,7.6,10,13.2,6.8,13.5,12,7.9,8.3,1,10,10.2,14.9,10.1,11,12.6,11.2,13.2,14.2,15.8,27,14.2,13.2,28,19,21.2,13,12.9,13.7,10,7.3,10.4,9.2,9.5,3,11.6,12.5,3.4,7.9,15,36.5,13.2,6.8,6.6,15.4,15.3,6.2,9.9,42.2,17.4,11.5,19.6,9.8,8.5,20.6,0,10,10.1,11,0,5.7,4,6,8.3,10.6,14.9,5,13.7,6,6,10.7,11,3,10.4,3,15.1,12,13.8,2.4,13.8,6,0,3,10,1,3,5,10,0,6,12,5,12.5,5,13,7.7,10,3,14,5,6,7,4,2,3,6,3,8,15,2,4,9.5,8,8,4,6,0,0,2,0,0,2,7,5,1,4,8,9,0,0,0,25,0,0,5,9.6,4.4,5.9,6.1,14.4,8.2,4.8,4,2,11.5,13.6,31,4,15,21.3,20.9,19,13,25.4,15,17,19,30,51,28,41,26,20,92,30,23
2014-08-01,0,0,0,4,0,0,0,30.8,23.6,14.9,18.2,15.9,35.5,13.8,28.1,20.3,36.7,19.8,39.8,20,35.9,48,20.6,15.2,21.7,17.5,9.8,15.9,0,28.9,26.1,23.4,14.9,33.9,20,19.4,0,17.8,23.4,0,14.5,25.4,35.7,28.7,10.7,37,0,0,0,39.2,100,33.2,0,25.4,11.8,30.9,0,0,21.8,14,0,26.3,29.5,39.4,10.1,32.8,0,16.4,0,0,4,6.2,9,0,23.8,32.4,23.8,24.4,21.5,25.3,24.5,29.9,32.5,11.2,34.7,20.7,30.3,16.4,30.5,28.7,29.9,39.9,41.4,23.9,12.6,30,10.3,26,18.6,16,12.7,31.6,19.3,14.9,10.8,11,13.7,30.9,21.1,58.1,19.5,51.9,66,28.6,30.8,28,31.9,25.8,20.1,36,47.4,49.6,17,29.1,26.5,21.5,16.4,29.6,26.8,24.7,28.9,9.4,30,25.1,61.6,14.8,23.8,26.4,18.9,25.1,32.8,14.1,32.6,26.1,18.4,26.9,15.9,34,29.1,44.3,53.9,18.1,26,28.7,25.8,24.8,16.8,17.3,15.5,17.7,15.5,28.6,0,11,5.9,0,6.5,0,3.4,9.5,0,0,199.5,0,0,0,0,8.4,0,1,0,11,0,0,0,6.5,11,8.7,0,0,0,0,0,9.4,13.8,2.2,0,9.3,0,0,7.2,19.3,11.8,15.2,17.7,18.2,8.1,1,18.5,9.4,19.1,0,8.3,8.4,0,0,9.7,17.1,9.6,1,12.9,13.7,14.3,14.8,14.6,26.4,18.1,16.2,1,11.2,30.1,16.6,22.5,12.2,1,8.9,19,9.1,8.5,0,15.1,20.2,0,9.8,0,41.6,15.5,8.2,1,17.3,15.5,9.4,10.4,53,21.2,12.2,37.9,13.1,13,28.3,1,1,9.8,12.7,0,4.7,0,1,12.8,14.7,12.2,0,17.7,1,0,8.8,7.8,0,1,0,14.1,1,10.8,0,1,0,0,0,0,0,0,0,0,0,0,0,0,0,0,1,0,0,1,1,1,1,1,0,1,1,1,0,1,1,0,0,0,1,0,0,1,0,0,1,0,1,0,1,1,0,11,1,1,0,24,24,70,0,0,3.1,7.3,3.8,4.6,4.6,14,6.2,3.5,3.8,0,16.6,1,23,13.7,9.8,13.8,11.3,18.9,12.4,9.1,9.2,8.1,15.8,19.4,15.9,11.4,15.5,24.8,18.7,18,2,15.7
2014-09-01,1.1,3,0,12.1,24,0.3,0,0,10.5,12.3,23.4,16.1,26.7,12.7,12.1,11.4,24.8,14.1,37.2,12,9.3,24.7,10.9,28.7,8.4,10.5,4.9,13.5,3,41.8,10.6,38.2,45.2,19.8,14.8,13.2,0,28.6,25.5,0,32.6,17.6,26.9,25.8,28.3,0,0,5,7,22.4,0,29.4,0,30.5,11.9,24.9,13,0,31.6,9.8,0,11.4,23.4,17.4,1.9,18.4,0,12,55.4,59.5,48.1,37.8,4.2,4.5,16,19,15.3,21.9,13.4,19.8,13.9,18.8,19.9,14.3,14,12.1,9.4,24.8,18,20.1,22.1,22,19.3,15.1,16.6,23.5,13.8,11.8,14.5,14.8,11.5,18.1,13.2,15.2,5.3,6.2,10.2,13.8,19.5,15.8,10.5,29,42.9,14.1,16,12.5,12.5,14,24.6,14.3,16.2,37.9,12.4,28.5,18,18.2,9.3,10,16,25.2,39.2,11.7,18.4,18,26.1,11.8,28.4,32.4,19.7,16.1,21.4,12.1,30.7,9.8,12,13.6,9.1,16.9,14,25.5,42,12.6,12.7,17.6,13,13.9,17.7,10.4,7,10.4,11.2,23,63,58,59.2,30,48.9,62,63.5,50.6,31.7,48,83,67,50,37.9,48,72.4,67,46,36.2,24.2,49,49.7,30.9,50.2,48.6,64.7,36,49,44,53,75,57.3,62.7,47.4,24.6,50,15,34,44,12.1,43.6,31.6,22.4,34.8,30,34,32.9,30.1,36.5,14,27.6,40.8,60,29,44.4,27.6,34.4,27,48.2,44.2,32.7,32.2,49.5,23.7,30.6,26.9,30,39.5,65.4,47.2,43.5,29.2,45,30,35.4,26.2,48.7,18,40.1,33.2,20,33.6,27,25.6,28.1,36.8,40.3,33.6,42.6,33,40.5,74.2,54.4,39.1,57.7,49.7,39.3,45.4,17,54,39.1,40.4,18,42,51,35,37.5,43.1,69.1,30,49.9,64,50,45.6,51.5,33,89,22,45.7,37,54,26,41,32,13,58,49,82,22,22,59,31,60,42,22,49,31,30,28.4,60,30,24,17,20,17,46,30,68,26,38,30,14,20,26,22.7,22,75,43,63,46,47,60,63,77,82,29,44,32,28,61,39,60,65,129,70,58,78,48.3,43.3,33.4,34.9,28.9,36.9,45.8,44.1,28.6,73,35.9,85,54,133,141,10,82,45,105,9,53,90,64,107,92,60.2,5,83,99,98,37,48.5
2014-10-01,6.2,23,21,13.2,149,44.6,31,45,22.1,23.9,51.2,28.7,36.9,25.1,24.9,22.1,36.9,24,53.6,27.5,23.6,43.5,21.9,50.3,27,20.9,22.6,21.8,27,64.5,22.8,59.1,64.3,34.2,21.4,27,20,43.8,53.2,23,50.6,28,37.4,29.5,40.8,0,35,4,24,42.3,25,41.8,100,49.4,23.5,37.2,10,18,38.3,22.4,25,22,34.2,47.6,12,28.8,53,17.2,52.6,42.4,56,65.1,10.9,19,17.9,35.9,20.4,24.7,19.3,32.8,25.6,26.8,28.1,15.6,32.3,23.5,25.7,18.3,29.3,35.2,28.4,33,31.6,28.2,20.7,35.3,13.8,19.9,14.4,18.7,14,23.7,20.2,20.9,9.5,8.7,10.6,26,23.4,35.8,20.7,37,53.4,35.1,29.5,29.1,25.9,27.5,28.9,34.9,21.4,52.9,21.6,40.2,28.7,28.1,19.3,21.7,25.5,32.2,45.9,16.6,24.6,32.7,35.4,16.4,26,29.5,29,25.5,34.6,22.4,35.3,15.1,15.8,22.2,12.4,30.8,19.5,41.5,41.6,15,25,29.6,20.4,23.4,29,14.1,4.3,15.5,18.3,25.6,50,95,74.5,94,87.2,108,92.5,70.8,66.6,149,127,64,92,76,109,87.2,79,125,52.8,63.9,63,127,116,84.9,83.1,103.5,32,68,55,55,77.9,95.4,79.8,76.9,102.9,74.9,56,60,67.8,22.1,49.7,49.7,33,42.2,42.3,14,40.6,43,43,38,29.9,54.4,38,34,51.9,34,46.6,73,55.2,59.4,36.6,47,71.8,39.4,51.9,34.3,60,66,84,68.1,59.9,48.1,25,55.8,49.4,45.1,72.9,68,58.2,64,33,76.4,39.4,45.8,33.9,43.4,55.3,48.1,64.8,65.8,60.9,103.3,83.3,51.7,84,87.5,49.5,94.4,34,71,77.5,60.2,102,83,84,61,73.6,73,105.6,56,64.5,95,78,71,70.9,61,69,26,61.9,80,72.6,43.6,68,66,25,125,66,60,87,95,80,77,51,73.3,50,28,60,47,25,38,10,82,61,104,43,88,90,68,103,61,28,89,66,46,30,24,27,42,78,87,52,64,77,31,44,87,54,92,68,91,79,55,88,137,6.5,85,30,57.8,54.1,56.9,50.4,45.3,57,54.7,53.6,41.9,91,83.6,96.4,116,105,51.4,45.7,3,8,83,50.5,18,7,36,102,32,59.1,68,67.4,116.5,125,172,75
2014-11-01,45.4,32,40,41.7,175,144,93,75,61.5,45.3,79.9,46.7,78.2,46.9,55,54,75.7,46.1,93,31,52.6,60.9,49.9,98.1,46.8,59.3,180,51.6,94,81,50,87.1,110,58.7,60.8,47.3,0,65.8,78.5,40,83.7,56.5,63.8,67.5,57.5,15,50,62,46,71.7,60,69.2,33,90.6,43.8,74.4,90,75,83.7,53.1,10,47.2,64.5,68.7,29.9,71.6,74,55.6,69,64.3,105,59.2,26,32.9,32.8,63.8,44.1,58.2,59,47.2,47.9,44.9,44.1,55.3,67.1,54,64.5,52,72.1,66,52.2,63.5,64.6,60.2,34.5,41.5,26.7,30.8,25.7,27.1,29.2,36.7,37.4,27.6,20.5,26.8,32.4,77.2,60.3,86.4,55.3,53,81.1,76.6,63,59.6,55.1,63.1,68.5,76.2,55.6,63.3,47.5,72.3,45.3,58.8,45,47.2,35.6,41.2,52,34.7,46.6,62.4,56.8,39.4,41.1,37.7,43.7,55.6,66.3,45.6,40.8,37.3,29,36.9,25.7,70.5,50.9,63.6,76.9,29.3,48.8,55.5,56.9,47,49.7,27.4,5.9,36.1,34.2,55.1,107.6,119,107.4,57,106.8,105.6,104.4,73.2,72.6,168,198,136,82,138.5,98,116.2,121,96,144.5,59.3,78,105.6,101,116.3,118.2,117.6,160,130,77,122,126.3,117.8,66.9,100.6,129.2,78.9,71,68.5,76.4,42.6,92.9,88.3,68.4,101.8,98.2,174,84.6,99.8,93,125,84.1,107.4,156,73,108.9,56.9,86.5,84,110.3,97.6,77,91.4,123.8,88.2,87,62,89,94,105.5,105.1,78.2,82.1,91,82.1,77.5,68.2,84.4,81,88.9,95.9,80,79.7,98.9,67.9,66.4,72.6,90.7,82.6,87.6,77.9,89.4,76.7,111.8,67.2,108.1,105.8,79.5,93.5,44,110,86.3,84.2,64,105.3,62,155,94.1,99.1,130.8,59,96.7,91,131,95.8,86.2,67,73,42,68.2,106,67.9,90.7,28,50,85,116,128,102,114,53,88,62,111,58.6,70,130.5,106,78,65.3,89,111,78,99,113,75,53,91,75,97,89,143,83,86,70,63.9,127,135,118,92,140,79,152,76,103,43,80,54,120,69,108,78,117,92,175,98.5,88,80,110.2,91.9,86.2,91,74.1,96,105.3,89.5,64.8,129,94.9,85,87,24,6,2,31.6,10,26,33.7,36.3,6,23,39,36,38.5,25,11,54,26,142,13
2014-12-01,117.6,65,35.4,46.9,268,98.1,91,11,67.3,40.9,79.3,42.1,103.9,38.5,59.1,55.9,77.1,44.5,111.2,55,49.4,74.2,51.1,114.4,47.8,55.6,44,49,63,96,55.7,99.2,115,61,61.7,57.1,106,72.8,75.7,9,31,58.1,62,66.3,59.6,80,37,57,32,69.7,90,63.1,3,97.6,61.5,82.5,7,60,91.6,61.4,27,48.6,66.2,74.1,32.7,74,51,46.3,80.4,51.5,80,145,39.1,83.9,40.6,72.1,53.5,59.6,64.2,58.8,60.3,47.5,54,67.4,68.2,57.4,62.3,57.7,77,68.8,57.6,66.4,73.1,58.2,40.6,42.4,30.8,38.9,36.6,32.4,33.1,44.3,38.1,31.3,27.3,27.2,38.1,81.5,67.6,90.3,62.3,69.6,85.3,80.1,73.7,63.7,66.3,71,71.4,80.8,66.8,72.3,52.2,73.1,52.7,60.5,53.9,43,42.1,48.6,50.1,36.1,47,68.6,57.6,41.4,47.7,33.9,49.3,65.4,79.2,43.9,47.8,39.3,35.7,48.2,28.7,80.6,56.1,78.3,84.5,35.9,57.6,56.2,68.2,54.2,46.9,23.7,6.4,43,38.5,53.3,173.5,84,101.4,64,116.1,71.4,110.4,88.6,87.8,153,158,52,115,109.5,118,120.5,136,79,104.7,164.8,109,108.3,76.9,118.1,118,120,117,82,130,93,89.4,128.5,82.1,111.5,175.8,94.2,95,164.4,96.8,46.8,81.7,72.9,65.5,87.1,95.3,107,77.5,98.8,89.1,28,87.4,93,59,41,88.8,68.9,84.4,148,100.6,82.1,89.8,99.8,128.2,95,93.7,81.9,83,111,118.5,113.3,99.2,102.6,86,82.6,113.2,73.3,105.6,97,98,104.9,69,78.8,108.2,70.5,86.5,97.1,100.8,113.2,120.6,92.6,116.5,83.5,102.3,116.4,138.4,131.7,101,108.1,81,131,100.9,103,65,105.3,136,82,110,115.3,127.9,70,106.7,152,81,94.2,85.9,62,48,62,85,105,86.5,47.7,71,63,51,67,158,53,106,96,72,121,82,63.1,69,92,93,112,71.9,126,76,79,66,87,72,71,69,95,156,99,69,140,94,77,86.3,104,103,90,93,117,108,143,67,124,68,126,57,90,89,80,100,261,208,373,197.5,215,183,135.4,123.5,115.6,115.5,89.9,108.8,145.7,119.4,72.5,178,114.7,127.6,105,36,3,39.8,28.5,6,45,40.8,9,16,95,63,26,44.9,13,11,39,10,7,25
2015-01-01,103.6,71,76.4,73.8,303,70.5,41,0,113.1,108.7,164,93.9,140.2,81.9,148.3,99,101.9,99.7,175.7,65,95.2,136.6,116.6,160.3,121,97.3,70,108.5,44,129.6,131.3,126.2,218.1,107.8,111.5,110.4,119.5,122.3,99,83.4,138.5,125.9,162.2,122,90.9,152,12,98,107.7,105.2,26,103.3,45,140,99.7,123,0,25,132.4,106.5,20,114.4,107.7,115.8,131.1,106.3,114,106.4,185.2,105.8,189,143.2,68.2,187,96.8,144.9,94.7,141.1,158,113.7,136.8,123,129.3,137.1,146.9,132.7,153.8,98.6,133.7,158.1,156.9,156.7,130,150.1,98.4,86.3,52,107.6,73.3,95.8,87.9,71,86.5,72.6,64.7,68.2,86.2,172.2,182.7,170.5,146.8,148.6,142,171.6,154.1,158.1,149.5,144.2,150.3,176.5,193.9,148.6,125.9,153.5,104,126.8,92.3,102.1,125,112,101.9,66.4,111.6,122.1,93.4,126,114.2,75,108.2,141.7,158.2,118.6,143.1,103.1,67.9,163.2,95,168.3,134.8,196.7,214.9,88.1,128.1,99.2,141.4,118.8,127.7,36.2,14.3,93.6,84.1,141.7,211.5,257,104.7,168,144.6,87.6,116.8,119.6,313,217.5,178,35,67,125.8,54,111.7,78,51,172.4,88.9,102,113.6,176.2,172.5,149.8,158.3,112,59,131,115,104.3,129.6,94.3,110.5,227,121.2,107,105,125.3,56,141.7,139.2,85.7,152.2,165.7,64,131.8,173.7,161.8,187,140.3,148.9,77,137.8,145.3,134.8,161.6,170,187.9,164.8,142.3,191.7,198.8,88.2,146.7,133.3,118,109,218.3,169.7,160.4,157.4,142,152.1,166,131,170.1,207,180.6,162.6,170,130.6,232.3,92,117.6,130.1,124.3,135.2,150.8,143.4,142.6,98.2,165.9,134.5,177.9,156.8,146.1,172.2,42,222,166.7,123.1,152,157.4,211,162,120.3,131.7,134,164,121.1,162,71,98.5,96.8,63,165,99,99,185,121.3,159.4,144,170,172,73,167,115,163,155,154,137.6,209,230.1,140,163.5,111,143,99.2,147,82,160,168,204,167,122,110,141,128,120,226,340,156,152,253,256,121,181,54,92,137,74,57,81,96,146,200,168,100,206,151,175,258,500,255,219,206,169.9,177.7,166.8,155.2,135.8,156.6,165.5,159.6,139.1,102,160,194,104,76,42,46,60,33,71,76.4,54,66,76,22.5,19,58.8,20,71.3,18,2,43,71
2015-02-01,81.7,156,51,157.3,244,112.6,247,160,258.9,157.1,214.9,216.9,268.3,193.7,182.4,152.4,234.6,178.6,220.4,57,178.2,184.2,175,225.7,209.9,181.7,89,194.5,160,204.5,149.3,199.1,235.5,208.4,173.2,177.4,227.3,292.1,149.5,123.2,252.4,216.1,201.9,239.9,143,90,20,80,15,199.3,52,177.6,39,238.9,185.8,235.4,66,173,267.6,182.9,70,201.5,245,195.9,199.6,158.4,108,175.3,305.1,288,110,367.8,123.8,144,153.6,283.1,162.1,205.8,244.9,199.9,261.9,202,179.4,198.8,201.5,215.9,242.1,237.1,292,262.3,221.8,240.8,231.3,204.7,127.3,153.6,138.1,171.4,101.3,106.5,139,135.7,133,110.1,125,143,107,287.3,284.5,311.6,237.4,328.7,220.1,276.6,265.7,239,317.2,290.6,203.9,217.6,300.4,241.1,186.9,177.5,155.7,184.3,216.5,141.5,190.7,157.4,157.8,122.2,131.5,176.5,211.9,145.1,179.7,173.1,165.4,179.6,241.5,232.2,159.2,139.6,152.6,265.1,204.7,272.9,265.2,302.9,309.3,149.4,266.9,212.7,257.2,122.6,217.2,64.4,94.2,168.6,155.4,174,287,382,191.6,263,207.7,257.9,219.4,175.9,183.8,173.5,36,305,249,208.2,134,193.8,346,188,126.8,146.5,356,385.4,417,253,226.2,215.8,403,294,173,217,271.4,192.5,112.5,214.8,209,179.6,193,207.5,168.6,106.5,160,182.8,144.9,204.6,186.1,159,162.5,214.1,199.2,274,178.8,203.4,156,218.2,205.1,180.4,182.2,143,250.2,215,165.7,211.1,273,104.3,164.6,201.1,425,380,276.8,234.3,211.8,196.8,308,184.6,212.7,223.3,227.8,398,202.3,233,468,153.3,307.1,120.4,171.6,209.4,214.4,183.4,228.1,220,210.2,124.1,172.7,191.2,213.6,212.6,217.2,266.9,160,225,190.5,217.2,187,247.7,200,274,190,217.1,186.3,291,178.5,240,161,174.6,152.3,169,190,231,166.2,131,148.9,377.6,26,279,168,280,219,317,217,179,197,302,346,381.6,412,419,199,245,121.3,265,184,195,238,376,317,210,229,208,130,153,306,187,293,241,585,202,164,194,223,261,170,290,205,246,195,323,298,280,239,397,257,509,334,610,291.5,300,285,185.1,181.7,187.7,167.3,156.6,192.4,209.8,187,142.1,208,263.4,99.3,32,193,55,62,100,92,126,99.6,86,110,62,43,130,96.6,52,88.3,62,55,132,68
2015-03-01,120.1,59,40,59.4,83,205,139,85.3,103.7,106.4,80.1,83.2,88.3,62.7,91.5,94.1,75.6,99.4,97.1,70,86.9,114.2,88.2,96.8,89.3,94.6,137,106.8,170,77.3,73.8,97.7,129.1,96.9,82.8,78.9,79.5,79.9,82.9,65.4,86.2,121.3,105.5,86.9,60.8,18,82,21,92,92.4,0,78.3,57.5,80.3,82.4,81,65.3,19,86.5,88.9,7,110.3,100.5,85,88.7,80.1,10,103.1,101.5,113,40,51.3,48.4,49.5,49.1,105.9,81.3,106.7,105.7,66.2,87.4,80,78.5,91.3,108,92.6,89.4,102.5,98.6,115.2,92.3,119.3,84.7,81.3,47.9,60.3,38.2,60.3,45.2,52.7,54.1,55.1,51.1,44.5,47.4,45.7,51.5,110.1,121.7,106.9,99.6,125.1,93.2,111.5,109.1,99.5,100.6,112.4,105.3,129.5,116,109.7,102.1,97.1,80.6,89.4,73.9,72.4,85.9,71.6,83.7,48.8,60.4,107.7,71,78.8,69.5,77.9,78.2,79.8,96.3,83.6,83.1,57.1,44.4,94.5,58.7,108.1,74.8,107.5,114.1,50.6,79.5,80.3,104.4,98,81.5,29.3,7.8,67,58,74.5,140,127,133,160,153.5,84.6,122,103.1,165.8,264,259,106,140,147.6,142,120.7,103,144,172.9,66.2,39,69.3,84,169.5,139.1,151.8,72,68,77,205,123.3,141,68.3,126.7,156,82.9,56,38.5,80.5,53.7,108.1,105.8,72.5,111.5,111.7,77,107.3,127.5,119.5,152,118.5,129,79,115,126,115.9,134.1,208,179.1,138.6,121.7,175.9,178.2,91.3,131.8,112.3,190,116,180,160.2,144.2,151.5,109,148.9,135.9,94.2,183.2,142,145.8,160,101,116,191.6,83.5,99.1,130.9,129.4,130.2,149,144.8,140.5,106.5,151.1,123.4,165.3,152.7,134.4,173,39,207,134.5,110.2,130,156.7,140,159,130.8,137.3,146.7,135,136.3,127,134,103.9,94.3,132,130,80,79.8,82,84.2,124,44,148,116,111,117,333,132,106,149,131,136,164.3,178,160.6,207,101,91.5,116,190,149,122,203,130,194,192,202,166,132,118,176,120,96,114,220,97,331,74,100,135,84,175,67,54,152,137,168,245,258,154,167,140,309,82.5,166,106,168.6,169.7,148.6,155.5,140.9,152.3,161.3,159.3,119.8,168,169.2,103.7,58,33,7,41.6,7,34,27,19,18,41,40.5,53,41.6,41.8,39.3,13,37,9.5,67,31
2015-04-01,8,0,22,13,60,30.1,50,30.8,24.8,23.1,41.6,23,37.1,27.9,28.4,23,41.9,24.1,50.5,116,16.7,30.2,21.1,45.3,21.2,22.7,24,24.7,4,58.2,22.6,49.5,72.6,31.6,18.8,29.9,35.7,45.4,53.3,28.6,49.8,26,30.8,31.8,37.3,21.5,29.2,39.9,31,43.6,36.4,33.9,20.4,40.3,23.6,30.9,30,23.7,34,20.7,26.9,18.6,31.6,39.5,7.7,30.3,19.8,17.7,153.2,138,53,7.9,12.4,11.8,17.7,35.8,18.4,25.4,21.5,34.4,29.1,23.5,26.6,16.7,30,23,26,20.4,30.3,34.3,27.2,35.9,36.7,28.9,20.6,32.7,11.9,17.7,16,19,13.8,24.6,21.5,19.6,10.2,9.6,12.8,23.8,23.1,36.5,24.1,37.5,52.9,34.8,30.2,27.2,29.5,28.5,24.9,36.6,21.2,56,20.7,38.6,26.7,26.9,18.2,22.8,23.8,33.5,36.9,15.9,26.3,30.3,32.1,20.1,27.3,33.4,28.8,29.3,39,21.1,35.2,14.3,16.8,21.6,12.3,27.7,22.8,36.1,51.4,15.2,23.9,27,21.8,20.1,27.4,16.6,5.8,15.6,19.8,33.1,112.5,40,91.5,28,63.5,57.6,79.5,80.6,76.4,83,76,114,189,92,84,97.5,46,78,76,54,48,78.3,52.8,58.7,67,81,25,78,47,48,37.4,86.2,92.4,69.6,98.8,84.4,83,79.5,77.7,23.7,51.2,51.9,32.5,47.8,55.1,61,53.6,46.5,57.8,58,41.1,65.1,64,55.8,61.6,32,43.9,47,65.7,54.8,42.8,44.4,64.6,35.4,45.6,39.7,25,32,74.8,53.5,59,40.7,39,45.1,41.8,32.9,66.8,66,46.5,53.8,23,54.2,123,42.9,34.8,38.4,44.9,44.1,56.7,48.1,54.2,84.5,81.8,47.2,78.6,55.8,45,58.7,61,71,47.3,52,34,63.6,56,47,60.1,64.5,93.3,70,65,113,143,83.6,80.9,32,97,54,76.6,101,79.9,40.9,57,41,93,76,60,134,42,12,16,54,48,65,55,123.5,71,42,42.4,40,37,31,73,17,46,58,66,64,25,70,143,62,52,26,37,69,35,45,108,31,37,31,32,33,83,77,23,22,55,58,92,49,64,133,70,107,116,53.2,53.3,53.6,44.1,40.4,53.6,52.9,50.6,40.1,144,53.2,63.1,81,91,10,67.8,71,69,105,5,26,63.2,68,81,64,51,30,78,50,106,87,98
2015-05-01,0.2,0,0.5,1.4,8,17,26,11.5,18.4,10.4,11.7,9.6,23.7,5.8,16.9,14.4,25,13.2,27.6,20,24.5,24.9,16.3,19.5,10,14.2,13.7,10.9,12,22.8,19.4,22.8,17.5,23.9,12.6,12.4,11.1,19.6,20.3,13.9,14.9,17.7,24.4,19.9,12.5,0,6.8,12.1,10.6,26.4,0,21,6,22.8,8.4,23.1,0,5.5,22.4,8.4,9.6,20.1,22.3,19.4,2.5,14.2,0,10.6,9.2,8,23,0,4.3,7,22.2,24.1,16.6,16.5,15.5,16.6,9.8,20.9,23.9,11,10.3,14.3,11.6,12,19.5,18.6,16.7,26.8,21.2,15.4,9.8,18.1,10.9,13.2,16,10,6.9,23.1,13.3,12,4.3,8.1,14.2,17.2,20,17,9.6,24.4,49.8,14.6,13.6,12.8,18.5,14,19.8,15.9,20.7,32.7,10.9,22,17.9,10.8,7.3,10.5,25.4,15.5,25,7.3,18.9,14.5,33.9,6.4,23.1,24.2,15.7,14,21.2,7.8,33.3,14.8,13,11.8,5.7,17.1,13.4,28.2,45.9,11.8,14.7,15.7,11.6,16.6,11,16.9,12.1,8.3,11.4,21,7,10,11.1,0,8.8,2.9,13.8,11.4,1,1,79,1,27,0.2,9,19.5,0,21,1.2,10.9,0,13.7,16,9.8,10.2,9.8,0,0,10,0,2.1,16.7,28.5,7.9,8.3,17.6,7,0,20.1,12.9,17.2,16.8,15.1,16.4,7.9,17,16.8,9.3,20,0,7.9,15.3,52,15.5,13.2,14.4,12.1,9,13.1,12.4,12.8,12.7,15.8,26.6,15.5,14.4,1,0,19.7,18.6,14.2,15.8,3,11.8,11.8,8.6,9.2,23,12.8,10.7,0,11.8,0,27.8,10.8,8.6,6.5,17.2,19.1,6.6,13.3,40.7,17.8,11.6,20.4,13.1,12.1,14.4,3,0,14.4,12.1,0,10.9,3,6,11.7,8.5,16.7,0,18.6,38,23,14.8,14.5,4,9,2,16.1,15,21.8,13.3,51,3,6,3,26,1,0,0,5,3,27,0,0,2,3,5,12.6,14,6,5,4,5,4,4,1,7,4,8,2,8,8,6,12,53,13,10,12,0,0,2,12,3,0,2,2,0,7,10,8,0,0,2,20,27,4,7.3,7.9,6.3,10,8,13.9,11.4,8,3.7,31,12.3,37.1,18,7,1,16.2,15,3,7,20.8,12,18.6,11,17,17.2,18.5,12,21.5,4,15.5,28,22
2015-06-01,0,0,0,3.6,1,4.4,0,4.1,12.5,6.8,9.4,7.2,22.5,3.1,16.6,10.9,24.6,8.6,19.8,10,25,24.4,15,10,9.8,12.7,4,7.2,1,21.3,12.3,20,11.3,28.4,14.1,11.4,3.4,8.5,14.4,4.2,3.6,16.2,29.5,17,6.4,3.6,0,0,0,22.4,4.2,18.9,0,24,1.1,24,0,0,18.2,10.1,0,20.7,25.7,21.8,1.1,15.4,0,8,1.1,0,37,1.8,5.9,0,21.9,23.5,19.7,17.1,15,13.4,9.8,16.5,25.7,9.2,8.9,13.1,11.4,10,18.2,18.9,18.5,22.8,19.9,11.6,8.2,24.8,6.8,17.2,15.3,10.5,7,27.5,13.5,12.8,2.9,10.8,13.6,11.7,18.8,22.1,9.4,25.6,41.3,11.1,12.8,12.7,16.3,14.4,16.6,14.5,27.2,31.9,8.9,27.9,15.4,13.3,7.4,14.9,24.6,11.5,24.6,4.3,20.7,16.2,38.9,8.4,22.2,22.3,13.9,15.9,19,9.8,34.4,14.5,13.8,11,7.7,14.3,14.5,28.3,41.8,13.3,13.3,19.6,15.1,17.9,12.5,18,13,9.7,11.9,20.5,0,7.4,6.1,0,9.1,0,5.5,5.9,0,11,114.6,7,6,0.2,16,10.4,9,4,6,4.3,3,1.8,0.7,8.4,11.4,8,0,0,6,0,0,8.8,9.7,1.9,7.4,5.3,0,0,5.2,15.7,8.8,12.5,14.4,11.2,6.4,2,12.9,6.9,12.7,0,7.3,6.7,0,5,8.6,10.2,10.8,4,12.2,10.2,11.8,15.5,10.8,25,12.9,10.6,0,3,14.6,10.4,11.2,12.1,0,7.5,12.4,6.8,8.4,0,14.4,15.7,0,8.6,0,31.4,14.8,8.6,3.5,14.1,10,7.8,8.4,67.6,19.5,11.2,23.2,7.7,11,15.9,2,2,13.3,10.9,0,6.6,5,3,10.9,6.7,13.1,0,14.3,5,2,11.2,7.4,0,2,1,11,2,9.8,0,2,0,3,0,14,0,0,0,0,0,0,0,0,6.3,5,2,2.9,2,3,1,3,0,2,0,0,1,0,4,0,2,2,2,2,3,2,2,18,0,0,0,0,2,0,2,2,0,2,1,0,0,0,2,0,2,0,3.8,8.4,2.3,3.5,5,9.4,4.5,3.2,1.9,0,13.4,17.6,2,11.8,7.3,12.8,14.4,12.6,10,10.3,5.3,6.5,15.2,14.5,16.4,9.1,11.2,22,13.6,14.7,0,12
2015-07-01,12,0,8,0.9,0,0,36,0,7.5,9.8,10.4,5.5,13,2.3,14.9,11.2,14.3,8.3,18.7,5,18.3,17.4,11.1,5,5.9,10.1,1.5,5.8,0,17.3,13.6,15.1,7.2,13.2,11.3,9,7.7,6.2,14.4,5.6,11.3,9.6,13.5,11.7,7.7,3.1,0,0,0,13.8,4.2,8.3,0,16.2,1,16.6,0,0,14.1,5.6,0,12.2,15.8,8.2,2.8,13.2,0,6.5,6.1,6,2,0,3.7,9.2,21.1,24.3,17.2,18.3,12.1,13.4,9,15.9,20.7,10.2,10.6,12.7,10.3,14,13.1,15.5,14.2,20,16.2,10.4,9.5,21.3,10.9,14,14.2,7.7,9,20.3,13.6,8,3.9,5.3,10.4,10,14.6,14.1,8.1,16.6,43.1,13.7,10.5,10.7,12.7,10.7,19.5,10.9,18.4,32.5,7.7,18.7,11.6,9.6,8.7,10.8,14.5,18.4,23.7,5.2,13.5,11.2,25.9,6.3,21,23.9,14.4,9.6,18.6,8.9,32.4,11.3,11,12.9,6.1,15.6,11,23.8,26.4,11.7,9.6,14,9.4,16.2,10.3,16.4,9.5,6.7,10.5,21.1,18,16,18.3,4,17.4,18,22.9,13.1,4.6,5,30,9,22,47.6,64,25.3,15,11,45,16.9,14,13.3,12,16.6,15.4,24.8,33,10,0,11,5,20.8,17.5,18.7,27.8,14.1,0,2,14.2,9.6,12.8,12,16,14.5,7.5,6,12.2,11,12.7,0,6.6,9.4,5,10.9,11.5,11.5,11.4,15,13.3,11.2,12.8,15.2,14.7,23.9,11.6,13.9,24,10,19.7,16.7,9.8,15.1,7,13.9,10,14.2,16.7,12,11.5,13,16,18.5,0,33.2,12.8,10.6,10.9,13.8,23,12.6,17.5,35.4,24.8,15.6,18.1,16.8,11.1,17.9,3,30,25.4,17.1,11,19.3,4,23,14.4,14.5,25.6,22,23.9,23,49,21.2,17.2,2,21.5,0,20.5,15.4,15.4,18,18.4,12,5,12,19,8,5,2,2,6,7,38.6,8,14.2,6,14,11.2,9,13,23,24,2,13,9,7,8,6,10,14,13,8,8,13,16,10,5,8,7,7,15,17,4,12,24,28,32,43,75,38,7,8.5,17.5,0,0,0,11.9,11.7,10.3,10.6,9.2,14,13.3,10.6,6.3,92,17.1,23.6,3,15.8,14.6,15.9,14.3,19.6,16.8,19.7,17.6,12.4,17.9,4.5,16.2,16.8,15.1,21.1,16.1,5,0,14.6
2015-08-01,2,8,34,14.6,95,41,51,20,40.5,34.1,64.6,35.4,70.6,34,54.5,33.6,64,39.4,93.8,36.7,47.2,64.8,30.1,76.4,34.8,30.3,38.7,32.4,41,79.2,26.1,67.5,88.8,48,29.2,25.1,72.2,57.7,43.7,43.2,70.8,46.1,66.2,57.5,27.4,31,55,46,40,66.7,30,56.6,24.2,55.8,35.5,68.2,130,90,68.1,28.7,20,39.7,52.6,76.4,21,51.5,74,28.1,23.9,39,0,26.5,13,22.8,17.8,46.5,23.3,53.1,37,25,33,33.6,33.2,45.4,36.5,34.3,34.9,25.9,33.6,30.2,38.2,42.4,42.3,28.6,14.8,28.7,16.3,21.7,22.6,17,15.6,29.9,20.9,15.3,12.1,10.8,17.7,43.8,35.8,47.2,29.1,47.6,53.7,45.6,40.3,40.3,43,41.6,44.8,45.4,36.3,61.7,27.8,43.6,43.2,25.8,28.3,34,22.3,40.7,30.6,14.2,27.4,38.3,50.2,19.8,26.2,22.2,24.3,35.9,43,25.7,33.9,21.5,20.8,31.6,15,35.1,27.1,45.5,79.8,20.2,44.7,33.7,37.1,37.3,24.9,15,5.6,17.4,17.5,29.7,25,33,22.5,12,41,11,27.4,19.3,0,104.5,17,11,16,94.9,110,33.4,15,13,93.5,4.8,14,15,26.3,31.7,23.8,34.5,0,15,8,5,9,35.4,28.1,24.1,97.7,20.8,10,5,17.1,18,35.1,37,24.5,28.5,27.1,35,29.3,38,37.1,22,21.4,36.7,26,29.5,47.5,23.9,16.9,73,31.2,27.7,18.9,20,42.4,33.3,22.6,22.9,60,69,43.6,40.7,47.1,23.8,24,46.5,19.9,17.8,27.3,21,31,29,70,35.9,50,58.7,18.8,14.4,32.6,19.3,30.9,31.7,32.5,57.6,74.6,20.6,32.8,40.8,24.6,44.4,5,58,50.7,24.6,30,46.5,2,48,28.2,21.5,34.5,41,28.3,129,93,25.7,20.9,14,10,19,20.1,24,19.6,17,13,30,17,13,113,5,52,30,127,2,30,65.4,30,51.3,2,33,28.3,21,29,40,49,17,30,10,3,6,30,6,65,85,24,31,43,23,27,20,20,12,0,10,2,6,15,14,27,57,25,28,22,40,25,43,20,22,32,26.2,26.9,24.7,26.5,22.4,30.2,29.4,26.7,22.4,52,34.9,17,29,4,2,16,11.5,18.1,5,13.9,6,17.3,3,13.8,13.2,17.6,3,16.9,6,9,8,17.7
2015-09-01,0.8,6,3.5,3.3,3,1.1,0,0,6,8.3,9.5,4.6,10.6,3,9.2,6.8,9.7,6.1,11.9,5.6,3.6,10.8,8.6,5.2,3.3,7.3,4.9,5.1,2,11.4,10.5,14.9,11.5,10.9,6.9,6.7,6.4,14.1,18.4,4.5,5.8,5.7,8.3,9.7,9.2,3.2,3.7,13.8,8,7.8,4.5,8.2,10,13.3,4.2,13.4,0,0,8.4,4.4,6.1,8.3,10.6,7.8,1.8,7.7,10,3.2,50.5,63,0,42.1,4.4,3.4,11.9,20,16.1,21.1,12,14.6,9.3,12.9,17,15.4,10,7.4,10.6,16.4,12.3,15.2,14.5,18.1,12.6,7.5,7.9,17.1,9.9,10.3,9.9,7.7,8.1,18,8.9,8.4,3.2,5.1,10.6,9.8,15.8,16.7,10.2,18.4,32.1,10.2,11.2,10.9,11.8,10.7,22.4,11.6,15.8,22.4,7.8,18.9,13.8,8.8,7.3,8.4,12.7,23.6,22.4,5.9,8.9,10.6,19.1,8.1,24.7,27.1,12.7,10.1,14.5,6.6,31.1,7.2,9.3,7.8,4.6,14.3,10.3,22.3,25.6,10.2,9.5,11.7,7.3,11.1,8.8,15.3,7.4,6.9,6.5,18.4,23.5,22,38,32,22.8,53.3,29.5,33.6,9.8,34.5,173,29,40,29.4,23,48.4,58,10,22,9.8,36,8.2,18,18.4,32.6,35.5,64,79,8,14,27.6,33.7,34.4,29.4,6.9,36,35,57,35,10,12.7,9.5,14.4,11.9,10,5,10,9,8.8,4,5.7,8.8,1,10.8,9.1,11,13.5,35,11.1,13,10.9,15.2,16.1,17.9,14.7,10.3,15,2,24.9,17.6,8.7,10.4,8,16.5,10,15.4,19.2,5,12.3,14.8,5,16.6,17.6,19.1,14.2,12.3,15.2,19.3,21.5,11.7,14.2,44.1,19.6,16.4,21,22.2,14.2,20.2,5,26,17.3,22,31,16.2,5,23,19.3,22.8,40.4,33,38,50,47,29,25.8,34,20,48,43.5,68,36.6,13.4,27,40,0,52,29,47,54,29,26,8,15,5.9,4,18,20,8,8,27,7,14,14,14,25,5,6,15,6,5,6,5,33,10,27,2,10,12,29,18,3,54,8,24,25,4,13,33,53,17,16,18,31,53,15.5,28,8,16.8,14.8,13.6,12,11.2,16.5,18.5,13.1,6.1,50,17.6,27.3,40,20,16,33,30.5,7,51,34,15,39,19,50.5,46,41.6,32.7,40.5,77,38,70,12
2015-10-01,43,12,6,11.5,129,49,5,65,17.2,18.3,45.4,19.5,51.5,23.2,21.6,21.5,39.8,19.6,68.7,18.7,19,45.1,17.6,62.4,19.8,16.1,20.4,23.1,41,61.8,15,55.1,73.1,31,13.9,16.8,52.1,41.3,37.2,28.6,50,29.4,40,37.3,29.5,14.4,28,30.8,15,39.1,39.3,36.7,11.8,45.9,28.3,44.1,26,25.6,47.8,13.3,8,21,34.2,46.7,9.5,24.8,0,13.8,58.3,69,88,72.5,11.1,22.4,16.3,27.3,18.3,25.7,20.1,34.4,22.7,23.8,19.8,10.3,28.9,20.5,23.2,15.2,28.5,34.2,25.4,31.9,26.4,23.6,19.9,30.6,13.6,16.1,13.4,14.9,12.3,23,17.5,19.2,10.1,9.8,10.4,21.9,20.8,29,19.1,35.6,44.4,29.6,23.5,22.5,24.8,22.1,25.7,28.2,18.4,48.8,19.4,36.1,26.6,24,13.1,21.8,22.2,30.4,34.5,13.4,23.1,26.7,32.4,15.1,26.4,30.6,25.3,23.8,29.6,19.4,33.4,11.4,16.1,17.6,12.5,28,20.8,36.6,51.2,14.3,21.2,20.1,17.9,17.8,21.4,10.2,6.3,13.6,15.3,26.7,69.5,38,64.7,57,50.8,51.4,60.9,68.8,54.2,61,84,65,39,89,53,67.2,51,36,84,91.1,78,26.3,29.2,58.5,55.6,72.6,45,37,21,34,57,59.1,72.5,50,58.8,76.3,105,126,70.2,18.5,37.7,27.1,24.1,32.6,31.3,19,32.7,33.3,27.9,5,25.2,28.7,10,28.1,33.2,24.4,37.1,56,44.1,36.5,30.8,33.7,55.7,26.1,32.7,26.7,19,20,69.7,53.6,48.8,30.9,113,33,37.3,28.9,51.3,20,40.1,43,40,43.9,17.1,35.1,29,34,41.5,33.8,48.6,41,47.3,64.6,58.8,37.9,51.8,67.5,42.9,63.9,38,29,47.3,44.9,39,46.8,34,65,48.8,56.1,73,47,54.6,39,71,56.2,61.3,48,35,92,61.6,76,74.6,16.6,43,44,7,49,52,49,28,27,51,42,33,34.3,16,13.2,53,42,38,26,12,15,31,25,8,40,46,40,27,27,34,31,28,29,28,20,8,25,70,74,61,42,71,62,29,74,48,66,36,76,90,107,75,141,139.5,68,47,52.5,42.6,38.2,33.9,33.4,38.2,47.3,42.7,27.1,87,51.8,46.3,116,70,75,60.8,59.7,55,102,62.2,51,75,97,75,67,61.4,19,81.1,78,152,53,47
2015-11-01,68.3,36,110.9,74.6,102,84.4,99,12,91.7,56.2,74.1,45.8,86.7,42.7,72.1,58.8,74.7,63.3,95.7,71.4,43,88.6,72.3,89.6,52.2,72.4,68.6,54,33,81,55.6,78.7,110.4,68.8,65.6,63.6,88.9,76.1,75.9,53.5,76,62.8,83.8,76.5,64,76.7,55,108,71,77.4,70.4,89.8,34,78.8,81.3,83.2,61,24,82.5,75.8,63.4,54.4,70,76.2,61.1,66,10,59.1,156.9,169,80,177.3,45,62.8,35.7,72.5,67.9,75.1,66.3,60.9,81,63.3,70.5,87.5,70.2,72.5,72.1,75.7,93.6,81.5,64.6,79,79.6,75.5,45.6,54.8,40.9,49,29.3,40.5,46.8,53.4,40,39.1,36.2,38.8,47.2,92.4,91.6,99.1,80.8,76,89.2,82.6,80.5,69.6,78.9,88.3,95,95.2,84.1,75.9,70,70.8,54.6,60.6,70,52.7,67.2,61.3,67.8,45.3,56,99.3,68.3,59.9,53.4,54.1,59.9,72.2,88.2,56.4,61.4,49.2,50.4,77.9,47.4,87.2,60,87.5,97.7,46.8,75.1,61.8,94.1,87.4,57.7,28.1,7.6,54.8,47.4,59,200,153,186,141,162.4,164.4,159,186.4,144.2,162.5,130.5,150,182,185.7,136,190.9,176,135,166.3,95.5,177,93.2,104,166.2,157.3,208.7,114,218,161,133,203.9,174.6,152.8,186.3,137.3,198.2,164,261,175.5,65.1,79.1,84.1,72.3,82.9,91.4,70,81.4,105.3,94.5,63,105,99.2,19,91.4,98.8,96.5,118.7,139,149.8,114.3,100.2,127,156.1,92.4,119,99,144,56,169.2,165.1,130,137.1,66,104.4,145.9,92.5,170.9,74,141.2,158.4,149,115.5,175.6,77.7,117,163,138.6,150.3,167.7,136.2,165.5,102.4,141.9,147.7,175.1,207.8,159.3,187.8,72,131,134.8,139.3,80,141.5,147,89,155.1,162.2,190,117,179.9,274,139,170.8,154.9,159,123,177,157.8,203,165.3,148.9,201,129,111,186,201,229,116,109,97,145,117,153.4,51,174.2,122,78,72,131,110,98,92,146,98,119,160,185,99,89,119,139,78,99,95,118,146,104,155,154,204,251,174,192,176,185,189,83,223,145,168,306,185,371.5,222,244,282,191.7,176.1,168.1,151.4,141.7,153.9,171.4,168.4,106.7,230,156.9,146.3,110,206,118,110,77,51,152,124.7,148,40,119,95,74,85.9,36,20,74,77.5,96,38
2015-12-01,102,25,92.4,45.2,154,162,103,37,78.6,77.6,88.9,58.1,113.9,63.9,87.2,75,87.9,74.3,123.7,87.6,79.5,98.5,79.3,119.3,67.7,75.5,94,65.8,82,109,68,115.2,118.8,95.2,85.4,77.9,105,98.3,74.8,81.5,109.7,109.8,109.5,93.3,66.6,83.6,112,96,97.6,91.6,83.8,98.3,104,103.5,67.4,98.5,85,98,104.2,79.7,25,88.3,93.4,88.1,64.3,91.2,135,74.5,153.9,143,101,102.4,45.6,78.9,47.5,84.4,70.2,86.3,84.9,59.2,84.5,67.2,80.3,71.5,81.8,77.2,81.4,81.8,85.1,81.2,81.1,104.4,96.5,74.6,44.9,50.8,41.7,47.3,34.7,38.9,44,46.1,40.3,35.6,29.1,33.3,45.4,90.9,109.8,103.2,86,101.2,88.5,105.6,96.8,81.7,82.8,91.1,82.1,107.6,98.9,83.5,83.3,81.6,64.1,72.8,66.7,53.2,54.3,48,68.6,45.3,50.5,82,70.8,53.2,52.2,76.2,69.5,73.2,93.4,68.3,71.8,48.4,42.5,79.1,53.6,99.3,69.9,97,91.3,43,70.8,75,77.5,92.4,65.3,22,7,52,51.5,62,90,139,111.8,129,101.4,59.9,104.5,112,47.1,59,130,200,186,145,104,135.1,117,71,128.5,69.3,101,86.8,117.1,111.4,115.3,127.2,17,75,153,126,100.4,141.3,104.6,112,160.3,101.2,88,204.5,110.3,50.6,75.3,82,67.3,96.3,80.9,40,83.1,86.8,93.1,155,78.4,88.4,98,83.6,68.2,64.8,87.3,46,98.3,87.3,80.8,93.4,115.2,91.5,87.4,66.2,54,28,110.4,112.8,87.6,91,73,72.8,79.5,64.6,94.4,86,89.3,95,83,81.8,89.1,84.6,72.5,87.2,85.3,97.4,93.9,85.7,94.2,86,108.5,96.9,131.8,118,103.9,113.9,79,109,107.9,95.8,114,112.7,38,108,94.6,100.6,131.9,94,113.3,130,124,107.9,108.2,80,202,80,96,146,113.3,77.1,118,146,46,57,120,90,75,47,99.5,85,129,172.8,60,92.5,35,69,68,64,66,108,91,71,172,136,44,79,49,103,113,93,109,63,125,106,43,72,142,42,119,124,102,91,80,143,70,154,95,125,74,110,98,167,156,73,150,112.2,105.7,113.7,93.7,80.8,94.2,110.5,104.1,59.4,84,97.3,218,69,72,43,5,25,20,91,21.5,65,3,23,58.4,38,4,11,49,35,72,38,21
